Date,Precipitation,TMax,TMin
19540101,5,-30,-84
19540102,0,-68,-180
19540103,0,-78,-162
19540104,0,-64,-168
19540105,0,-72,-204
19540106,0,-22,-128
19540107,0,-15,-150
19540108,0,-20,-104
19540109,0,-38,-151
19540110,0,-29,-146
19540111,0,-19,-187
19540112,0,-6,-90
19540113,0,-31,-157
19540114,0,-2,-130
19540115,0,-6,-95
19540116,0,11,-150
19540117,0,16,-145
19540118,0,-15,-141
19540119,0,14,-165
19540120,0,-38,-114
19540121,0,-54,-176
19540122,0,-94,-191
19540123,0,-109,-202
19540124,0,-93,-186
19540125,0,-73,-225
19540126,0,-51,-210
19540127,0,-48,-204
19540128,0,-49,-204
19540129,0,-32,-194
19540130,0,-30,-174
19540131,0,10,-178
19540201,0,-3,-156
19540202,0,-24,-148
19540203,0,-32,-176
19540204,0,-56,-180
19540205,0,-52,-216
19540206,0,-33,-202
19540207,0,0,-186
19540208,0,45,-152
19540209,0,68,-125
19540210,0,80,-108
19540211,0,44,-110
19540212,0,10,-122
19540213,0,40,-136
19540214,0,51,-86
19540215,0,52,-70
19540216,0,-7,-104
19540217,0,-64,-182
19540218,0,-34,-196
19540219,0,0,-190
19540220,0,9,-153
19540221,0,12,-169
19540222,0,58,-122
19540223,0,100,-80
19540224,0,39,-34
19540225,0,24,-60
19540226,36,-2,-45
19540227,0,-4,-120
19540228,0,41,-68
19540301,0,48,-76
19540302,0,14,-100
19540303,0,-78,-154
19540304,0,-30,-160
19540305,0,-66,-138
19540306,0,-25,-194
19540307,0,23,-124
19540308,0,32,-122
19540309,0,52,-120
19540310,0,24,-74
19540311,0,-54,-148
19540312,0,6,-168
19540313,0,63,-145
19540314,0,4,-84
19540315,0,68,-139
19540316,0,95,-107
19540317,0,132,-72
19540318,0,86,-71
19540319,0,15,-113
19540320,0,40,-120
19540321,0,76,-102
19540322,0,118,-74
19540323,0,148,-14
19540324,0,170,-32
19540325,0,160,28
19540326,2,112,14
19540327,0,96,-10
19540328,0,89,-61
19540329,0,142,-46
19540330,0,166,-25
19540331,0,185,-2
19540401,0,224,17
19540402,0,172,35
19540403,0,194,16
19540404,0,204,22
19540405,0,158,38
19540406,0,63,10
19540407,0,93,-63
19540408,0,155,-37
19540409,12,188,-5
19540410,44,170,51
19540411,0,195,20
19540412,0,217,34
19540413,0,200,58
19540414,0,196,55
19540415,0,168,70
19540416,0,146,63
19540417,0,124,10
19540418,0,36,-30
19540419,0,84,-44
19540420,0,130,-56
19540421,0,178,-32
19540422,0,212,-12
19540423,0,182,14
19540424,0,124,-49
19540425,0,133,-32
19540426,0,158,-12
19540427,0,234,40
19540428,0,192,84
19540429,0,154,10
19540430,0,165,65
19540501,0,167,59
19540502,0,121,22
19540503,0,156,20
19540504,0,170,32
19540505,0,190,50
19540506,0,222,70
19540507,4,221,58
19540508,0,154,71
19540509,0,198,-18
19540510,0,222,46
19540511,0,254,34
19540512,0,260,108
19540513,19,192,74
19540514,0,196,20
19540515,0,215,45
19540516,0,192,-3
19540517,0,275,67
19540518,0,229,76
19540519,0,234,102
19540520,0,208,46
19540521,51,223,45
19540522,0,190,56
19540523,13,191,118
19540524,0,205,24
19540525,0,264,44
19540526,0,217,118
19540527,0,216,92
19540528,0,249,68
19540529,0,232,104
19540530,0,251,60
19540531,28,202,105
19540601,11,228,102
19540602,0,246,56
19540603,0,258,108
19540604,24,229,146
19540605,0,264,76
19540606,0,273,93
19540607,74,247,135
19540608,1,220,122
19540609,1,210,90
19540610,0,248,86
19540611,5,228,102
19540612,28,186,92
19540613,0,231,70
19540614,0,263,86
19540615,0,254,116
19540616,62,283,135
19540617,0,246,126
19540618,71,214,124
19540619,0,268,97
19540620,0,270,166
19540621,31,245,120
19540622,16,276,112
19540623,106,252,152
19540624,6,242,156
19540625,0,250,140
19540626,0,248,146
19540627,0,261,126
19540628,33,241,135
19540629,0,266,130
19540630,237,229,155
19540701,1,248,122
19540702,11,264,150
19540703,6,272,152
19540704,0,278,127
19540705,34,281,136
19540706,21,289,132
19540707,0,272,131
19540708,5,312,159
19540709,0,304,169
19540710,181,304,175
19540711,198,223,172
19540712,107,221,175
19540713,4,240,174
19540714,165,222,175
19540715,0,253,144
19540716,8,256,169
19540717,0,279,133
19540718,0,260,144
19540719,3,251,174
19540720,120,222,157
19540721,12,255,144
19540722,30,268,166
19540723,3,252,170
19540724,0,277,154
19540725,0,284,156
19540726,0,272,192
19540727,3,286,164
19540728,0,288,134
19540729,6,258,149
19540730,0,268,128
19540731,0,264,130
19540801,25,244,137
19540802,531,177,153
19540803,15,212,159
19540804,65,210,145
19540805,9,248,152
19540806,11,262,152
19540807,0,278,156
19540808,42,277,170
19540809,144,251,176
19540810,0,258,157
19540811,0,276,146
19540812,235,264,171
19540813,0,276,159
19540814,0,262,156
19540815,11,270,162
19540816,0,276,132
19540817,0,254,180
19540818,0,264,144
19540819,159,248,146
19540820,0,270,117
19540821,0,276,130
19540822,0,295,144
19540823,0,284,160
19540824,85,237,168
19540825,12,251,140
19540826,0,264,110
19540827,0,265,136
19540828,0,254,126
19540829,0,246,154
19540830,4,264,148
19540831,1,256,190
19540901,22,268,149
19540902,0,248,182
19540903,2,206,162
19540904,56,254,156
19540905,12,207,120
19540906,0,204,128
19540907,0,206,45
19540908,0,246,70
19540909,27,213,124
19540910,0,230,62
19540911,0,238,64
19540912,0,244,76
19540913,0,246,76
19540914,0,258,80
19540915,12,253,87
19540916,19,148,78
19540917,0,176,4
19540918,0,206,32
19540919,0,211,58
19540920,0,206,70
19540921,0,215,50
19540922,0,190,61
19540923,0,176,16
19540924,0,193,28
19540925,7,182,42
19540926,0,159,6
19540927,0,170,22
19540928,0,180,10
19540929,0,208,80
19540930,0,228,68
19541001,17,242,85
19541002,0,103,21
19541003,0,126,-77
19541004,18,154,-1
19541005,25,107,66
19541006,0,114,54
19541007,0,118,20
19541008,0,112,-54
19541009,0,138,-47
19541010,0,144,-49
19541011,0,150,-54
19541012,0,173,-3
19541013,0,176,-17
19541014,0,162,12
19541015,0,182,-34
19541016,0,178,26
19541017,0,182,-33
19541018,0,146,9
19541019,0,140,-63
19541020,0,155,-54
19541021,0,165,-44
19541022,0,156,0
19541023,0,178,-19
19541024,0,185,-3
19541025,0,154,-10
19541026,0,102,-58
19541027,0,98,-89
19541028,0,149,-89
19541029,0,111,-23
19541030,0,130,-67
19541031,0,136,-32
19541101,0,130,-86
19541102,0,142,-75
19541103,0,150,-60
19541104,0,133,-29
19541105,0,106,-28
19541106,0,114,-44
19541107,0,128,-63
19541108,0,138,-48
19541109,0,148,-33
19541110,0,112,-30
19541111,0,153,-81
19541112,0,90,-7
19541113,0,83,-27
19541114,0,114,-91
19541115,0,67,-58
19541116,2,4,-143
19541117,0,65,-167
19541118,0,36,-88
19541119,0,111,-112
19541120,0,111,-97
19541121,0,118,-109
19541122,0,135,-94
19541123,0,25,-108
19541124,0,26,-171
19541125,0,69,-137
19541126,0,47,-97
19541127,19,19,-20
19541128,33,0,-69
19541129,0,-27,-168
19541130,2,-68,-142
19541201,0,-111,-269
19541202,0,-102,-265
19541203,0,-66,-257
19541204,0,-62,-207
19541205,1,-62,-154
19541206,47,-66,-136
19541207,0,-118,-196
19541208,0,-119,-250
19541209,0,-92,-284
19541210,0,-106,-250
19541211,0,-113,-270
19541212,0,-93,-264
19541213,0,-102,-222
19541214,0,-103,-287
19541215,0,-42,-209
19541216,0,-30,-208
19541217,2,-47,-201
19541218,0,-32,-188
19541219,0,-14,-168
19541220,0,15,-192
19541221,0,26,-143
19541222,0,42,-182
19541223,0,-46,-165
19541224,21,-58,-138
19541225,18,-88,-227
19541226,1,-116,-256
19541227,6,-113,-274
19541228,0,-200,-357
19541229,0,-166,-333
19541230,0,-134,-287
19541231,0,-130,-287
19550101,0,-145,-266
19550102,0,-141,-290
19550103,6,-146,-225
19550104,0,-142,-276
19550105,0,-115,-253
19550106,0,-94,-277
19550107,0,-107,-256
19550108,0,-148,-286
19550109,0,-132,-277
19550110,2,-91,-304
19550111,0,-80,-290
19550112,0,-80,-264
19550113,0,-99,-220
19550114,0,-78,-291
19550115,0,-134,-266
19550116,0,-76,-241
19550117,0,-43,-204
19550118,0,-10,-216
19550119,0,-17,-144
19550120,0,-8,-186
19550121,0,8,-185
19550122,0,11,-204
19550123,1,9,-190
19550124,0,10,-156
19550125,0,-25,-146
19550126,0,-28,-202
19550127,3,-24,-108
19550128,0,-5,-155
19550129,0,-20,-147
19550130,0,34,-193
19550131,0,55,-103
19550201,0,69,-116
19550202,0,9,-190
19550203,0,68,-118
19550204,0,60,-149
19550205,0,63,-139
19550206,0,46,-113
19550207,0,37,-107
19550208,0,47,-154
19550209,0,-16,-110
19550210,0,-92,-213
19550211,0,-48,-229
19550212,0,3,-204
19550213,0,29,-170
19550214,0,46,-100
19550215,0,96,-142
19550216,0,78,-94
19550217,0,67,-100
19550218,0,-29,-122
19550219,0,-105,-210
19550220,0,-40,-207
19550221,0,38,-185
19550222,0,56,-137
19550223,0,79,-143
19550224,0,96,-122
19550225,0,119,-118
19550226,0,97,-74
19550227,0,72,-114
19550228,0,50,-113
19550301,0,66,-90
19550302,0,92,-115
19550303,1,62,-54
19550304,16,93,-19
19550305,0,196,-37
19550306,0,192,-51
19550307,0,55,-33
19550308,0,26,-94
19550309,0,118,-107
19550310,0,123,-71
19550311,0,50,-32
19550312,0,-28,-169
19550313,0,54,-168
19550314,0,122,-117
19550315,0,194,-61
19550316,0,238,-18
19550317,0,134,-57
19550318,5,-52,-133
19550319,0,98,-127
19550320,0,99,-30
19550321,0,78,-58
19550322,0,25,-47
19550323,0,72,-112
19550324,0,66,-124
19550325,0,113,-96
19550326,4,80,-23
19550327,0,85,-123
19550328,0,123,-52
19550329,0,104,30
19550330,0,101,-28
19550331,0,108,-50
19550401,0,132,-46
19550402,0,132,-46
19550403,0,147,-50
19550404,0,180,-3
19550405,0,193,55
19550406,0,189,8
19550407,0,217,5
19550408,0,194,28
19550409,0,172,29
19550410,0,267,23
19550411,0,258,55
19550412,0,282,34
19550413,0,250,135
19550414,0,198,107
19550415,77,147,6
19550416,0,11,-54
19550417,0,27,-63
19550418,0,58,-38
19550419,0,97,-33
19550420,0,140,-37
19550421,0,177,-13
19550422,0,126,37
19550423,0,87,3
19550424,0,101,-53
19550425,0,141,-46
19550426,0,178,-4
19550427,0,149,-64
19550428,0,188,-2
19550429,0,199,58
19550430,0,220,2
19550501,0,227,44
19550502,0,181,73
19550503,0,194,25
19550504,0,251,29
19550505,0,288,53
19550506,0,298,78
19550507,0,311,120
19550508,0,292,129
19550509,21,236,80
19550510,0,134,33
19550511,0,182,1
19550512,0,220,7
19550513,0,246,27
19550514,0,250,85
19550515,0,231,102
19550516,0,237,47
19550517,0,247,83
19550518,0,204,80
19550519,0,223,20
19550520,0,257,77
19550521,0,214,2
19550522,0,274,38
19550523,0,296,75
19550524,0,269,152
19550525,0,272,107
19550526,67,229,101
19550527,0,221,68
19550528,0,261,75
19550529,0,200,78
19550530,0,156,53
19550531,23,168,39
19550601,0,186,48
19550602,0,234,50
19550603,0,261,64
19550604,0,294,88
19550605,0,290,117
19550606,0,273,101
19550607,0,278,89
19550608,12,273,98
19550609,0,296,80
19550610,0,336,133
19550611,0,340,174
19550612,1,291,178
19550613,0,286,136
19550614,0,263,136
19550615,0,268,111
19550616,0,235,102
19550617,1,231,86
19550618,0,264,75
19550619,0,286,74
19550620,0,311,109
19550621,0,301,176
19550622,70,244,153
19550623,37,263,132
19550624,5,258,149
19550625,0,268,114
19550626,0,268,90
19550627,0,300,95
19550628,0,324,134
19550629,0,334,152
19550630,84,307,164
19550701,0,264,119
19550702,4,234,140
19550703,0,264,138
19550704,0,301,171
19550705,0,338,132
19550706,0,337,128
19550707,0,328,153
19550708,0,289,183
19550709,79,310,174
19550710,19,231,164
19550711,1,258,129
19550712,0,259,117
19550713,3,238,168
19550714,68,251,141
19550715,0,291,106
19550716,0,316,129
19550717,0,314,141
19550718,0,321,180
19550719,0,314,203
19550720,0,317,173
19550721,0,317,147
19550722,0,338,167
19550723,0,350,156
19550724,0,345,174
19550725,199,306,166
19550726,0,300,177
19550727,0,274,189
19550728,0,278,166
19550729,0,307,169
19550730,3,329,162
19550731,0,329,143
19550801,5,338,173
19550802,0,324,155
19550803,46,299,172
19550804,0,292,185
19550805,14,295,179
19550806,0,307,203
19550807,12,250,162
19550808,0,296,128
19550809,43,322,199
19550810,427,278,176
19550811,59,272,176
19550812,0,261,161
19550813,0,292,150
19550814,0,282,158
19550815,0,293,134
19550816,0,274,150
19550817,0,294,164
19550818,11,294,172
19550819,5,293,168
19550820,0,305,178
19550821,0,273,191
19550822,37,237,164
19550823,36,234,171
19550824,27,242,168
19550825,170,270,156
19550826,4,222,162
19550827,0,214,93
19550828,0,230,81
19550829,0,261,75
19550830,0,280,132
19550831,0,303,121
19550901,0,264,158
19550902,33,239,154
19550903,0,254,89
19550904,0,269,94
19550905,0,283,79
19550906,365,234,130
19550907,0,204,115
19550908,1,262,97
19550909,4,235,126
19550910,70,174,95
19550911,0,214,103
19550912,0,205,82
19550913,0,236,80
19550914,0,256,89
19550915,85,254,84
19550916,141,177,87
19550917,0,204,54
19550918,0,218,76
19550919,0,188,50
19550920,0,167,85
19550921,16,165,127
19550922,0,180,47
19550923,0,186,48
19550924,0,202,24
19550925,0,212,91
19550926,0,219,7
19550927,0,222,29
19550928,0,238,26
19550929,0,252,30
19550930,0,257,37
19551001,0,254,43
19551002,23,178,98
19551003,45,153,84
19551004,0,146,26
19551005,3,124,90
19551006,7,102,45
19551007,0,70,-9
19551008,0,103,26
19551009,0,122,-31
19551010,1,160,-19
19551011,0,142,-6
19551012,0,136,52
19551013,0,87,-45
19551014,0,118,-90
19551015,0,158,-26
19551017,0,89,-42
19551018,0,129,-72
19551019,0,114,-17
19551020,0,126,-74
19551021,0,146,-38
19551022,0,158,-37
19551023,6,154,-21
19551024,0,148,-49
19551025,0,164,-29
19551026,13,146,-22
19551027,3,110,-33
19551028,0,127,-42
19551029,0,73,-46
19551030,0,108,-95
19551031,0,120,-74
19551101,0,58,-20
19551102,0,39,-130
19551103,0,85,-107
19551104,0,110,-54
19551105,0,88,-85
19551106,0,70,-116
19551107,0,84,-112
19551108,0,100,-105
19551109,0,42,-79
19551110,0,87,-127
19551111,0,105,-106
19551112,0,152,-89
19551113,0,96,-43
19551114,0,48,-63
19551115,0,-38,-162
19551116,0,55,-173
19551117,0,47,-119
19551118,0,52,-152
19551119,0,58,-95
19551120,0,90,-107
19551121,0,60,-77
19551122,0,91,-128
19551123,0,114,-98
19551124,0,118,-114
19551125,0,63,-54
19551126,0,89,-117
19551127,0,16,-128
19551128,0,16,-182
19551129,0,24,-156
19551130,0,64,-127
19551201,0,77,-107
19551202,0,89,-122
19551203,0,100,-100
19551204,0,54,-48
19551205,0,31,-157
19551206,0,50,-102
19551207,0,34,-176
19551208,0,71,-135
19560426,0,173,-16
19560427,0,202,-4
19560428,0,248,36
19560429,0,260,50
19560430,43,128,-18
19560501,0,217,18
19560502,0,218,102
19560503,0,248,46
19560504,2,164,71
19560505,0,146,-39
19560506,0,217,42
19560507,0,273,51
19560508,6,233,79
19560509,0,151,90
19560510,0,124,-13
19560511,0,137,-20
19560512,0,142,-40
19560513,0,170,-38
19560514,0,186,-1
19560515,0,218,38
19560516,0,202,95
19560517,0,260,50
19560518,0,244,61
19560519,0,298,81
19560520,0,266,94
19560521,0,274,87
19560522,19,232,108
19560523,4,134,45
19560524,24,142,59
19560525,0,185,14
19560526,0,219,34
19560527,0,248,59
19560528,5,236,113
19560529,0,285,114
19560530,0,316,88
19560531,3,290,130
19560601,0,245,147
19560602,15,221,109
19560603,4,218,89
19560604,0,258,74
19560605,0,272,84
19560606,0,292,97
19560607,0,310,120
19560608,0,290,133
19560609,0,260,121
19560610,49,232,159
19560611,0,246,113
19560612,0,297,90
19560613,0,300,109
19560614,0,262,106
19560615,1,263,95
19560616,41,208,113
19560617,0,257,89
19560618,109,238,99
19560619,0,240,69
19560620,0,204,114
19560621,76,214,101
19560622,0,223,110
19560623,0,244,120
19560624,108,212,143
19560625,0,290,120
19560626,0,283,119
19560627,3,242,153
19560628,0,239,151
19560629,0,284,146
19560630,0,292,119
19560701,21,268,131
19560702,2,257,146
19560703,90,236,158
19560704,4,229,128
19560705,0,271,112
19560706,0,284,115
19560707,0,302,160
19560708,0,344,138
19560709,0,306,151
19560710,0,319,137
19560711,0,267,121
19560712,1,270,78
19560713,0,304,85
19560714,1,296,123
19560715,0,326,114
19560716,3,278,154
19560717,0,296,111
19560718,0,330,114
19560719,0,318,145
19560720,0,288,150
19560721,0,288,126
19560722,43,260,153
19560723,0,235,150
19560724,4,284,136
19560725,12,306,127
19560726,0,307,128
19560727,0,350,130
19560728,0,303,185
19560729,0,284,158
19560730,1,248,153
19560731,8,260,95
19560801,0,277,115
19560802,0,312,132
19560803,0,286,149
19560804,120,248,179
19560805,39,266,187
19560806,2,308,190
19560807,0,314,174
19560808,114,280,141
19560809,2,240,142
19560810,0,263,123
19560811,0,276,117
19560812,0,271,142
19560813,1,235,127
19560814,89,188,110
19560815,1,222,114
19560816,0,223,99
19560817,0,228,115
19560818,581,200,132
19560819,14,214,125
19560820,0,248,127
19560821,2,270,124
19560822,28,267,102
19560823,2,238,137
19560824,0,249,77
19560825,77,226,137
19560826,1,254,84
19560827,0,274,121
19560828,0,260,129
19560829,0,236,137
19560830,5,214,110
19560831,0,243,52
19560901,0,267,87
19560902,0,224,99
19560903,75,204,79
19560904,28,176,44
19560905,0,198,38
19560906,0,196,48
19560907,0,224,27
19560908,0,244,53
19560909,0,230,97
19560910,0,209,41
19560911,0,228,51
19560912,1,256,80
19560913,0,252,81
19560914,18,190,53
19560915,0,222,61
19560916,0,264,62
19560917,0,265,81
19560918,0,227,96
19560919,0,264,54
19560920,0,276,59
19560921,0,284,72
19560922,0,284,52
19560923,0,250,83
19560924,0,166,32
19560925,0,196,8
19560926,0,236,2
19560927,0,258,49
19560928,0,262,77
19560929,0,224,99
19560930,0,233,5
19561001,44,166,64
19561002,0,115,-61
19561003,0,153,-3
19561004,0,179,33
19561005,14,138,91
19561006,5,122,71
19561007,10,161,62
19561008,0,201,30
19561009,0,136,63
19561010,0,94,-15
19561011,0,105,-59
19561012,0,148,-59
19561013,0,163,-52
19561014,0,160,-43
19561015,0,176,13
19561016,0,182,-17
19561017,0,192,-21
19561018,0,182,-27
19561019,0,201,-23
19561020,0,200,48
19561021,0,177,6
19561022,0,84,20
19561023,0,92,-104
19561024,0,101,-89
19561025,0,148,-37
19561026,0,174,-54
19561027,0,164,-3
19561028,0,128,-11
19561029,0,84,-98
19561030,0,106,-80
19561031,0,114,-68
19561101,0,149,-82
19561102,0,110,-66
19561103,0,56,-140
19561104,0,63,-59
19561105,0,72,-131
19561106,0,94,-80
19561107,0,142,-60
19561108,0,94,-36
19561109,0,20,-70
19561110,0,-57,-157
19561111,0,-38,-200
19561112,0,44,-174
19561113,0,66,-98
19561114,0,81,-134
19561115,0,28,-128
19561116,32,28,-118
19561117,34,14,-89
19561118,0,40,-169
19561119,0,56,-161
19561120,0,31,-133
19561121,0,-48,-184
19561122,0,-83,-241
19561123,0,-58,-232
19561124,0,-33,-218
19561125,0,-26,-191
19561126,0,18,-193
19561127,0,8,-190
19561128,0,-26,-161
19561129,0,-8,-187
19561130,0,10,-158
19561201,0,52,-148
19561202,0,31,-130
19561203,0,22,-128
19561204,0,0,-136
19561205,0,46,-139
19561206,0,0,-102
19561207,0,-70,-172
19561208,0,-86,-210
19561209,0,-44,-235
19561210,0,-2,-203
19561211,0,-16,-180
19561212,0,-70,-208
19561213,0,-102,-231
19561214,0,-102,-236
19561215,0,-108,-168
19561216,0,-112,-194
19561217,0,-100,-244
19561218,0,-70,-193
19561219,0,-66,-228
19561220,0,-48,-218
19561221,0,-24,-191
19561222,0,-60,-175
19561223,0,-50,-208
19561224,0,-28,-200
19561225,0,6,-205
19561226,0,-31,-135
19561227,0,-26,-180
19561228,0,18,-188
19561229,0,14,-169
19561230,0,0,-168
19561231,0,20,-153
19570101,0,30,-152
19570102,0,-6,-161
19570103,0,-78,-199
19570104,0,-42,-257
19570105,0,-42,-215
19570106,0,-40,-219
19570107,0,-25,-198
19570108,0,-36,-122
19570109,0,-14,-168
19570110,0,-8,-135
19570111,0,-91,-163
19570112,0,-56,-203
19570113,17,-76,-135
19570114,15,-74,-163
19570115,2,-80,-198
19570116,0,-66,-262
19570117,0,-28,-170
19570118,0,8,-228
19570119,0,10,-224
19570120,0,-4,-188
19570121,0,-51,-211
19570122,0,-80,-223
19570123,0,-46,-271
19570124,0,-8,-143
19570125,0,-30,-118
19570126,0,-14,-198
19570127,6,-42,-110
19570128,11,-45,-92
19570129,0,-58,-199
19570130,0,-60,-228
19570131,4,-36,-180
19570201,35,-53,-84
19570202,0,-40,-211
19570203,0,-74,-151
19570204,0,-64,-249
19570205,0,-41,-209
19570206,0,-24,-185
19570207,0,-80,-229
19570208,0,-164,-301
19570209,0,-144,-279
19570210,0,-92,-253
19570211,0,-61,-212
19570212,0,-16,-208
19570213,0,-6,-147
19570214,0,-61,-185
19570215,0,-55,-225
19570216,0,-4,-210
19570217,0,-66,-176
19570218,0,-46,-249
19570219,0,8,-198
19570220,0,-4,-171
19570221,0,-2,-116
19570222,0,34,-162
19570223,0,32,-96
19570224,3,-21,-100
19570225,0,12,-160
19570226,0,2,-133
19570227,0,60,-150
19570228,0,89,-133
19570301,0,124,-67
19570302,0,56,-50
19570303,0,-14,-142
19570304,0,8,-114
19570305,0,47,-171
19570306,0,68,-116
19570307,0,40,-123
19570308,0,41,-92
19570309,0,123,-78
19570310,0,72,-49
19570311,0,26,-124
19570312,0,56,-113
19570313,0,68,-124
19570314,0,105,-96
19570315,0,128,-84
19570316,0,124,-82
19570317,0,146,-39
19570318,0,136,-28
19570319,0,144,-37
19570320,0,152,-37
19570321,0,112,-22
19570322,0,124,-29
19570323,0,111,-96
19570324,0,138,0
19570325,0,120,-62
19570326,0,124,-28
19570327,0,93,-88
19570328,0,154,-84
19570329,0,148,-39
19570330,0,129,-73
19570331,0,124,-46
19570401,0,80,-88
19570402,0,126,-113
19570403,0,154,-53
19570404,0,180,-23
19570405,0,153,36
19570406,0,210,0
19570407,0,254,114
19570408,0,218,34
19570409,100,52,-38
19570410,0,47,-66
19570411,0,130,-19
19570412,0,140,-41
19570413,0,132,-30
19570414,0,134,8
19570415,0,164,-11
19570416,0,204,21
19570417,0,182,64
19570418,0,207,36
19570419,0,150,59
19570420,0,218,-2
19570421,0,181,81
19570422,0,233,46
19570423,41,190,15
19570424,0,104,-3
19570425,0,168,-12
19570426,0,154,18
19570427,0,207,11
19570428,0,210,87
19570429,0,152,49
19570430,0,148,13
19570501,1,122,48
19570502,0,158,0
19570503,17,126,28
19570504,0,124,42
19570505,0,145,-3
19570506,0,166,-10
19570507,0,176,3
19570508,0,222,7
19570509,0,236,35
19570510,0,198,30
19570511,0,166,-8
19570512,0,194,36
19570513,0,210,64
19570514,0,228,70
19570515,12,176,84
19570516,0,214,91
19570517,0,219,40
19570518,0,208,65
19570519,0,241,36
19570520,0,262,76
19570521,0,208,66
19570522,10,224,89
19570523,0,229,92
19570524,0,278,92
19570525,27,233,90
19570526,0,206,43
19570527,0,234,47
19570528,0,253,49
19570529,0,264,92
19570530,0,225,15
19570531,0,262,44
19570601,0,279,91
19570602,0,286,96
19570603,26,248,136
19570604,0,212,106
19570605,4,242,90
19570606,0,240,61
19570607,0,248,71
19570608,0,255,110
19570609,3,232,110
19570610,0,252,88
19570611,0,280,76
19570612,0,285,123
19570613,21,250,130
19570614,0,301,86
19570615,0,288,106
19570616,0,312,136
19570617,0,331,163
19570618,5,306,140
19570619,0,258,102
19570620,0,283,112
19570621,3,260,131
19570622,0,276,79
19570623,0,290,110
19570624,0,292,115
19570625,0,320,104
19570626,0,318,156
19570627,0,314,148
19570628,0,304,156
19570629,0,294,160
19570630,64,221,159
19570701,0,316,111
19570702,0,262,99
19570703,0,284,97
19570704,0,332,129
19570705,0,325,179
19570706,0,275,194
19570707,0,282,150
19570708,3,282,132
19570709,8,312,153
19570710,93,268,144
19570711,0,297,153
19570712,0,304,152
19570713,0,299,123
19570714,0,318,167
19570715,0,309,164
19570716,3,292,143
19570717,8,240,126
19570718,0,267,104
19570719,0,264,141
19570720,0,301,151
19570721,0,318,173
19570722,0,341,184
19570723,8,341,200
19570724,0,264,197
19570725,0,292,181
19570726,0,295,162
19570727,0,265,143
19570728,0,310,131
19570729,0,286,186
19570730,0,292,116
19570731,0,308,126
19570801,0,308,156
19570802,0,316,138
19570803,0,286,176
19570804,2,296,103
19570805,0,327,135
19570806,0,344,162
19570807,0,336,173
19570808,3,336,187
19570809,36,256,142
19570810,0,337,116
19570811,0,313,146
19570812,0,313,108
19570813,87,288,162
19570814,1,304,123
19570815,2,316,144
19570816,0,310,168
19570817,0,326,144
19570818,0,268,116
19570819,0,300,133
19570820,9,277,183
19570821,0,328,126
19570822,0,284,188
19570823,0,302,150
19570824,127,257,152
19570825,3,219,137
19570826,67,206,134
19570827,25,192,98
19570828,121,198,126
19570829,90,192,124
19570830,26,128,70
19570831,64,104,48
19570901,12,124,81
19570902,30,120,91
19570903,49,146,103
19570904,2,192,107
19570905,0,202,73
19570906,0,216,60
19570907,0,182,45
19570908,0,197,33
19570909,0,223,37
19570910,0,242,76
19570911,0,182,88
19570912,3,194,106
19570913,0,222,97
19570914,0,241,86
19570915,0,256,96
19570916,0,209,120
19570917,0,217,62
19570918,171,175,98
19570919,2,203,66
19570920,0,220,55
19570921,0,230,83
19570922,0,250,75
19570923,0,126,4
19570924,0,128,-5
19570925,0,176,1
19570926,0,199,4
19570927,0,218,36
19570928,0,154,47
19570929,0,134,-23
19570930,0,152,-13
19571001,0,186,-7
19571002,0,196,-2
19571003,0,212,34
19571004,0,132,47
19571005,0,122,-44
19571006,0,183,-37
19571007,0,211,-10
19571008,0,200,1
19571009,0,222,16
19571010,0,230,31
19571011,0,224,37
19571012,0,250,13
19571013,0,236,42
19571014,0,237,36
19571015,0,144,29
19571016,0,47,-86
19571017,0,70,-105
19571018,0,105,-75
19571019,0,102,-44
19571020,0,141,-46
19571021,0,146,-35
19571022,0,87,-34
19571023,0,118,-43
19571024,0,153,-52
19571025,0,154,-40
19571026,0,70,-4
19571027,0,38,-48
19571028,0,67,-52
19571029,0,78,-87
19571030,0,108,-77
19571031,0,141,-72
19571101,0,135,-62
19571102,0,74,-60
19571103,0,74,-66
19571104,0,84,-78
19571105,0,92,-66
19571106,0,93,-57
19571107,0,130,-80
19571108,0,121,-83
19571109,0,98,4
19571110,0,36,-72
19571111,0,56,-105
19571112,0,84,-91
19571113,0,107,-112
19571114,0,120,-88
19571115,0,118,-64
19571116,0,118,-59
19571117,0,168,-77
19571118,0,82,-21
19571119,0,77,-122
19571120,0,140,-101
19571121,0,134,-45
19571122,0,95,33
19571123,0,41,-58
19571124,0,44,-45
19571125,0,62,22
19571126,0,49,-80
19571127,0,-24,-168
19571128,0,-19,-112
19571129,0,-11,-149
19571130,0,2,-127
19571201,0,20,-149
19571202,0,33,-152
19571203,0,12,-143
19571204,0,1,-174
19571205,0,33,-156
19571206,0,32,-127
19571207,0,31,-101
19571208,0,45,-124
19571209,0,68,-96
19571210,0,54,-111
19571211,0,46,-84
19571212,0,46,-129
19571213,0,6,-145
19571214,0,16,-149
19571215,0,30,-129
19571216,0,-16,-111
19571217,0,-79,-214
19571218,0,3,-187
19571219,0,28,-171
19571220,0,11,-175
19571221,0,0,-128
19571222,0,48,-165
19571223,0,65,-152
19571224,0,8,-110
19571225,0,27,-88
19571226,0,16,-140
19571227,0,-8,-153
19571228,0,-42,-186
19571229,0,-41,-215
19571230,0,-21,-232
19571231,0,-11,-173
19580101,0,-43,-170
19580102,0,-29,-212
19580103,0,-22,-181
19580104,0,8,-172
19580105,0,4,-167
19580106,0,-11,-161
19580107,0,32,-180
19580108,0,27,-148
19580109,0,-12,-149
19580110,0,37,-130
19580111,0,46,-149
19580112,0,47,-123
19580113,3,-22,-184
19580114,0,-156,-251
19580115,0,-145,-272
19580116,0,-97,-278
19580117,0,-67,-254
19580118,0,-1,-207
19580119,0,1,-167
19580120,0,-68,-185
19580121,0,-60,-256
19580122,0,-112,-235
19580123,0,-72,-273
19580124,0,-17,-239
19580125,0,-95,-150
19580126,0,-86,-248
19580127,0,-14,-211
19580128,0,-84,-165
19580129,0,-87,-179
19580130,0,-77,-218
19580131,0,-51,-258
19580201,0,-24,-215
19580202,0,-12,-223
19580203,0,18,-176
19580204,6,4,-122
19580205,3,-22,-138
19580206,0,-12,-174
19580207,0,11,-206
19580208,0,2,-121
19580209,0,-22,-201
19580210,0,-26,-169
19580211,0,-56,-230
19580212,0,7,-209
19580213,0,32,-194
19580214,0,44,-161
19580215,0,34,-121
19580216,0,28,-148
19580217,0,47,-127
19580218,0,76,-148
19580219,0,67,-117
19580220,0,51,-55
19580221,0,103,-37
19580222,0,74,-73
19580223,0,13,-108
19580224,0,93,-93
19580225,0,25,-73
19580226,0,-46,-183
19580227,0,-28,-181
19580228,0,2,-131
19580301,0,-52,-183
19580302,0,-26,-212
19580303,0,36,-207
19580304,0,77,-131
19580305,0,33,-41
19580306,1,-3,-90
19580307,0,33,-117
19580308,0,100,-148
19580309,0,99,-91
19580310,0,111,-94
19580311,0,147,-77
19580312,0,111,14
19580313,0,59,-92
19580314,0,102,-72
19580315,0,146,-91
19580316,0,126,-4
19580317,0,116,0
19580318,0,119,-4
19580319,0,109,-7
19580320,0,154,-55
19580321,0,197,-39
19580322,0,201,50
19580323,0,185,36
19580324,0,147,-9
19580325,0,62,-37
19580326,0,19,-140
19580327,0,-16,-161
19580328,0,60,-170
19580329,0,150,-113
19580330,0,186,-25
19580331,0,120,-10
19580401,0,149,2
19580402,0,190,-8
19580403,0,238,-17
19580404,0,162,51
19580405,0,115,30
19580406,0,141,-74
19580407,0,101,27
19580408,0,98,-62
19580409,0,101,-79
19580410,0,144,-68
19580411,0,116,-34
19580412,0,77,-88
19580413,0,128,-100
19580414,0,198,-42
19580415,0,241,30
19580416,0,252,81
19580417,0,241,74
19580418,0,283,105
19580419,0,256,104
19580420,0,229,85
19580421,0,300,-16
19580422,0,283,130
19580423,43,253,95
19580424,14,141,55
19580425,0,135,39
19580426,0,105,0
19580427,0,194,-31
19580428,0,236,60
19580429,0,126,51
19580430,0,176,-9
19580501,0,171,-34
19580502,0,168,48
19580503,0,191,15
19580504,0,253,84
19580505,0,268,89
19580506,0,254,99
19580507,0,268,108
19580508,0,240,97
19580509,105,188,39
19580510,152,50,1
19580511,0,126,23
19580512,0,114,27
19580513,0,127,53
19580514,0,160,50
19580515,0,200,68
19580516,0,219,70
19580517,0,202,90
19580518,0,230,72
19580519,0,269,95
19580520,0,283,128
19580521,5,249,116
19580522,0,178,30
19580523,0,206,67
19580524,0,247,109
19580525,0,264,81
19580526,0,287,106
19580527,0,290,152
19580528,0,311,127
19580529,48,270,156
19580530,0,272,133
19580531,0,278,147
19580601,1,237,125
19580602,0,217,99
19580603,0,243,72
19580604,0,240,111
19580605,0,286,95
19580606,0,310,109
19580607,0,321,134
19580608,0,280,160
19580609,0,212,135
19580610,0,250,63
19580611,0,298,82
19580612,0,292,157
19580613,0,240,110
19580614,0,276,88
19580615,0,256,109
19580616,0,278,92
19580617,0,307,112
19580618,0,321,144
19580619,0,298,153
19580620,19,293,165
19580621,0,288,162
19580622,0,284,177
19580623,0,256,190
19580624,97,222,159
19580625,0,290,148
19580626,0,281,177
19580627,0,303,164
19580628,0,325,129
19580629,2,296,201
19580630,0,298,147
19580701,0,332,185
19580702,0,332,191
19580703,0,323,162
19580704,9,352,172
19580705,6,338,181
19580706,5,278,142
19580707,0,276,103
19580708,0,338,159
19580709,0,310,178
19580710,186,271,156
19580711,1,291,160
19580712,0,302,143
19580713,26,266,158
19580714,27,240,141
19580715,0,233,136
19580716,8,219,152
19580717,5,254,174
19580718,0,284,176
19580719,0,288,194
19580720,11,296,192
19580721,0,340,185
19580722,0,346,202
19580723,86,313,173
19580724,0,297,189
19580725,222,306,185
19580726,1,230,171
19580727,3,275,178
19580728,0,294,158
19580729,2,303,173
19580730,0,311,159
19580731,0,316,162
19580801,260,272,153
19580802,98,216,153
19580803,0,258,138
19580804,0,303,136
19580805,0,300,161
19580806,0,257,179
19580807,0,273,171
19580808,260,226,151
19580809,0,225,104
19580810,0,216,106
19580811,0,204,101
19580812,0,227,132
19580813,0,228,110
19580814,0,245,104
19580815,0,243,131
19580816,0,275,143
19580817,0,248,172
19580818,0,268,136
19580819,0,249,119
19580820,0,258,114
19580821,1,254,144
19580822,6,256,98
19580823,3,261,111
19580824,42,231,121
19580825,22,250,129
19580826,0,246,92
19580827,0,250,110
19580828,0,240,86
19580829,0,237,85
19580830,0,254,70
19580831,20,214,159
19580901,27,224,156
19580902,0,209,147
19580903,0,262,93
19580904,0,229,86
19580905,0,253,55
19580906,0,270,75
19580907,0,299,98
19580908,3,296,104
19580909,0,292,103
19580910,0,270,104
19580911,0,261,143
19580912,3,228,159
19580913,80,170,138
19580914,2,223,93
19580915,0,232,75
19580916,0,234,70
19580917,0,248,83
19580918,0,251,100
19580919,0,237,82
19580920,0,261,61
19580921,0,280,71
19580922,0,248,75
19580923,0,243,101
19580924,0,210,123
19580925,0,213,99
19580926,26,203,60
19580927,9,82,15
19580928,0,144,-43
19580929,0,183,-11
19580930,0,177,33
19581001,0,127,-8
19581002,0,173,-47
19581003,0,172,43
19581004,0,160,26
19581005,1,184,24
19581006,0,169,26
19581007,0,199,70
19581008,0,198,18
19581009,1,192,105
19581010,0,202,15
19581011,0,154,61
19581012,30,122,80
19581013,33,103,28
19581014,0,90,-38
19581015,0,101,-37
19581016,19,101,32
19581017,0,136,-29
19581018,0,173,-26
19581019,0,168,3
19581020,0,183,1
19581021,0,54,-21
19581022,0,78,-73
19581023,0,90,-84
19581024,0,106,-21
19581025,0,49,-73
19581026,0,98,-99
19581027,0,140,-81
19581028,0,127,-42
19581029,0,120,-66
19581030,0,154,-66
19581031,0,152,-30
19581101,0,160,-24
19581102,0,156,-20
19581103,0,103,-8
19581104,0,103,-61
19581105,0,66,-71
19581106,0,54,-84
19581107,0,81,-110
19581108,0,115,-53
19581109,0,85,-12
19581110,0,112,-88
19581111,0,42,-53
19581112,16,19,-37
19581113,0,-11,-104
19581114,0,12,-113
19581115,0,46,-91
19581116,0,46,-106
19581117,0,48,-101
19581118,0,14,-123
19581119,0,24,-94
19581120,0,26,-120
19581121,0,30,-99
19581122,0,28,-167
19581123,0,72,-146
19581124,0,62,-85
19581125,0,53,-121
19581126,0,31,-146
19581127,0,68,-131
19581128,0,11,-113
19581129,0,24,-145
19581130,0,53,-167
19581201,0,56,-152
19581202,0,62,-152
19581203,0,12,-140
19581204,0,43,-163
19581205,0,45,-138
19581206,1,26,-122
19581207,0,7,-166
19581208,0,8,-107
19581209,0,31,-172
19581210,0,59,-151
19581211,0,52,-152
19581212,0,56,-157
19581213,0,53,-142
19581214,0,56,-132
19581215,0,42,-98
19581216,0,12,-37
19581217,0,-12,-77
19581218,0,-8,-111
19581219,0,-23,-116
19581220,0,30,-112
19581221,0,48,-156
19581222,0,0,-142
19581223,0,22,-167
19581224,0,-6,-104
19581225,0,22,-155
19581226,0,-26,-124
19581227,0,-15,-217
19581228,0,-18,-167
19581229,0,48,-160
19581230,0,22,-158
19581231,0,-44,-186
19590101,0,-8,-192
19590102,0,-23,-134
19590103,0,-112,-256
19590104,0,-144,-284
19590105,0,-102,-287
19590106,0,-84,-232
19590107,0,-74,-186
19590108,0,-84,-162
19590109,0,-112,-234
19590110,0,-106,-217
19590111,0,-72,-146
19590112,0,-75,-133
19590113,0,-29,-213
19590114,0,-68,-142
19590115,0,-100,-207
19590116,0,-84,-223
19590117,0,-51,-242
19590118,0,-56,-254
19590119,0,8,-220
19590120,0,-53,-149
19590121,0,-36,-218
19590122,0,23,-205
19590123,0,56,-162
19590124,0,18,-73
19590125,0,72,-170
19590126,0,12,-120
19590127,0,11,-175
19590128,0,24,-115
19590129,0,-38,-194
19590130,0,7,-198
19590131,0,-20,-104
19590201,0,38,-150
19590202,0,45,-142
19590203,0,62,-147
19590204,0,115,-126
19590205,0,50,-89
19590206,38,23,-51
19590207,25,-17,-120
19590208,0,-41,-160
19590209,0,-10,-245
19590210,0,-20,-182
19590211,0,16,-91
19590212,3,-5,-26
19590213,9,2,-43
19590214,5,-7,-51
19590215,0,-15,-157
19590216,0,-42,-160
19590217,0,-12,-157
19590218,0,-12,-178
19590219,0,-25,-85
19590220,0,-8,-135
19590221,0,14,-92
19590222,0,15,-132
19590223,0,30,-92
19590224,0,14,-66
19590225,0,-27,-142
19590226,0,8,-130
19590227,18,-15,-72
19590228,0,-42,-175
19590301,0,20,-124
19590302,0,72,-145
19590303,0,156,-76
19590304,0,57,-40
19590305,0,44,-55
19590306,0,62,-96
19590307,0,83,-68
19590308,16,38,-76
19590309,0,6,-132
19590310,0,-2,-134
19590311,0,15,-149
19590312,0,36,-74
19590313,15,10,-48
19590314,4,68,-71
19590315,0,104,-69
19590316,0,135,-58
19590317,0,114,-5
19590318,0,90,17
19590319,40,64,0
19590320,0,102,-29
19590321,0,72,-41
19590322,0,78,-58
19590323,0,130,-30
19590324,0,133,2
19590325,0,176,-21
19590326,0,192,56
19590327,24,167,22
19590328,0,104,24
19590329,0,117,8
19590330,0,112,-24
19590331,0,120,5
19590401,0,170,-3
19590402,36,129,60
19590403,2,156,2
19590404,0,121,-28
19590405,0,139,-41
19590406,0,172,-7
19590407,0,238,19
19590408,7,206,46
19590409,0,248,12
19590410,0,152,21
19590411,0,120,39
19590412,0,108,-33
19590413,0,187,-47
19590414,0,151,41
19590415,0,90,12
19590416,0,140,-30
19590417,0,200,-17
19590418,0,202,35
19590419,0,218,48
19590420,0,166,-6
19590421,0,76,-85
19590422,0,165,-97
19590423,0,192,30
19590424,0,240,1
19590425,0,188,107
19590426,0,177,32
19590427,40,131,45
19590428,5,180,35
19590429,0,252,54
19590430,0,264,99
19590501,0,254,131
19590502,15,268,125
19590503,0,243,82
19590504,1,114,55
19590505,0,150,18
19590506,0,174,10
19590507,0,145,28
19590508,0,191,31
19590509,12,162,93
19590510,0,143,53
19590511,0,166,6
19590512,0,192,4
19590513,0,226,22
19590514,0,232,60
19590515,0,230,78
19590516,0,230,71
19590517,0,272,98
19590518,0,246,146
19590519,18,200,69
19590520,58,105,37
19590521,0,178,-2
19590522,0,224,33
19590523,0,260,67
19590524,0,273,90
19590525,0,248,141
19590526,0,264,115
19590527,0,274,98
19590528,0,276,115
19590529,0,278,100
19590530,0,306,122
19590531,0,310,107
19590601,0,301,120
19590602,0,254,141
19590603,8,245,141
19590604,53,200,119
19590605,5,278,85
19590606,0,254,105
19590607,0,274,131
19590608,84,244,125
19590609,0,274,114
19590610,0,294,129
19590611,8,262,133
19590612,0,274,107
19590613,0,284,80
19590614,0,312,116
19590615,0,292,189
19590616,20,256,159
19590617,0,254,119
19590618,0,253,103
19590619,0,283,95
19590620,0,294,99
19590621,0,288,117
19590622,0,310,105
19590623,0,330,149
19590624,0,322,159
19590625,13,308,175
19590626,22,296,135
19590627,0,280,132
19590628,0,270,149
19590629,31,241,147
19590630,0,280,141
19590701,0,270,143
19590702,0,276,109
19590703,0,266,129
19590704,0,318,129
19590705,87,296,123
19590706,4,320,187
19590707,0,318,190
19590708,0,292,181
19590709,0,264,164
19590710,0,264,139
19590711,7,254,182
19590712,0,306,159
19590713,0,348,184
19590714,0,326,189
19590715,141,306,157
19590716,0,272,135
19590717,0,292,139
19590718,0,334,187
19590719,0,316,206
19590720,12,301,185
19590721,496,272,173
19590722,23,292,155
19590723,0,312,148
19590724,0,330,168
19590725,0,300,182
19590726,0,303,206
19590727,0,330,209
19590728,0,297,205
19590729,209,296,179
19590730,8,285,195
19590731,3,302,179
19590801,0,282,176
19590802,0,286,139
19590803,154,252,150
19590804,0,256,136
19590805,334,224,152
19590806,15,209,144
19590807,0,257,113
19590808,0,276,145
19590809,0,292,156
19590810,0,287,158
19590811,247,247,164
19590812,1,244,159
19590813,0,268,130
19590814,0,284,131
19590815,10,237,139
19590816,0,280,114
19590817,0,233,150
19590818,15,228,148
19590819,25,208,126
19590820,25,234,140
19590821,0,268,134
19590822,26,294,146
19590823,0,298,139
19590824,0,257,165
19590825,2,228,152
19590826,0,272,114
19590827,0,290,104
19590828,0,312,125
19590829,4,274,159
19590830,0,253,133
19590831,0,250,93
19590901,0,261,70
19590902,0,257,122
19590903,0,266,106
19590904,0,214,129
19590905,16,234,132
19590906,3,198,88
19590907,0,241,32
19590908,0,173,58
19590909,0,194,61
19590910,0,218,34
19590911,0,252,55
19590912,0,259,90
19590913,133,208,121
19590914,0,154,81
19590915,0,212,42
19590916,19,184,101
19590917,0,196,51
19590918,0,174,32
19590919,0,219,28
19590920,97,208,87
19590921,7,184,95
19590922,0,166,41
19590923,0,192,35
19590924,8,135,64
19590925,2,158,64
19590926,0,178,8
19590927,0,202,42
19590928,0,208,30
19590929,0,224,42
19590930,0,237,48
19591001,0,192,71
19591002,0,156,32
19591003,0,196,3
19591004,0,242,27
19591005,0,256,40
19591006,0,261,58
19591007,0,242,96
19591008,1,241,128
19591009,0,232,53
19591010,0,178,5
19591011,0,181,15
19591012,0,171,35
19591013,0,182,40
19591014,85,181,43
19591015,0,199,50
19591016,0,204,36
19591017,0,176,-2
19591018,0,222,14
19591019,0,209,45
19591020,0,214,22
19591021,0,216,33
19591022,33,169,35
19591023,0,53,-26
19591024,0,92,-53
19591025,0,112,-68
19591026,0,128,-47
19591027,0,134,-19
19591028,0,73,-58
19591029,0,112,-56
19591030,0,112,-53
19591031,0,136,37
19591101,24,66,0
19591102,0,107,-77
19591103,0,149,-47
19591104,0,94,8
19591105,0,90,-76
19591106,0,124,-51
19591107,0,80,-94
19591108,0,-27,-150
19591109,0,14,-118
19591110,0,51,-143
19591111,0,-12,-111
19591112,0,18,-151
19591113,0,68,-133
19591114,0,41,-52
19591115,0,58,-116
19591116,0,91,-105
19591117,0,42,-38
19591118,0,44,-83
19591119,0,51,-108
19591120,0,-9,-111
19591121,0,48,-151
19591122,0,60,-96
19591123,0,-31,-127
19591124,0,-35,-196
19591125,0,16,-167
19591126,0,51,-153
19591127,0,72,-136
19591128,0,112,-127
19591129,0,21,-63
19591130,0,-8,-71
19591201,0,20,-111
19591202,0,40,-131
19591203,0,18,-137
19591204,0,32,-155
19591205,0,20,-97
19591206,0,28,-134
19591207,0,48,-105
19591208,0,70,-130
19591209,0,59,-120
19591210,0,106,-117
19591211,0,75,-72
19591212,0,77,-107
19591213,0,48,-92
19591214,0,4,-125
19591215,0,6,-148
19591216,0,-62,-172
19591217,0,-36,-182
19591218,22,-47,-117
19591219,4,-112,-185
19591220,0,-76,-247
19591221,0,-72,-182
19591222,0,-66,-128
19591223,0,-99,-214
19591224,0,-120,-261
19591225,0,-84,-264
19591226,0,-76,-237
19591227,0,-17,-190
19591228,0,-78,-178
19591229,0,-72,-208
19591230,1,-62,-130
19591231,0,-51,-130
19600101,0,-20,-178
19600102,0,38,-142
19600103,0,66,-67
19600104,0,22,-131
19600105,0,-76,-212
19600106,0,-6,-195
19600107,0,-16,-193
19600108,0,0,-157
19600109,0,32,-144
19600110,0,-29,-148
19600111,0,6,-178
19600112,0,36,-162
19600113,0,43,-120
19600114,0,16,-117
19600115,0,-20,-127
19600116,0,6,-158
19600117,0,26,-180
19600118,0,34,-167
19600119,0,42,-135
19600120,0,-56,-189
19600121,0,-144,-234
19600122,0,-148,-256
19600123,0,-126,-229
19600124,0,-82,-242
19600125,0,-62,-222
19600126,0,-44,-222
19600127,0,-24,-205
19600128,0,-26,-213
19600129,0,26,-217
19600130,0,-4,-168
19600131,0,-2,-167
19600201,0,10,-154
19600202,0,18,-156
19600203,0,29,-156
19600204,0,40,-80
19600205,0,86,-121
19600206,0,92,-58
19600207,0,99,-52
19600208,0,95,-67
19600209,0,46,-129
19600210,0,64,-107
19600211,0,6,-131
19600212,0,98,-134
19600213,0,52,-126
19600214,0,45,-99
19600215,0,68,-88
19600216,0,8,-91
19600217,0,-2,-171
19600218,0,33,-173
19600219,0,61,-127
19600220,0,43,-139
19600221,0,78,-135
19600222,0,99,-117
19600223,0,122,-96
19600224,0,114,-66
19600225,0,7,-171
19600226,0,15,-94
19600227,0,56,-151
19600228,0,74,-107
19600229,0,96,-81
19600301,0,42,-99
19600302,0,84,-114
19600303,0,132,-68
19600304,0,172,-33
19600305,0,166,-27
19600306,0,152,-5
19600307,0,144,-26
19600308,0,125,-57
19600309,0,156,-58
19600310,0,188,-28
19600311,0,102,-86
19600312,0,-4,-190
19600313,0,78,-117
19600314,0,158,-106
19600315,0,132,-29
19600316,0,118,-43
19600317,0,120,9
19600318,34,82,-1
19600319,2,80,1
19600320,0,70,-49
19600321,0,119,-66
19600322,0,98,5
19600323,27,98,-33
19600324,32,40,-30
19600325,0,50,-35
19600326,0,102,-49
19600327,0,198,-23
19600328,0,138,60
19600329,0,96,7
19600330,0,39,-53
19600331,0,38,-121
19600401,0,76,-104
19600402,0,117,-43
19600403,0,108,-2
19600404,0,116,-53
19600405,0,149,-39
19600406,0,156,-17
19600407,0,169,-23
19600408,0,178,36
19600409,0,166,33
19600410,34,108,-4
19600411,129,58,2
19600412,40,52,6
19600413,0,65,-14
19600414,0,72,3
19600415,0,76,-29
19600416,0,89,-33
19600417,0,150,-39
19600418,0,156,-8
19600419,0,142,1
19600420,0,176,-13
19600421,0,216,-1
19600422,0,252,21
19600423,0,247,89
19600424,0,261,48
19600425,0,252,91
19600426,62,213,26
19600427,0,148,14
19600428,0,184,47
19600429,0,226,50
19600430,0,192,56
19600501,0,248,77
19600502,0,286,110
19600503,0,221,98
19600504,0,101,49
19600505,61,88,37
19600506,1,106,19
19600507,0,117,23
19600508,0,148,47
19600509,0,221,54
19600510,0,285,65
19600511,0,226,109
19600512,0,188,26
19600513,0,212,64
19600514,14,184,59
19600515,0,233,18
19600516,0,240,92
19600517,0,188,61
19600518,0,173,7
19600519,0,209,53
19600520,0,244,28
19600521,0,270,44
19600522,0,254,74
19600523,0,253,77
19600524,0,264,68
19600525,141,230,104
19600526,0,176,112
19600527,0,206,58
19600528,0,226,52
19600529,0,256,97
19600530,39,220,106
19600531,110,221,116
19600601,0,275,74
19600602,0,254,139
19600603,0,236,61
19600604,0,306,92
19600605,0,318,108
19600606,0,270,165
19600607,0,307,122
19600608,0,314,145
19600609,0,330,154
19600610,0,281,181
19600611,13,252,139
19600612,0,282,74
19600613,0,292,95
19600614,9,290,167
19600615,0,295,126
19600616,0,292,175
19600617,37,242,129
19600618,0,301,112
19600619,0,322,150
19600620,0,288,152
19600621,0,258,153
19600622,0,272,110
19600623,0,319,109
19600624,0,288,138
19600625,0,310,119
19600626,91,286,119
19600627,0,260,99
19600628,0,278,126
19600629,0,299,155
19600630,0,336,140
19600701,0,336,155
19600702,0,336,200
19600703,0,362,158
19600704,24,342,220
19600705,0,294,195
19600706,56,298,192
19600707,0,310,126
19600708,45,290,130
19600709,0,332,134
19600710,2,296,192
19600711,18,289,146
19600712,0,318,150
19600713,0,322,185
19600714,3,296,192
19600715,146,269,155
19600716,0,320,136
19600717,2,323,166
19600718,0,322,190
19600719,0,294,151
19600720,1,218,147
19600721,0,293,169
19600722,84,256,145
19600723,0,265,115
19600724,0,261,150
19600725,0,272,135
19600726,23,289,132
19600727,0,272,120
19600728,0,287,120
19600729,0,301,140
19600730,0,292,185
19600731,0,324,156
19600801,103,296,183
19600802,8,292,180
19600803,0,320,177
19600804,0,330,187
19600805,0,334,208
19600806,5,339,214
19600807,6,247,193
19600808,0,242,184
19600809,0,270,101
19600810,138,229,131
19600811,0,216,119
19600812,0,238,110
19600813,50,205,144
19600814,0,280,149
19600815,0,313,125
19600816,2,308,184
19600817,0,288,133
19600818,30,272,184
19600819,0,272,163
19600820,0,284,127
19600821,316,200,124
19600822,18,236,80
19600823,0,248,80
19600824,0,277,94
19600825,0,258,110
19600826,0,230,160
19600827,0,252,128
19600828,0,282,110
19600829,0,306,109
19600830,0,323,136
19600831,0,308,139
19600901,1,256,115
19600902,0,248,86
19600903,0,258,59
19600904,0,270,113
19600905,0,284,124
19600906,0,244,44
19600907,0,243,89
19600908,0,266,65
19600909,0,278,108
19600910,0,251,138
19600911,0,259,42
19600912,0,227,113
19600913,0,164,59
19600914,0,200,35
19600915,0,228,32
19600916,0,248,33
19600917,0,268,34
19600918,0,272,66
19600919,0,286,69
19600920,0,298,107
19600921,0,284,132
19600922,0,250,111
19600923,0,218,54
19600924,235,172,109
19600925,378,154,110
19600926,228,159,143
19600927,122,151,119
19600928,291,156,120
19600929,29,127,65
19600930,0,104,42
19601001,0,124,27
19601002,0,146,6
19601003,0,171,24
19601004,0,171,25
19601005,0,167,32
19601006,0,172,91
19601007,0,170,44
19601008,0,192,46
19601009,0,200,49
19601010,0,207,35
19601011,0,220,42
19601012,17,154,66
19601013,13,136,40
19601014,0,143,25
19601015,0,110,-15
19601016,0,106,-65
19601017,0,157,-50
19601018,0,171,-10
19601019,0,172,46
19601020,0,167,5
19601021,0,192,-7
19601022,0,142,26
19601023,93,127,15
19601024,12,24,-54
19601025,12,1,-45
19601026,0,62,-60
19601027,0,114,-63
19601028,0,120,-54
19601029,0,140,-43
19601030,0,81,-23
19601031,0,110,-76
19601101,0,144,-50
19601102,0,128,-37
19601103,0,90,8
19601104,0,119,-45
19601105,0,154,-63
19601106,0,143,-61
19601107,0,149,-56
19601108,0,77,-30
19601109,0,34,-56
19601110,0,40,-81
19601111,0,57,-94
19601112,0,50,-60
19601113,0,68,-95
19601114,0,90,-107
19601115,0,87,-94
19601116,0,86,-84
19601117,0,84,-54
19601118,0,110,-78
19601119,0,114,-73
19601120,0,97,-44
19601121,0,-12,-106
19601122,0,27,-92
19601123,0,-15,-111
19601124,0,-9,-121
19601125,0,-57,-158
19601126,0,-47,-207
19601127,0,10,-156
19601128,0,2,-107
19601129,0,4,-113
19601130,0,-9,-96
19601201,0,38,-153
19601202,0,38,-135
19601203,0,6,-111
19601204,12,-16,-101
19601205,0,-50,-228
19601206,0,-36,-206
19601207,0,-12,-205
19601208,0,14,-122
19601209,0,40,-71
19601210,0,53,-106
19601211,0,-20,-131
19601212,3,-2,-171
19601213,13,-29,-181
19601214,0,-63,-165
19601215,1,-24,-219
19601216,0,-46,-180
19601217,0,-153,-256
19601218,0,-109,-291
19601219,0,-62,-249
19601220,0,-44,-235
19601221,0,-15,-187
19601222,0,34,-183
19601223,0,-28,-103
19601224,0,-56,-162
19601225,0,-53,-215
19601226,0,20,-184
19601227,0,-50,-186
19601228,2,-69,-154
19601229,4,-106,-216
19601230,0,-78,-199
19601231,0,-70,-231
19610101,0,-34,-228
19610102,0,-51,-180
19610103,0,-66,-207
19610104,0,-30,-219
19610105,0,-85,-182
19610106,0,-76,-201
19610107,0,-46,-207
19610108,0,-27,-191
19610109,0,-17,-148
19610110,0,-96,-218
19610111,0,-88,-230
19610112,0,-57,-181
19610113,0,-22,-188
19610114,0,-34,-151
19610115,0,-102,-173
19610116,0,-34,-222
19610117,0,0,-194
19610118,0,-5,-191
19610119,0,16,-191
19610120,0,8,-181
19610121,0,33,-157
19610122,0,46,-111
19610123,49,-32,-131
19610124,0,-51,-171
19610125,0,5,-221
19610126,0,-22,-138
19610127,0,-16,-144
19610128,4,-36,-92
19610129,0,-51,-146
19610130,0,-81,-163
19610131,0,-86,-212
19610201,0,-43,-216
19610202,0,19,-199
19610203,0,38,-164
19610204,22,-11,-85
19610205,0,-52,-217
19610206,0,-66,-218
19610207,0,-32,-205
19610208,0,-33,-201
19610209,0,-26,-196
19610210,2,-27,-91
19610211,0,-48,-127
19610212,0,-6,-153
19610213,0,-26,-151
19610214,0,12,-175
19610215,0,28,-141
19610216,0,37,-137
19610217,0,34,-136
19610218,0,68,-146
19610219,0,63,-88
19610220,0,70,-121
19610221,0,78,-101
19610222,0,83,-29
19610223,0,73,-65
19610224,0,77,-112
19610225,0,67,-127
19610226,0,111,-101
19610227,0,112,-86
19610228,0,76,-17
19610301,0,45,-72
19610302,3,52,-18
19610303,0,15,-116
19610304,0,54,-137
19610305,0,76,-113
19610306,0,41,-128
19610307,17,12,-76
19610308,4,41,-48
19610309,0,104,-83
19610310,0,122,-44
19610311,0,112,-37
19610312,0,98,-37
19610313,0,106,-35
19610314,0,103,-72
19610315,0,133,-56
19610316,0,197,-28
19610317,0,136,-6
19610318,0,92,8
19610319,0,108,-15
19610320,0,100,21
19610321,6,126,-21
19610322,2,106,10
19610323,29,87,-6
19610324,2,64,-7
19610325,0,82,-59
19610326,0,88,-71
19610327,0,114,-60
19610328,0,94,5
19610329,0,119,-61
19610330,0,138,-65
19610331,0,150,-41
19610401,0,168,-38
19610402,0,224,-22
19610403,0,164,35
19610404,0,97,-47
19610405,0,128,-11
19610406,0,180,-39
19610407,0,122,-18
19610408,0,80,-104
19610409,0,144,-91
19610410,0,170,-2
19610411,0,209,-29
19610412,0,224,29
19610413,0,226,15
19610414,0,192,36
19610415,0,206,8
19610416,0,222,34
19610417,14,220,30
19610418,49,146,95
19610419,0,158,96
19610420,0,198,62
19610421,0,193,59
19610422,0,226,94
19610423,7,120,52
19610424,0,156,41
19610425,0,172,14
19610426,0,202,20
19610427,0,250,56
19610428,0,294,61
19610429,0,222,73
19610430,0,172,-29
19610501,0,222,18
19610502,0,208,54
19610503,0,203,-39
19610504,0,273,30
19610505,0,236,90
19610506,0,188,99
19610507,0,232,12
19610508,0,280,79
19610509,0,274,100
19610510,19,241,8
19610511,0,162,8
19610512,0,258,27
19610513,0,288,76
19610514,0,236,150
19610515,0,259,90
19610516,0,257,105
19610517,15,218,73
19610518,0,244,34
19610519,0,213,84
19610520,47,164,71
19610521,0,152,73
19610522,0,220,64
19610523,0,258,80
19610524,0,298,90
19610525,0,315,134
19610526,29,266,100
19610527,0,192,83
19610528,0,252,55
19610529,0,288,90
19610530,0,298,93
19610531,0,307,85
19610601,0,314,149
19610602,0,270,94
19610603,0,204,32
19610604,0,268,49
19610605,2,251,147
19610606,0,290,102
19610607,0,272,96
19610608,0,314,85
19610609,0,328,100
19610610,0,344,152
19610611,0,358,151
19610612,0,352,180
19610613,0,312,180
19610614,0,234,185
19610615,21,215,140
19610616,0,232,137
19610617,226,200,113
19610618,40,222,124
19610619,0,233,123
19610620,0,260,62
19610621,0,296,154
19610622,0,318,143
19610623,3,288,194
19610624,61,276,163
19610625,17,198,171
19610626,0,272,144
19610627,0,266,166
19610628,0,297,152
19610629,0,326,158
19610630,70,288,187
19610701,0,313,141
19610702,0,308,175
19610703,0,326,179
19610704,0,338,182
19610705,0,303,200
19610706,0,267,135
19610707,0,288,109
19610708,0,310,135
19610709,0,295,174
19610710,32,300,186
19610711,0,288,173
19610712,0,286,174
19610713,0,322,136
19610714,27,293,164
19610715,0,296,120
19610716,0,300,151
19610717,0,326,152
19610718,0,320,194
19610719,104,318,183
19610720,34,288,188
19610721,243,247,172
19610722,262,254,206
19610723,0,261,178
19610724,0,306,142
19610725,0,320,154
19610726,27,286,134
19610727,0,304,140
19610728,0,330,150
19610729,0,338,169
19610730,56,293,179
19610731,96,281,166
19610801,735,258,136
19610802,2,268,114
19610803,0,295,138
19610804,0,300,174
19610805,0,310,176
19610806,0,314,190
19610807,0,248,181
19610808,0,282,167
19610809,147,250,160
19610810,2,252,128
19610811,0,244,110
19610812,0,261,136
19610813,67,220,155
19610814,0,268,118
19610815,0,249,165
19610816,0,278,132
19610817,0,262,173
19610818,0,266,131
19610819,0,232,176
19610820,132,242,168
19610821,81,229,180
19610822,57,204,150
19610823,0,238,70
19610824,0,257,88
19610825,0,251,109
19610826,0,268,120
19610827,49,226,164
19610828,264,182,127
19610829,2,244,112
19610830,0,275,111
19610831,0,250,105
19610901,0,275,111
19610902,24,226,123
19610903,50,234,93
19610904,1,261,90
19610905,0,262,124
19610906,31,217,155
19610907,0,196,84
19610908,0,214,66
19610909,0,233,51
19610910,77,205,103
19610911,99,186,125
19610912,1,214,116
19610913,0,208,47
19610914,0,194,28
19610915,0,214,21
19610916,0,232,51
19610917,0,236,43
19610918,43,230,110
19610919,316,158,111
19610920,0,217,88
19610921,0,177,86
19610922,0,157,36
19610923,0,216,18
19610924,0,240,49
19610925,0,260,50
19610926,0,241,89
19610927,191,184,58
19610928,5,126,50
19610929,0,142,-4
19610930,0,102,66
19611001,0,122,69
19611002,0,87,42
19611003,7,152,71
19611004,0,196,49
19611005,0,214,57
19611006,0,217,43
19611007,0,224,49
19611008,1,213,59
19611009,1,160,107
19611010,78,110,38
19611011,0,96,6
19611012,0,138,-9
19611013,60,120,35
19611014,44,116,67
19611015,0,130,78
19611016,0,105,65
19611017,0,130,54
19611018,0,158,39
19611019,0,166,22
19611020,0,172,11
19611021,0,147,35
19611022,0,110,-42
19611023,0,153,22
19611024,0,156,43
19611025,2,162,9
19611026,0,153,3
19611027,0,120,-12
19611028,0,68,-84
19611029,0,82,-69
19611030,2,117,-61
19611031,5,122,-42
19611101,19,92,22
19611102,0,88,4
19611103,0,84,-52
19611104,0,97,-70
19611105,0,134,-54
19611106,0,128,-47
19611107,0,78,-38
19611108,0,61,-81
19611109,0,104,-91
19611110,0,123,-78
19611111,0,136,-66
19611112,0,143,-60
19611113,0,135,-37
19611114,0,106,16
19611115,0,104,35
19611116,0,113,57
19611117,20,84,59
19611118,147,70,-27
19611119,6,16,-41
19611120,0,43,-69
19611121,0,2,-71
19611122,0,6,-122
19611123,0,12,-118
19611124,0,34,-107
19611125,0,28,-103
19611126,2,5,-36
19611127,6,30,-48
19611128,0,26,-61
19611129,0,21,-105
19611130,0,46,-121
19611201,0,30,-82
19611202,0,-13,-122
19611203,0,9,-157
19611204,0,5,-134
19611205,0,-20,-128
19611206,0,36,-131
19611207,0,24,-115
19611208,0,62,-116
19611209,0,26,-91
19611210,0,42,-113
19611211,0,36,-87
19611212,0,-8,-143
19611213,0,-24,-201
19611214,0,13,-182
19611215,0,20,-119
19611216,0,36,-130
19611217,0,44,-141
19611218,0,-26,-112
19611219,0,-11,-155
19611220,0,-24,-146
19611221,0,-7,-145
19611222,0,25,-178
19611223,0,-12,-159
19611224,0,15,-168
19611225,0,-10,-150
19611226,0,-2,-178
19611227,0,-40,-167
19611228,0,-30,-197
19611229,0,-20,-154
19611230,0,-90,-155
19611231,0,-97,-191
19620101,0,-72,-236
19620102,0,-26,-217
19620103,0,-30,-176
19620104,0,-43,-209
19620105,0,8,-192
19620106,0,8,-180
19620107,0,4,-155
19620108,0,-24,-131
19620109,0,-21,-192
19620110,0,-10,-166
19620111,0,24,-170
19620112,0,22,-182
19620113,0,24,-163
19620114,0,-22,-88
19620115,0,-25,-198
19620116,0,-19,-201
19620117,0,-32,-204
19620118,0,-34,-212
19620119,0,-42,-196
19620120,0,-27,-203
19620121,0,-37,-146
19620122,0,-63,-183
19620123,0,-46,-218
19620124,0,-38,-212
19620125,0,-58,-210
19620126,0,-6,-153
19620127,0,-8,-203
19620128,0,-52,-189
19620129,0,-63,-234
19620130,0,-37,-231
19620131,0,-16,-129
19620201,0,6,-204
19620202,0,18,-166
19620203,0,50,-195
19620204,0,70,-123
19620205,0,48,-113
19620206,0,72,-121
19620207,0,55,-85
19620208,0,89,-131
19620209,0,34,-35
19620210,0,34,-79
19620211,0,54,-108
19620212,0,14,-118
19620213,0,-18,-176
19620214,0,-12,-135
19620215,0,17,-177
19620216,0,18,-115
19620217,0,27,-77
19620218,0,23,-104
19620219,0,52,-125
19620220,0,106,-82
19620221,0,76,-26
19620222,0,91,-71
19620223,0,6,-118
19620224,0,15,-62
19620225,0,-38,-178
19620226,0,-12,-139
19620227,0,40,-153
19620228,0,-24,-112
19620301,0,20,-178
19620302,0,88,-149
19620303,0,118,-112
19620304,0,97,-86
19620305,0,120,-101
19620306,0,33,-76
19620307,0,82,-108
19620308,0,67,-41
19620309,0,100,-92
19620310,0,35,-52
19620311,0,99,-62
19620312,0,146,-68
19620313,0,118,-42
19620314,0,71,-59
19620315,0,92,-114
19620316,0,37,-141
19620317,0,63,-83
19620318,0,80,-52
19620319,0,21,-69
19620320,0,-20,-138
19620321,0,-9,-113
19620322,0,-2,-121
19620323,0,-16,-104
19620324,0,61,-91
19620325,0,30,-63
19620326,0,97,-108
19620327,0,121,-2
19620328,0,120,-81
19620329,0,128,-74
19620330,0,172,-67
19620331,0,186,-26
19620401,0,100,-57
19620402,0,-13,-109
19620403,0,70,-126
19620404,0,168,-72
19620405,0,171,-30
19620406,33,96,25
19620407,7,58,10
19620408,0,60,-22
19620409,0,83,-64
19620410,0,120,-60
19620411,0,133,-24
19620412,0,68,-70
19620413,0,128,-92
19620414,0,158,-54
19620415,0,206,3
19620416,0,124,-10
19620417,0,79,-111
19620418,0,156,-81
19620419,0,196,-19
19620420,0,246,-2
19620421,0,250,80
19620422,0,148,43
19620423,0,128,-4
19620424,0,176,-25
19620425,0,226,29
19620426,0,176,70
19620427,0,150,-68
19620428,0,206,43
19620429,0,194,22
19620430,0,235,12
19620501,0,265,59
19620502,0,185,32
19620503,0,145,49
19620504,0,170,-22
19620505,0,192,25
19620506,0,220,18
19620507,0,177,30
19620508,0,132,-19
19620509,0,166,15
19620510,0,194,0
19620511,0,158,32
19620512,0,228,-8
19620513,0,239,96
19620514,0,230,50
19620515,0,176,35
19620516,0,176,24
19620517,0,176,-9
19620518,0,229,11
19620519,0,280,10
19620520,0,293,76
19620521,0,305,77
19620522,0,291,105
19620523,0,265,96
19620524,0,290,129
19620525,0,271,105
19620526,0,273,112
19620527,0,276,104
19620528,0,242,107
19620529,0,267,51
19620530,0,294,102
19620531,0,265,186
19620601,0,271,139
19620602,0,240,154
19620603,0,220,112
19620604,0,226,34
19620605,0,266,59
19620606,0,242,113
19620607,0,236,48
19620608,0,211,34
19620609,0,265,22
19620610,0,301,97
19620611,0,325,176
19620612,0,290,145
19620613,0,243,48
19620614,0,275,50
19620615,0,287,106
19620616,0,286,87
19620617,0,308,93
19620618,0,284,164
19620619,2,288,136
19620620,0,292,109
19620621,0,294,103
19620622,0,299,133
19620623,0,281,115
19620624,0,257,110
19620625,0,266,110
19620626,0,270,100
19620627,32,243,151
19620628,0,242,84
19620629,0,277,102
19620630,0,302,111
19620701,0,292,148
19620702,0,305,101
19620703,0,325,130
19620704,0,330,159
19620705,4,320,155
19620706,0,284,170
19620707,125,240,134
19620708,21,260,147
19620709,2,281,137
19620710,0,264,130
19620711,0,317,165
19620712,249,286,199
19620713,0,276,175
19620714,86,250,160
19620715,20,230,140
19620716,10,267,165
19620717,0,282,132
19620718,1,260,183
19620719,0,307,122
19620720,3,307,170
19620721,0,293,144
19620722,2,293,169
19620723,2,261,169
19620724,0,278,135
19620725,2,274,132
19620726,0,235,165
19620727,0,282,124
19620728,0,313,169
19620729,0,272,137
19620730,0,284,130
19620731,0,291,132
19620801,0,298,142
19620802,0,296,137
19620803,0,310,133
19620804,0,295,149
19620805,0,311,145
19620806,9,311,171
19620807,8,280,180
19620808,0,290,154
19620809,0,306,111
19620810,0,308,131
19620811,0,309,126
19620812,0,326,167
19620813,0,301,189
19620814,6,253,178
19620815,0,312,109
19620816,0,300,114
19620817,0,300,102
19620818,0,283,104
19620819,0,290,119
19620820,0,296,105
19620821,0,323,127
19620822,0,315,135
19620823,0,307,162
19620824,83,264,175
19620825,80,260,168
19620826,3,248,136
19620827,0,211,56
19620828,0,275,81
19620829,79,229,100
19620830,0,225,56
19620831,0,256,75
19620901,0,264,108
19620902,0,220,77
19620903,0,231,90
19620904,0,251,84
19620905,0,268,77
19620906,0,266,93
19620907,0,262,85
19620908,0,267,64
19620909,0,276,77
19620910,0,252,126
19620911,0,251,83
19620912,0,257,55
19620913,8,255,98
19620914,0,252,78
19620915,69,183,117
19620916,1,240,76
19620917,0,223,95
19620918,0,234,67
19620919,0,230,94
19620920,0,277,63
19620921,0,236,105
19620922,0,226,122
19620923,110,186,110
19620924,58,166,96
19620925,32,117,80
19620926,0,111,59
19620927,6,104,36
19620928,0,128,-17
19620929,17,97,8
19620930,0,160,41
19621001,0,180,94
19621002,0,178,85
19621003,0,152,84
19621004,0,172,21
19621005,0,181,20
19621006,0,202,20
19621007,0,205,77
19621008,0,207,78
19621009,15,172,105
19621010,0,176,75
19621011,0,194,14
19621012,0,167,-8
19621013,0,97,-29
19621014,0,105,-104
19621015,0,145,-52
19621016,0,160,-49
19621017,0,164,-23
19621018,0,173,-7
19621019,0,155,33
19621020,0,156,-19
19621021,0,165,-34
19621022,0,168,-23
19621023,0,163,-20
19621024,0,144,-28
19621025,0,158,-53
19621026,0,160,-22
19621027,16,100,45
19621028,0,85,-5
19621029,0,130,-18
19621030,0,110,28
19621031,0,105,-38
19621101,127,73,-31
19621102,11,-4,-69
19621103,0,-16,-71
19621104,0,35,-98
19621105,0,61,-98
19621106,0,76,-79
19621107,0,95,-71
19621108,0,53,-13
19621109,0,77,-71
19621110,0,116,-43
19621111,0,110,-34
19621112,0,137,-24
19621113,0,132,-25
19621114,0,100,-36
19621115,0,59,-38
19621116,0,54,-39
19621117,0,54,-108
19621118,0,6,-95
19621119,0,30,-51
19621120,0,42,-91
19621121,0,-2,-82
19621122,0,16,-145
19621123,0,1,-73
19621124,0,-27,-45
19621125,32,-30,-74
19621126,23,-54,-120
19621127,0,-82,-217
19621128,0,-80,-229
19621129,0,-74,-218
19621130,0,-50,-186
19621201,0,-25,-144
19621202,0,-6,-195
19621203,0,-27,-127
19621204,0,-14,-182
19621205,0,8,-175
19621206,0,21,-152
19621207,0,19,-160
19621208,0,43,-170
19621209,0,55,-135
19621210,0,60,-122
19621211,0,36,-109
19621212,0,28,-34
19621213,0,4,-106
19621214,0,-11,-181
19621215,0,-1,-181
19621216,0,-5,-152
19621217,0,23,-162
19621218,0,-12,-128
19621219,0,16,-116
19621220,0,12,-189
19621221,0,-9,-118
19621222,0,34,-144
19621223,0,47,-43
19621224,0,76,-73
19621225,0,93,-111
19621226,0,76,-126
19621227,0,73,-77
19621228,0,-5,-103
19621229,0,-102,-208
19621230,0,-41,-202
19621231,0,-60,-226
19630101,0,-36,-139
19630102,0,-2,-126
19630103,0,-19,-125
19630104,0,-42,-95
19630105,0,-70,-178
19630106,0,-98,-253
19630107,0,-58,-244
19630108,0,-37,-236
19630109,0,-69,-207
19630110,0,-102,-187
19630111,0,-77,-257
19630112,0,-59,-249
19630113,0,-44,-207
19630114,0,-4,-184
19630115,0,-16,-162
19630116,0,8,-137
19630117,0,-5,-95
19630118,0,-13,-184
19630119,0,2,-150
19630120,0,-142,-250
19630121,0,-73,-248
19630122,0,-67,-184
19630123,0,-77,-177
19630124,0,-18,-190
19630125,0,-43,-184
19630126,0,25,-139
19630127,0,4,-98
19630128,0,-29,-139
19630129,0,-113,-209
19630130,0,-46,-242
19630131,0,-56,-208
19630201,0,-37,-187
19630202,0,-56,-231
19630203,0,-31,-236
19630204,0,26,-197
19630205,0,8,-128
19630206,0,-63,-139
19630207,0,-67,-196
19630208,0,-58,-234
19630209,0,-20,-195
19630210,0,-31,-113
19630211,0,-28,-168
19630212,0,6,-213
19630213,0,22,-159
19630214,0,39,-112
19630215,0,64,-135
19630216,0,-16,-132
19630217,0,2,-196
19630218,8,11,-167
19630219,5,-1,-75
19630220,0,6,-94
19630221,0,7,-153
19630222,0,40,-135
19630223,0,76,-81
19630224,0,13,-70
19630225,0,13,-159
19630226,0,44,-58
19630227,0,88,-133
19630228,0,122,-94
19630301,0,115,-88
19630302,0,90,-16
19630303,0,111,-78
19630304,0,122,-56
19630305,0,92,-77
19630306,0,87,-45
19630307,78,29,-26
19630308,0,26,-28
19630309,4,1,-21
19630310,0,11,-32
19630311,0,29,-34
19630312,0,49,-54
19630313,3,22,-30
19630314,10,31,-29
19630315,4,69,-27
19630316,0,94,-58
19630317,0,104,-27
19630318,0,113,-23
19630319,0,151,-35
19630320,0,122,-18
19630321,0,139,-45
19630322,0,80,-44
19630323,0,76,-108
19630324,0,103,-30
19630325,0,148,-43
19630326,0,145,36
19630327,0,110,21
19630328,0,153,-63
19630329,0,201,-15
19630330,0,192,25
19630331,0,161,47
19630401,0,168,-25
19630402,0,195,58
19630403,0,196,20
19630404,0,156,35
19630405,26,36,-49
19630406,0,41,-53
19630407,0,41,-12
19630408,0,105,-78
19630409,0,146,-66
19630410,0,189,-19
19630411,0,217,-20
19630412,0,153,54
19630413,0,96,-10
19630414,0,136,-22
19630415,0,182,-14
19630416,0,137,9
19630417,0,101,-45
19630418,0,121,-27
19630419,0,78,19
19630420,0,111,33
19630421,80,85,40
19630422,18,96,26
19630423,0,119,32
19630424,0,141,-4
19630425,0,166,4
19630426,6,195,67
19630427,0,223,55
19630428,0,147,51
19630429,0,166,45
19630430,0,174,31
19630501,0,192,29
19630502,36,190,89
19630503,27,157,54
19630504,0,161,4
19630505,0,186,47
19630506,0,262,57
19630507,0,199,87
19630508,0,201,61
19630509,0,256,85
19630510,0,247,89
19630511,0,217,144
19630512,2,257,94
19630513,108,177,110
19630514,0,204,14
19630515,0,243,72
19630516,0,253,87
19630517,0,281,138
19630518,14,250,105
19630519,0,247,103
19630520,0,273,82
19630521,0,280,107
19630522,0,232,119
19630523,30,152,107
19630524,3,231,115
19630525,0,201,111
19630526,2,232,90
19630527,0,254,97
19630528,17,216,130
19630529,1,298,92
19630530,0,320,126
19630531,0,256,82
19630601,64,222,130
19630602,0,291,89
19630603,0,294,157
19630604,0,288,116
19630605,53,248,150
19630606,0,244,108
19630607,0,206,124
19630608,0,219,73
19630609,0,258,46
19630610,0,300,114
19630611,0,303,91
19630612,0,318,121
19630613,0,321,164
19630614,0,331,137
19630615,28,313,157
19630616,0,257,147
19630617,29,253,138
19630618,11,202,125
19630619,0,266,94
19630620,0,250,98
19630621,0,267,141
19630622,0,294,107
19630623,0,308,119
19630624,0,286,78
19630625,0,322,115
19630626,0,320,160
19630627,0,323,127
19630628,0,328,132
19630629,0,294,212
19630630,0,315,123
19630701,46,280,120
19630702,0,273,90
19630703,0,301,125
19630704,0,317,138
19630705,5,290,148
19630706,381,258,139
19630707,0,277,116
19630708,0,296,163
19630709,0,294,155
19630710,0,290,154
19630711,54,253,148
19630712,0,313,146
19630713,3,282,160
19630714,113,232,140
19630715,0,271,141
19630716,0,281,144
19630717,0,290,140
19630718,0,300,135
19630719,27,277,179
19630720,20,303,143
19630721,82,248,164
19630722,0,295,142
19630723,0,312,199
19630724,0,316,169
19630725,0,303,165
19630726,9,284,168
19630727,48,247,154
19630728,0,278,122
19630729,0,297,128
19630730,0,318,136
19630731,0,306,150
19630801,0,316,130
19630802,1,297,170
19630803,0,317,158
19630804,0,318,161
19630805,0,310,175
19630806,145,244,159
19630807,0,238,160
19630808,0,242,151
19630809,0,254,122
19630810,0,268,121
19630811,0,283,127
19630812,0,309,136
19630813,0,317,143
19630814,7,239,152
19630815,0,300,137
19630816,0,306,126
19630817,0,306,108
19630818,17,322,137
19630819,0,302,118
19630820,0,292,130
19630821,0,290,102
19630822,4,288,124
19630823,0,280,92
19630824,0,292,117
19630825,0,296,147
19630826,0,316,172
19630827,0,293,153
19630828,113,278,178
19630829,1,247,190
19630830,12,293,152
19630831,16,229,134
19630901,0,236,102
19630902,0,257,47
19630903,0,259,117
19630904,0,243,72
19630905,0,274,93
19630906,0,221,97
19630907,0,282,123
19630908,2,296,95
19630909,0,271,112
19630910,0,242,160
19630911,0,211,137
19630912,0,287,148
19630913,0,267,166
19630914,0,196,115
19630915,0,183,115
19630916,45,165,89
19630917,5,169,104
19630918,0,205,73
19630919,0,160,103
19630920,2,235,55
19630921,0,218,105
19630922,0,197,39
19630923,0,208,100
19630924,0,185,27
19630925,0,209,72
19630926,0,225,-5
19630927,0,250,25
19630928,0,191,97
19630929,0,190,69
19630930,0,197,-1
19631001,0,209,-3
19631002,0,229,43
19631003,0,159,0
19631004,0,125,-76
19631005,0,161,-49
19631006,0,182,-2
19631007,0,207,-15
19631008,0,205,1
19631009,0,225,-3
19631010,0,204,13
19631011,97,158,50
19631012,0,116,-29
19631013,0,165,-31
19631014,0,166,-6
19631015,0,106,7
19631016,0,82,-63
19631017,0,110,-41
19631018,0,121,-82
19631019,0,117,-74
19631020,0,102,-77
19631021,0,147,-74
19631022,0,155,-39
19631023,0,155,-12
19631024,0,100,-46
19631025,0,126,-86
19631026,0,209,-30
19631027,0,176,-7
19631028,0,119,-19
19631029,0,164,-56
19631030,0,171,-22
19631031,0,155,-38
19631101,0,121,-23
19631102,9,123,36
19631103,0,128,4
19631104,1,106,35
19631105,0,93,7
19631106,0,141,-32
19631107,0,54,-81
19631108,0,22,-128
19631109,0,-3,-123
19631110,0,63,-103
19631111,0,83,-80
19631112,0,92,-47
19631113,0,92,-71
19631114,0,88,-87
19631115,0,81,-11
19631116,0,78,-102
19631117,0,81,-64
19631118,0,91,-70
19631119,0,92,-30
19631120,0,66,-48
19631121,0,51,-64
19631122,0,53,-107
19631123,0,42,-84
19631124,0,-9,-90
19631125,0,-38,-166
19631126,0,-23,-186
19631127,0,71,-152
19631128,0,36,-121
19631129,0,49,-138
19631130,16,-8,-82
19631201,5,3,-116
19631202,0,8,-121
19631203,0,36,-117
19631204,0,41,-119
19631205,0,27,-122
19631206,0,-14,-125
19631207,0,-24,-198
19631208,0,-20,-164
19631209,4,-6,-137
19631210,0,-5,-113
19631211,0,13,-141
19631212,0,53,-170
19631213,0,35,-161
19631214,0,41,-171
19631215,0,22,-161
19631216,0,-7,-87
19631217,0,-16,-135
19631218,0,14,-168
19631219,0,38,-148
19631220,0,2,-153
19631221,0,18,-112
19631222,0,37,-131
19631223,2,-10,-185
19631224,0,-154,-269
19631225,0,-99,-271
19631226,0,-11,-224
19631227,0,48,-176
19631228,0,-43,-140
19631229,0,-23,-223
19631230,0,-12,-191
19631231,0,-24,-206
19640101,0,-19,-198
19640102,0,3,-197
19640103,0,18,-173
19640104,0,-17,-168
19640105,0,23,-193
19640106,0,-1,-166
19640107,0,-8,-181
19640108,0,-4,-130
19640109,0,-17,-79
19640110,35,-18,-32
19640111,19,-21,-106
19640112,0,-39,-136
19640113,0,-21,-209
19640114,6,-43,-142
19640115,6,-59,-170
19640116,0,-71,-173
19640117,0,-60,-225
19640118,0,-54,-245
19640119,0,-13,-240
19640120,0,-37,-196
19640121,2,-17,-87
19640122,0,-32,-153
19640123,0,-40,-208
19640124,0,-17,-195
19640125,0,-23,-161
19640126,0,-46,-163
19640127,0,-35,-189
19640128,0,-63,-204
19640129,0,-73,-207
19640130,0,-107,-219
19640131,0,-113,-256
19640201,0,-89,-251
19640202,0,-47,-258
19640203,0,-29,-221
19640204,0,-10,-146
19640205,6,-60,-162
19640206,1,-63,-133
19640207,2,-47,-99
19640208,6,-38,-87
19640209,5,-60,-187
19640210,0,-132,-200
19640211,0,-86,-258
19640212,0,-57,-222
19640213,0,-2,-178
19640214,0,-57,-118
19640215,2,-108,-180
19640216,0,-133,-267
19640217,0,-94,-257
19640218,0,-85,-207
19640219,0,-110,-205
19640220,0,-67,-248
19640221,0,-51,-228
19640222,0,-15,-158
19640223,0,-16,-147
19640224,0,-21,-156
19640225,2,16,-143
19640226,0,31,-149
19640227,0,86,-120
19640228,0,96,-94
19640229,0,69,-69
19640301,0,42,-90
19640302,7,39,-115
19640303,4,82,-97
19640304,0,39,-88
19640305,46,31,-61
19640306,7,47,-63
19640307,0,44,-38
19640308,0,101,-7
19640309,0,109,-52
19640310,0,109,-35
19640311,0,96,19
19640312,0,91,-39
19640313,0,145,-51
19640314,0,149,-32
19640315,0,121,-43
19640316,0,140,-15
19640317,0,105,-47
19640318,0,77,17
19640319,0,145,-24
19640320,0,81,-17
19640321,23,76,0
19640322,0,46,-29
19640323,0,38,-52
19640324,0,18,-88
19640325,0,72,-118
19640326,0,123,-75
19640327,0,110,16
19640328,0,173,-36
19640329,0,141,19
19640330,0,191,-28
19640331,0,146,50
19640401,0,177,-4
19640402,0,156,51
19640403,0,206,38
19640404,107,165,38
19640405,0,103,49
19640406,0,113,-20
19640407,4,155,41
19640408,0,184,15
19640409,0,215,52
19640410,0,247,39
19640411,0,277,55
19640412,0,251,94
19640413,0,234,98
19640414,54,199,78
19640415,0,191,60
19640416,130,178,110
19640417,0,168,106
19640418,88,157,120
19640419,97,146,110
19640420,40,169,72
19640421,0,171,65
19640422,0,158,49
19640423,0,187,33
19640424,0,230,90
19640425,0,159,56
19640426,31,129,61
19640427,49,91,51
19640428,60,87,58
19640429,0,180,37
19640430,0,156,41
19640501,0,196,7
19640502,0,222,47
19640503,0,178,42
19640504,0,217,42
19640505,0,253,45
19640506,0,276,99
19640507,0,269,146
19640508,9,209,111
19640509,0,183,35
19640510,0,214,42
19640511,0,239,67
19640512,0,253,72
19640513,0,219,132
19640514,0,258,66
19640515,26,216,132
19640516,52,136,104
19640517,0,177,112
19640518,14,200,105
19640519,87,166,91
19640520,0,204,117
19640521,0,232,66
19640522,0,261,114
19640523,316,223,133
19640524,82,138,99
19640525,35,120,90
19640526,21,155,92
19640527,0,206,119
19640528,1,225,103
19640529,0,238,136
19640530,0,261,125
19640531,14,187,136
19640601,0,167,92
19640602,0,201,47
19640603,0,219,83
19640604,0,258,107
19640605,0,276,143
19640606,0,284,115
19640607,0,286,112
19640608,0,252,143
19640609,0,225,119
19640610,0,236,83
19640611,0,284,88
19640612,0,264,110
19640613,0,243,79
19640614,0,264,95
19640615,17,235,136
19640616,0,246,97
19640617,46,226,137
19640618,0,239,137
19640619,0,265,84
19640620,0,286,95
19640621,0,288,124
19640622,3,262,162
19640623,0,239,130
19640624,0,275,121
19640625,29,238,170
19640626,152,196,145
19640627,0,266,122
19640628,0,242,168
19640629,0,286,148
19640630,59,297,133
19640701,0,284,136
19640702,0,287,150
19640703,17,284,164
19640704,0,309,170
19640705,38,278,146
19640706,90,197,153
19640707,25,245,170
19640708,0,283,154
19640709,0,308,148
19640710,0,274,184
19640711,0,316,137
19640712,0,261,162
19640713,0,282,109
19640714,22,276,136
19640715,0,317,137
19640716,1,266,186
19640717,0,313,144
19640718,0,326,157
19640719,0,302,170
19640720,344,261,201
19640721,39,234,159
19640722,19,210,147
19640723,0,195,144
19640724,0,242,137
19640725,0,264,119
19640726,0,274,138
19640727,0,277,124
19640728,0,296,121
19640729,0,289,127
19640730,9,283,143
19640731,0,267,117
19640801,0,270,144
19640802,0,265,146
19640803,0,299,169
19640804,0,326,164
19640805,39,313,179
19640806,0,324,164
19640807,0,322,154
19640808,26,308,190
19640809,134,258,177
19640810,0,307,142
19640811,0,298,147
19640812,66,260,166
19640813,0,293,144
19640814,28,243,180
19640815,0,295,112
19640816,0,305,129
19640817,0,286,148
19640818,0,294,123
19640819,0,240,163
19640820,34,212,140
19640821,1,282,98
19640822,3,281,123
19640823,0,261,91
19640824,0,264,95
19640825,27,276,117
19640826,0,302,125
19640827,0,248,133
19640828,0,264,87
19640829,0,269,94
19640830,0,287,108
19640831,1,256,124
19640901,0,263,123
19640902,106,251,134
19640903,4,186,141
19640904,0,226,71
19640905,13,185,133
19640906,0,160,129
19640907,0,236,100
19640908,0,253,93
19640909,0,256,143
19640910,5,257,106
19640911,218,245,123
19640912,11,229,106
19640913,0,203,134
19640914,0,219,104
19640915,3,225,49
19640916,116,210,89
19640917,0,211,81
19640918,0,213,77
19640919,0,158,73
19640920,0,151,13
19640921,0,168,17
19640922,2,124,63
19640923,61,141,83
19640924,0,181,82
19640925,2,176,100
19640926,1,146,61
19640927,0,177,18
19640928,0,197,21
19640929,0,200,43
19640930,18,173,85
19641001,223,139,78
19641002,0,166,65
19641003,56,149,40
19641004,0,133,22
19641005,0,144,-13
19641006,0,159,-4
19641007,0,186,4
19641008,0,185,14
19641009,0,205,35
19641010,0,210,37
19641011,2,175,54
19641012,449,176,88
19641013,1,160,79
19641014,1,161,92
19641015,1,138,92
19641016,0,94,-6
19641017,0,123,-31
19641018,0,161,-6
19641019,0,158,0
19641020,0,114,3
19641021,0,154,-6
19641022,0,137,-18
19641023,0,169,2
19641024,12,86,9
19641025,0,118,60
19641026,0,147,40
19641027,0,140,15
19641028,0,135,31
19641029,0,140,31
19641030,2,81,2
19641031,0,24,-40
19641101,0,50,-95
19641102,3,28,-25
19641103,0,74,-22
19641104,0,84,-25
19641105,0,71,-69
19641106,0,90,-84
19641107,0,105,-72
19641108,0,96,-57
19641109,0,89,-55
19641110,0,81,-45
19641111,0,53,-106
19641112,0,87,-131
19641113,0,77,-114
19641114,0,61,-50
19641115,0,89,-105
19641116,0,96,-89
19641117,0,80,-77
19641118,0,59,-66
19641119,0,82,-74
19641120,0,50,-40
19641121,0,50,-67
19641122,0,80,-67
19641123,0,89,-61
19641124,0,103,-91
19641125,0,122,-95
19641126,0,97,-82
19641127,0,78,-86
19641128,0,94,-95
19641129,0,59,-97
19641130,0,7,-56
19641201,2,-3,-45
19641202,0,-24,-150
19641203,0,-12,-178
19641204,0,30,-141
19641205,0,-23,-124
19641206,0,-27,-192
19641207,0,9,-142
19641208,0,13,-136
19641209,0,-7,-130
19641210,0,-58,-161
19641211,0,-77,-193
19641212,0,-62,-210
19641213,0,-17,-186
19641214,0,-27,-113
19641215,0,10,-154
19641216,0,-54,-109
19641217,0,-59,-151
19641218,0,-4,-183
19641219,0,10,-134
19641220,0,47,-171
19641221,0,33,-40
19641222,0,30,-110
19641223,0,10,-151
19641224,0,37,-141
19641225,0,34,-141
19641226,0,43,-140
19641227,0,26,-120
19641228,0,52,-140
19641229,0,-34,-108
19641230,0,1,-140
19641231,0,25,-103
19650101,0,17,-164
19650102,0,-16,-98
19650103,0,-36,-161
19650104,0,-30,-153
19650105,0,11,-165
19650106,0,2,-121
19650107,0,-33,-134
19650108,0,-4,-140
19650109,0,-13,-132
19650110,0,-89,-219
19650111,0,-51,-250
19650112,0,-15,-183
19650113,0,-25,-188
19650114,0,-46,-183
19650115,0,33,-183
19650116,0,30,-153
19650117,0,15,-162
19650118,0,51,-104
19650119,0,11,-149
19650120,0,9,-111
19650121,0,-37,-140
19650122,17,-59,-167
19650123,0,-32,-218
19650124,0,-14,-198
19650125,0,0,-173
19650126,0,49,-178
19650127,0,46,-117
19650128,0,36,-120
19650129,0,73,-146
19650130,0,23,-55
19650131,0,-55,-201
19650201,0,-65,-188
19650202,0,-30,-205
19650203,0,-8,-156
19650204,0,-55,-138
19650205,0,-10,-196
19650206,0,34,-179
19650207,0,20,-134
19650208,0,28,-99
19650209,0,31,-149
19650210,0,50,-152
19650211,0,92,-145
19650212,0,67,-100
19650213,0,48,-130
19650214,0,79,-122
19650215,0,72,-97
19650216,0,87,-80
19650217,0,74,-32
19650218,9,10,-31
19650219,0,0,-71
19650220,0,-23,-165
19650221,2,0,-86
19650222,0,31,-127
19650223,0,46,-133
19650224,0,13,-143
19650225,0,9,-173
19650226,0,25,-170
19650227,0,39,-162
19650228,0,53,-151
19650301,0,60,-75
19650302,0,42,-124
19650303,0,-26,-161
19650304,0,9,-165
19650305,0,-34,-120
19650306,0,-13,-192
19650307,0,-5,-124
19650308,0,58,-102
19650309,0,78,-129
19650310,0,102,-102
19650311,0,116,-70
19650312,0,133,-97
19650313,0,140,-52
19650314,0,82,-42
19650315,0,114,-133
19650316,0,188,-101
19650317,0,195,-54
19650318,0,102,-9
19650319,0,91,-85
19650320,0,109,-29
19650321,0,118,-32
19650322,35,91,15
19650323,0,110,-11
19650324,0,68,-39
19650325,0,47,-100
19650326,28,13,-56
19650327,0,69,-75
19650328,0,88,-62
19650329,0,116,-36
19650330,0,143,-4
19650331,0,115,-23
19650401,0,139,10
19650402,0,132,-35
19650403,0,88,-21
19650404,0,80,-54
19650405,66,47,-8
19650406,2,107,-65
19650407,0,160,-5
19650408,0,155,11
19650409,0,122,-20
19650410,0,136,-75
19650411,0,171,-18
19650412,0,180,1
19650413,0,216,-8
19650414,0,236,14
19650415,0,254,57
19650416,0,259,51
19650417,0,221,62
19650418,0,176,82
19650419,5,118,-14
19650420,6,180,40
19650421,156,138,52
19650422,12,204,67
19650423,0,235,59
19650424,0,229,78
19650425,0,210,76
19650426,99,167,74
19650427,36,84,38
19650428,0,143,23
19650429,0,133,49
19650430,0,106,-12
19650501,9,93,36
19650502,0,194,2
19650503,0,223,58
19650504,0,183,79
19650505,0,206,13
19650506,0,242,61
19650507,0,266,55
19650508,0,261,93
19650509,0,219,70
19650510,0,250,66
19650511,0,269,109
19650512,3,227,128
19650513,0,184,94
19650514,0,202,45
19650515,0,226,106
19650516,0,248,53
19650517,0,246,40
19650518,13,255,120
19650519,4,254,85
19650520,0,232,42
19650521,0,266,81
19650522,0,290,88
19650523,0,248,128
19650524,0,231,35
19650525,0,259,44
19650526,0,261,103
19650527,0,261,123
19650528,0,272,97
19650529,0,272,94
19650530,2,238,152
19650531,0,209,124
19650601,0,189,78
19650602,5,164,89
19650603,0,221,34
19650604,0,241,67
19650605,0,267,83
19650606,0,290,95
19650607,0,282,114
19650608,0,243,148
19650609,2,266,96
19650610,0,301,90
19650611,0,332,118
19650612,0,344,119
19650613,0,317,183
19650614,0,209,96
19650615,0,238,42
19650616,0,262,60
19650617,0,279,101
19650618,3,282,98
19650619,0,271,113
19650620,0,276,101
19650621,0,316,127
19650622,16,296,176
19650623,127,251,136
19650624,0,271,150
19650625,0,296,149
19650626,0,317,141
19650627,23,286,171
19650628,1,303,149
19650629,0,311,150
19650630,0,315,161
19650701,0,293,160
19650702,156,282,152
19650703,0,287,129
19650704,0,281,141
19650705,31,297,147
19650706,0,276,166
19650707,0,248,136
19650708,0,283,116
19650709,0,255,170
19650710,89,281,140
19650711,0,285,152
19650712,0,296,163
19650713,0,273,157
19650714,0,264,103
19650715,0,291,133
19650716,0,312,132
19650717,0,326,161
19650718,0,305,203
19650719,0,323,203
19650720,0,296,161
19650721,0,299,158
19650722,0,321,154
19650723,0,276,132
19650724,0,288,113
19650725,0,295,143
19650726,24,296,112
19650727,0,308,134
19650728,0,321,136
19650729,0,346,171
19650730,0,317,202
19650731,5,246,149
19650801,0,255,97
19650802,0,276,106
19650803,1,276,156
19650804,36,202,141
19650805,0,260,94
19650806,0,282,101
19650807,0,306,109
19650808,0,308,128
19650809,16,276,113
19650810,0,250,130
19650811,0,274,126
19650812,0,309,105
19650813,0,335,151
19650814,18,275,165
19650815,3,273,113
19650816,0,268,109
19650817,0,257,94
19650818,0,292,93
19650819,0,317,93
19650820,0,304,95
19650821,0,327,100
19650822,0,346,136
19650823,0,340,139
19650824,0,325,108
19650825,0,305,165
19650826,0,264,162
19650827,0,284,142
19650828,0,287,93
19650829,0,293,113
19650830,0,288,121
19650831,0,252,139
19650901,0,244,125
19650902,0,244,85
19650903,0,273,91
19650904,0,221,147
19650905,0,201,70
19650906,0,227,4
19650907,0,242,20
19650908,0,187,110
19650909,0,233,44
19650910,0,258,60
19650911,4,224,110
19650912,20,228,55
19650913,0,223,37
19650914,0,228,77
19650915,0,221,18
19650916,0,239,44
19650917,0,248,66
19650918,0,252,35
19650919,0,259,30
19650920,0,266,68
19650921,0,286,67
19650922,0,294,64
19650923,0,262,92
19650924,0,237,111
19650925,8,207,67
19650926,0,195,40
19650927,0,201,47
19650928,0,212,43
19650929,0,226,52
19650930,0,233,76
19651001,0,239,74
19651002,0,226,90
19651003,0,159,101
19651004,0,150,25
19651005,0,125,45
19651006,105,76,30
19651007,1,141,-1
19651008,0,156,6
19651009,0,150,40
19651010,0,183,30
19651011,27,136,39
19651012,3,124,24
19651013,0,93,-31
19651014,0,126,-23
19651015,0,146,-18
19651016,0,139,-37
19651017,0,163,-33
19651018,0,187,-20
19651019,0,201,-19
19651020,0,202,-2
19651021,0,175,25
19651022,0,180,42
19651023,0,192,-6
19651024,0,211,18
19651025,0,223,7
19651026,0,207,7
19651027,0,225,30
19651028,0,229,3
19651029,0,222,22
19651030,0,149,0
19651031,3,66,15
19651101,0,73,-42
19651102,0,81,-56
19651103,0,103,-97
19651104,0,106,-50
19651105,0,140,-53
19651106,0,154,-48
19651107,7,90,17
19651108,13,102,-10
19651109,0,81,-67
19651110,0,118,-30
19651111,0,132,-34
19651112,0,101,-20
19651113,0,85,-52
19651114,0,144,-66
19651115,0,75,-45
19651116,0,71,-118
19651117,0,94,-86
19651118,0,97,-45
19651119,0,70,-46
19651120,0,110,-30
19651121,0,134,-65
19651122,0,88,-68
19651123,0,17,-79
19651124,0,-39,-180
19651125,0,-8,-132
19651126,0,24,-155
19651127,0,40,-108
19651128,0,25,-28
19651129,2,-25,-164
19651130,0,-7,-186
19651201,0,22,-144
19651202,0,43,-91
19651203,0,-15,-115
19651204,0,-27,-186
19651205,0,-84,-182
19651206,0,-46,-199
19651207,0,-1,-134
19651208,0,28,-85
19651209,0,39,-100
19651210,0,63,-89
19651211,0,10,-77
19651212,0,63,-150
19651213,0,-14,-107
19651214,0,-42,-158
19651215,0,-97,-198
19651216,0,-138,-237
19651217,0,-114,-260
19651218,0,-71,-189
19651219,0,7,-215
19651220,0,2,-141
19651221,0,32,-186
19651222,0,18,-150
19651223,0,-132,-226
19651224,0,-93,-238
19651225,0,-100,-218
19651226,0,-54,-225
19651227,0,-35,-198
19651228,0,-26,-174
19651229,0,-85,-191
19651230,0,-54,-233
19651231,0,-13,-203
19660101,0,23,-180
19660102,0,-22,-126
19660103,0,5,-130
19660104,0,17,-100
19660105,0,0,-98
19660106,0,44,-168
19660107,0,40,-93
19660108,3,8,-62
19660109,0,0,-127
19660110,0,-36,-203
19660111,0,-10,-121
19660112,0,-2,-171
19660113,0,-65,-178
19660114,0,-11,-159
19660115,0,17,-151
19660116,0,-29,-116
19660117,0,-11,-155
19660118,0,-5,-171
19660119,0,31,-166
19660120,0,41,-142
19660121,0,37,-147
19660122,0,2,-151
19660123,20,-77,-134
19660124,0,-90,-175
19660125,0,-72,-234
19660126,0,-138,-235
19660127,0,-146,-228
19660128,0,-25,-229
19660129,0,-9,-143
19660130,0,91,-156
19660131,0,49,-52
19660201,0,113,-131
19660202,0,57,-91
19660203,0,-6,-157
19660204,0,-4,-159
19660205,0,35,-65
19660206,0,81,-112
19660207,0,110,-76
19660208,0,133,-93
19660209,0,81,-49
19660210,0,18,-116
19660211,0,-15,-106
19660212,0,23,-147
19660213,0,81,-124
19660214,0,88,-146
19660215,0,50,-65
19660216,0,68,-97
19660217,0,35,-55
19660218,0,100,-124
19660219,0,107,-103
19660220,0,-5,-109
19660221,2,-76,-161
19660222,0,-64,-191
19660223,0,6,-204
19660224,0,41,-126
19660225,0,50,-71
19660226,0,95,-117
19660227,0,87,-53
19660228,0,135,-97
19660301,0,171,-66
19660302,0,112,-27
19660303,0,127,-15
19660304,0,101,-48
19660305,33,42,-13
19660306,49,4,-66
19660307,1,-49,-109
19660308,0,5,-131
19660309,0,66,-105
19660310,0,105,-26
19660311,0,125,-27
19660312,0,101,17
19660313,0,140,-34
19660314,0,90,-17
19660315,0,138,-43
19660316,0,126,59
19660317,0,70,-29
19660318,0,8,-102
19660319,0,108,-103
19660320,0,136,-63
19660321,0,119,24
19660322,0,73,-90
19660323,0,137,-65
19660324,0,142,-72
19660325,0,119,-4
19660326,0,121,-16
19660327,0,82,-45
19660328,0,90,-81
19660329,0,122,20
19660330,0,110,8
19660331,0,120,-36
19660401,0,143,19
19660402,0,131,-26
19660403,0,90,-14
19660404,0,97,-55
19660405,22,90,-8
19660406,3,80,-35
19660407,0,141,-20
19660408,0,104,7
19660409,0,76,-30
19660410,0,101,-19
19660411,0,123,-51
19660412,0,160,6
19660413,0,193,-2
19660414,0,158,2
19660415,0,109,-96
19660416,0,159,-47
19660417,0,197,54
19660418,0,174,44
19660419,0,207,49
19660420,0,254,57
19660421,0,242,73
19660422,0,196,47
19660423,0,178,-33
19660424,10,158,78
19660425,0,214,98
19660426,0,243,50
19660427,0,268,79
19660428,0,208,58
19660429,0,153,-3
19660430,2,213,69
19660501,5,163,48
19660502,0,203,-1
19660503,0,237,41
19660504,0,260,93
19660505,0,223,106
19660506,0,158,25
19660507,0,257,34
19660508,0,299,73
19660509,0,246,141
19660510,0,178,81
19660511,0,247,61
19660512,0,254,143
19660513,21,207,90
19660514,0,211,85
19660515,0,233,63
19660516,0,236,79
19660517,0,257,82
19660518,0,266,102
19660519,0,291,121
19660520,0,274,103
19660521,0,225,100
19660522,5,219,128
19660523,45,191,97
19660524,143,178,118
19660525,36,135,70
19660526,0,203,52
19660527,0,172,81
19660528,0,155,104
19660529,0,160,73
19660530,0,218,66
19660531,0,247,76
19660601,0,228,116
19660602,0,213,61
19660603,0,230,94
19660604,0,247,124
19660605,0,286,108
19660606,0,314,112
19660607,0,259,145
19660608,0,267,121
19660609,0,294,116
19660610,0,272,152
19660611,35,261,148
19660612,3,269,126
19660613,0,300,135
19660614,0,266,139
19660615,1,277,119
19660616,1,320,128
19660617,22,278,136
19660618,0,303,117
19660619,0,341,160
19660620,0,334,152
19660621,0,365,181
19660622,6,275,155
19660623,0,281,138
19660624,0,299,120
19660625,0,309,152
19660626,0,319,139
19660627,52,289,174
19660628,1,269,126
19660629,12,279,154
19660630,0,302,122
19660701,0,319,153
19660702,0,326,174
19660703,0,255,138
19660704,64,179,132
19660705,1,206,144
19660706,0,269,135
19660707,0,276,118
19660708,0,303,151
19660709,0,309,154
19660710,76,305,143
19660711,0,312,149
19660712,0,296,182
19660713,6,264,182
19660714,6,297,171
19660715,26,284,175
19660716,0,324,190
19660717,85,297,208
19660718,0,325,200
19660719,111,271,160
19660720,0,302,160
19660721,0,299,173
19660722,0,291,166
19660723,31,261,180
19660724,102,229,168
19660725,31,219,142
19660726,0,261,160
19660727,103,233,175
19660728,248,261,182
19660729,0,304,172
19660730,0,256,192
19660731,4,232,173
19660801,0,299,188
19660802,0,309,203
19660803,0,261,188
19660804,0,314,153
19660805,0,267,185
19660806,0,314,128
19660807,30,303,172
19660808,63,294,144
19660809,0,302,146
19660810,0,279,149
19660811,0,313,134
19660812,0,315,188
19660813,0,293,217
19660814,0,305,178
19660815,650,259,178
19660816,0,236,169
19660817,0,258,108
19660818,10,226,101
19660819,0,232,95
19660820,0,233,86
19660821,0,248,94
19660822,0,253,102
19660823,0,257,95
19660824,0,248,147
19660825,0,256,113
19660826,4,282,129
19660827,0,301,133
19660828,10,275,168
19660829,0,282,152
19660830,0,245,156
19660831,0,236,119
19660901,0,227,119
19660902,0,222,119
19660903,0,251,119
19660904,0,269,75
19660905,0,268,74
19660906,0,208,89
19660907,0,184,45
19660908,0,203,36
19660909,0,210,112
19660910,18,168,120
19660911,43,196,104
19660912,0,204,79
19660913,0,202,59
19660914,0,187,96
19660915,0,208,56
19660916,0,239,62
19660917,0,241,87
19660918,0,229,73
19660919,8,181,110
19660920,16,150,68
19660921,0,169,10
19660922,0,187,9
19660923,0,212,15
19660924,0,221,38
19660925,0,218,38
19660926,0,208,32
19660927,0,206,39
19660928,0,214,13
19660929,0,213,20
19660930,0,223,14
19661001,0,242,42
19661002,0,204,28
19661003,0,231,75
19661004,11,185,100
19661005,1,181,96
19661006,0,188,13
19661007,44,116,44
19661008,0,150,-5
19661009,0,156,20
19661010,0,170,63
19661011,0,206,-5
19661012,0,141,40
19661013,0,94,-32
19661014,0,86,-67
19661015,0,134,-59
19661016,0,150,-34
19661017,0,159,-43
19661018,0,180,-35
19661019,0,185,-10
19661020,0,186,4
19661021,0,192,17
19661022,30,149,74
19661023,1,146,56
19661024,0,156,17
19661025,0,166,-4
19661026,10,94,-28
19661027,0,2,-105
19661028,0,103,-97
19661029,0,117,-53
19661030,0,101,-8
19661031,0,111,-35
19661101,0,125,-79
19661102,0,138,-49
19661103,0,136,-63
19661104,0,123,-66
19661105,0,43,-29
19661106,0,119,-62
19661107,0,141,-64
19661108,0,92,-65
19661109,0,69,-9
19661110,0,111,-80
19661111,0,126,-72
19661112,0,40,10
19661113,0,16,-57
19661114,0,30,-60
19661115,0,77,-95
19661116,0,35,-58
19661117,0,81,-135
19661118,0,17,-44
19661119,0,-10,-124
19661120,0,-16,-160
19661121,0,52,-163
19661122,0,84,-124
19661123,0,109,-112
19661124,0,67,-86
19661125,0,-12,-132
19661126,0,30,-132
19661127,0,29,-124
19661128,0,3,-114
19661129,0,-36,-158
19661130,0,-146,-263
19661201,0,-102,-253
19661202,0,-5,-230
19661203,0,41,-145
19661204,0,-7,-146
19661205,0,-38,-189
19661206,0,-12,-189
19661207,0,19,-154
19661208,0,-22,-197
19661209,0,10,-122
19661210,0,62,-139
19661211,0,-1,-90
19661212,0,10,-168
19661213,0,27,-150
19661214,0,35,-132
19661215,0,49,-127
19661216,0,78,-139
19661217,0,94,-129
19661218,0,81,-132
19661219,0,-17,-144
19661220,0,-61,-189
19661221,0,-142,-228
19661222,0,-113,-246
19661223,0,-124,-207
19661224,0,-116,-269
19661225,0,-116,-258
19661226,0,-164,-289
19661227,0,-104,-297
19661228,0,-55,-215
19661229,0,-86,-167
19661230,0,-79,-161
19661231,0,-101,-172
19670101,0,-99,-218
19670102,0,-135,-243
19670103,0,-111,-224
19670104,0,-91,-241
19670105,0,-46,-250
19670106,0,-43,-231
19670107,0,-80,-242
19670108,0,-66,-241
19670109,0,-57,-163
19670110,0,-73,-148
19670111,0,-32,-203
19670112,0,-54,-133
19670113,0,-46,-198
19670114,0,-96,-229
19670115,0,-108,-291
19670116,0,-26,-252
19670117,0,-7,-207
19670118,0,-20,-173
19670119,0,26,-184
19670120,0,51,-159
19670121,0,-19,-119
19670122,0,0,-208
19670123,0,38,-188
19670124,0,64,-178
19670125,0,92,-148
19670126,0,35,-110
19670127,0,-10,-72
19670128,0,7,-124
19670129,0,6,-178
19670130,2,-39,-102
19670131,0,-79,-177
19670201,0,-69,-234
19670202,0,-46,-234
19670203,0,12,-219
19670204,0,47,-101
19670205,0,-20,-118
19670206,0,-39,-104
19670207,0,-14,-193
19670208,0,-3,-154
19670209,0,-81,-194
19670210,0,-88,-284
19670211,0,-53,-267
19670212,0,-56,-211
19670213,0,-68,-170
19670214,0,-66,-229
19670215,0,2,-233
19670216,0,19,-170
19670217,0,83,-160
19670218,0,78,-106
19670219,0,88,-10
19670220,0,33,-105
19670221,0,4,-88
19670222,0,-51,-114
19670223,0,-34,-225
19670224,0,-5,-193
19670225,0,-15,-192
19670226,0,0,-182
19670227,0,31,-181
19670228,0,87,-172
19670301,0,123,-118
19670302,0,58,-32
19670303,0,-32,-116
19670304,0,-83,-231
19670305,0,-51,-222
19670306,0,-14,-207
19670307,0,15,-171
19670308,0,30,-78
19670309,0,49,-80
19670310,0,122,-128
19670311,0,107,-36
19670312,0,150,-54
19670313,0,142,-52
19670314,0,119,-30
19670315,0,114,24
19670316,0,109,-65
19670317,0,122,-10
19670318,0,124,-57
19670319,0,99,-56
19670320,1,109,-3
19670321,0,72,-48
19670322,0,39,-163
19670323,0,91,-136
19670324,0,126,-71
19670325,0,160,-40
19670326,0,158,19
19670327,0,156,-25
19670328,0,122,28
19670329,3,84,32
19670330,1,128,6
19670331,0,168,-3
19670401,0,205,-9
19670402,0,122,2
19670403,0,76,-63
19670404,0,127,-85
19670405,0,143,-49
19670406,0,177,-37
19670407,0,139,52
19670408,0,156,22
19670409,0,119,15
19670410,0,60,-65
19670411,0,82,-84
19670412,0,126,-55
19670413,0,148,-40
19670414,3,134,46
19670415,0,111,18
19670416,2,134,21
19670417,6,73,35
19670418,0,138,-56
19670419,0,173,-17
19670420,0,191,21
19670421,0,174,49
19670422,0,182,22
19670423,0,187,36
19670424,10,198,70
19670425,3,175,39
19670426,0,172,34
19670427,0,222,6
19670428,0,291,71
19670429,0,235,145
19670430,0,214,32
19670501,0,248,87
19670502,26,214,119
19670503,80,154,82
19670504,132,107,79
19670505,0,155,75
19670506,0,196,60
19670507,0,159,44
19670508,0,175,23
19670509,0,221,16
19670510,0,244,74
19670511,0,259,83
19670512,0,269,116
19670513,0,265,93
19670514,13,253,110
19670515,150,220,123
19670516,23,235,123
19670517,133,152,118
19670518,13,197,112
19670519,0,254,122
19670520,0,244,151
19670521,0,238,124
19670522,0,265,111
19670523,0,241,153
19670524,0,215,109
19670525,0,235,55
19670526,0,271,80
19670527,0,284,111
19670528,0,248,120
19670529,0,295,134
19670530,0,319,155
19670531,0,264,161
19670601,0,287,94
19670602,0,313,140
19670603,0,325,145
19670604,0,324,190
19670605,0,337,168
19670606,0,298,169
19670607,0,186,62
19670608,1,182,93
19670609,0,271,60
19670610,0,230,84
19670611,0,257,84
19670612,0,289,119
19670613,2,295,108
19670614,12,287,110
19670615,0,313,123
19670616,0,281,180
19670617,0,298,109
19670618,0,307,152
19670619,0,304,156
19670620,0,268,119
19670621,40,213,132
19670622,0,239,110
19670623,10,240,120
19670624,0,271,90
19670625,0,321,146
19670626,0,314,147
19670627,43,292,141
19670628,1,275,151
19670629,33,249,171
19670630,358,173,142
19670701,14,211,141
19670702,0,273,134
19670703,0,258,163
19670704,1,272,143
19670705,0,299,142
19670706,0,259,123
19670707,0,295,125
19670708,43,305,149
19670709,0,297,144
19670710,60,270,167
19670711,29,223,164
19670712,19,277,145
19670713,0,314,136
19670714,0,305,163
19670715,0,319,158
19670716,0,324,142
19670717,372,290,174
19670718,0,281,164
19670719,0,313,154
19670720,10,279,200
19670721,5,233,155
19670722,0,264,111
19670723,0,276,128
19670724,0,258,166
19670725,0,285,164
19670726,0,315,150
19670727,0,323,169
19670728,0,330,176
19670729,0,338,176
19670730,0,306,227
19670731,1,273,185
19670801,0,274,187
19670802,56,271,182
19670803,91,240,172
19670804,0,274,168
19670805,0,310,198
19670806,0,285,205
19670807,42,210,156
19670808,0,233,164
19670809,5,192,141
19670810,149,208,146
19670811,1,262,124
19670812,0,275,154
19670813,6,231,145
19670814,0,269,98
19670815,0,287,122
19670816,0,278,124
19670817,0,283,162
19670818,0,272,162
19670819,142,248,188
19670820,0,297,192
19670821,0,301,172
19670822,49,267,178
19670823,0,264,128
19670824,0,253,113
19670825,106,250,196
19670826,0,276,195
19670827,0,240,170
19670828,0,241,142
19670829,84,210,145
19670830,2,222,144
19670831,212,218,144
19670901,8,191,138
19670902,1,206,84
19670903,0,227,94
19670904,7,208,124
19670905,0,225,142
19670906,2,183,150
19670907,0,261,139
19670908,0,267,138
19670909,0,155,45
19670910,0,161,79
19670911,0,190,36
19670912,0,211,49
19670913,170,165,104
19670914,5,149,70
19670915,4,183,34
19670916,0,188,45
19670917,0,212,57
19670918,6,204,114
19670919,1,213,75
19670920,0,232,46
19670921,0,233,60
19670922,0,215,83
19670923,0,220,37
19670924,0,217,78
19670925,0,210,103
19670926,0,228,118
19670927,78,180,64
19670928,0,91,5
19670929,0,143,-5
19670930,0,130,30
19671001,0,132,0
19671002,0,156,-16
19671003,0,178,24
19671004,0,188,15
19671005,0,188,13
19671006,0,183,11
19671007,0,193,5
19671008,0,180,53
19671009,0,193,54
19671010,5,147,46
19671011,0,146,24
19671012,0,149,-2
19671013,0,89,-48
19671014,0,113,-64
19671015,0,109,-49
19671016,0,119,-26
19671017,0,139,-50
19671018,0,146,-23
19671019,0,160,21
19671020,0,132,-6
19671021,0,153,-1
19671022,0,163,-40
19671023,0,163,-3
19671024,0,192,-13
19671025,0,173,40
19671026,0,151,-22
19671027,0,158,-25
19671028,0,152,25
19671029,0,105,-8
19671030,0,84,-85
19671031,89,50,-7
19671101,0,6,-56
19671102,0,33,-61
19671103,0,43,-78
19671104,0,53,-45
19671105,0,93,-75
19671106,0,124,-71
19671107,0,74,-40
19671108,0,22,-118
19671109,0,25,-100
19671110,0,15,-64
19671111,0,-13,-102
19671112,0,6,-148
19671113,0,38,-109
19671114,0,17,-85
19671115,0,69,-121
19671116,0,91,-106
19671117,0,76,-80
19671118,0,43,-60
19671119,0,59,-74
19671120,0,30,-15
19671121,63,26,-6
19671122,0,10,-20
19671123,0,17,-5
19671124,16,3,-7
19671125,53,-2,-14
19671126,8,-11,-45
19671127,26,-43,-82
19671128,3,-80,-148
19671129,0,-111,-174
19671130,0,-91,-212
19671201,0,-98,-208
19671202,0,-93,-233
19671203,0,-66,-237
19671204,0,-148,-219
19671205,0,-100,-267
19671206,0,-158,-259
19671207,0,-127,-242
19671208,0,-106,-259
19671209,0,-168,-264
19671210,0,-122,-314
19671211,0,-113,-289
19671212,0,-86,-281
19671213,0,-103,-201
19671214,0,-61,-266
19671215,0,-62,-218
19671216,0,-46,-219
19671217,0,-35,-223
19671218,0,14,-197
19671219,0,-85,-214
19671220,0,-104,-264
19671221,0,-82,-257
19671222,0,-80,-174
19671223,0,-85,-247
19671224,0,-113,-210
19671225,0,-117,-284
19671226,0,-114,-274
19671227,0,-163,-254
19671228,0,-114,-254
19671229,0,-96,-223
19671230,0,-76,-171
19671231,0,-55,-174
19680101,0,-40,-200
19680102,0,-47,-154
19680103,0,-25,-193
19680104,0,-14,-191
19680105,0,-17,-154
19680106,0,-54,-137
19680107,0,-125,-226
19680108,0,-86,-273
19680109,0,-69,-195
19680110,0,-75,-245
19680111,0,1,-198
19680112,0,-51,-152
19680113,0,-71,-179
19680114,0,-108,-279
19680115,0,-53,-228
19680116,0,-16,-132
19680117,0,4,-186
19680118,0,-37,-129
19680119,0,-46,-144
19680120,0,-104,-228
19680121,0,-79,-245
19680122,0,-62,-173
19680123,0,-90,-228
19680124,0,-40,-223
19680125,0,-64,-210
19680126,0,-46,-233
19680127,0,-76,-168
19680128,0,-101,-228
19680129,0,-93,-224
19680130,0,-95,-249
19680131,0,-122,-254
19680201,0,-88,-259
19680202,0,-131,-203
19680203,0,-114,-255
19680204,0,-109,-254
19680205,0,-129,-231
19680206,0,-86,-260
19680207,0,-95,-228
19680208,0,-70,-254
19680209,0,-53,-168
19680210,0,-40,-221
19680211,0,-11,-198
19680212,0,-25,-157
19680213,0,9,-194
19680214,0,24,-173
19680215,0,5,-179
19680216,0,0,-144
19680217,0,-64,-163
19680218,0,-105,-218
19680219,0,-82,-252
19680220,0,-47,-218
19680221,0,-12,-172
19680222,0,-55,-204
19680223,0,-32,-191
19680224,0,30,-131
19680225,0,66,-95
19680226,0,94,-97
19680227,0,20,-97
19680228,0,-6,-161
19680229,0,25,-155
19680301,0,60,-132
19680302,0,76,-100
19680303,0,174,-45
19680304,1,82,-81
19680305,0,102,-96
19680306,0,57,-39
19680307,0,8,-92
19680308,0,40,-128
19680309,0,102,-84
19680310,0,104,-37
19680311,1,30,-86
19680312,0,75,-106
19680313,0,95,-95
19680314,0,150,-75
19680315,0,123,-45
19680316,0,136,-55
19680317,0,188,-43
19680318,0,133,35
19680319,0,97,-43
19680320,0,76,-85
19680321,4,64,-1
19680322,64,24,-1
19680323,40,32,-7
19680324,78,37,-24
19680325,21,72,-20
19680326,0,93,-25
19680327,1,135,-15
19680328,0,104,28
19680329,0,111,-12
19680330,0,119,-22
19680331,0,138,-17
19680401,0,133,-10
19680402,5,149,48
19680403,0,131,44
19680404,0,77,-41
19680405,0,195,-17
19680406,0,203,15
19680407,0,97,26
19680408,0,49,-62
19680409,0,105,-57
19680410,0,66,-64
19680411,0,104,-36
19680412,0,144,-50
19680413,0,183,-20
19680414,0,145,74
19680415,0,165,-15
19680416,0,168,20
19680417,0,117,64
19680418,0,115,55
19680419,0,118,27
19680420,0,228,4
19680421,0,158,83
19680422,0,176,-20
19680423,0,198,73
19680424,0,96,20
19680425,0,136,-66
19680426,0,185,-35
19680427,0,256,7
19680428,0,289,52
19680429,0,251,144
19680430,0,172,79
19680501,0,198,12
19680502,0,230,22
19680503,0,266,123
19680504,0,211,67
19680505,0,134,5
19680506,21,109,38
19680507,0,168,44
19680508,0,158,24
19680509,0,171,50
19680510,0,232,63
19680511,0,195,98
19680512,0,207,8
19680513,0,264,56
19680514,0,280,63
19680515,0,282,107
19680516,0,245,121
19680517,0,281,78
19680518,0,226,69
19680519,0,255,29
19680520,0,284,97
19680521,0,289,146
19680522,0,292,108
19680523,0,208,121
19680524,0,193,64
19680525,0,180,69
19680526,0,182,50
19680527,0,205,30
19680528,0,232,53
19680529,0,235,56
19680530,0,256,68
19680531,0,284,73
19680601,0,296,98
19680602,0,298,136
19680603,0,299,102
19680604,0,304,128
19680605,0,299,154
19680606,0,254,114
19680607,0,237,108
19680608,0,236,160
19680609,0,263,14
19680610,0,317,95
19680611,0,353,132
19680612,0,346,165
19680613,11,286,113
19680614,0,250,88
19680615,0,260,94
19680616,4,256,182
19680617,0,294,79
19680618,17,293,129
19680619,10,299,153
19680620,0,281,94
19680621,0,285,149
19680622,0,282,132
19680623,0,280,121
19680624,0,293,131
19680625,0,264,154
19680626,0,296,94
19680627,0,309,131
19680628,0,310,128
19680629,35,298,153
19680630,29,230,157
19680701,41,275,151
19680702,0,297,167
19680703,0,242,168
19680704,0,291,125
19680705,0,305,152
19680706,2,277,173
19680707,40,254,168
19680708,18,267,142
19680709,0,280,136
19680710,0,281,152
19680711,24,251,159
19680712,0,281,133
19680713,0,295,136
19680714,3,285,168
19680715,110,202,151
19680716,0,269,121
19680717,0,312,146
19680718,0,282,143
19680719,0,269,149
19680720,0,288,154
19680721,3,296,146
19680722,0,308,156
19680723,0,319,202
19680724,0,320,178
19680725,1,319,204
19680726,0,262,199
19680727,128,208,152
19680728,1,263,136
19680729,0,301,151
19680730,59,324,160
19680731,59,292,148
19680801,389,260,158
19680802,445,183,133
19680803,6,172,116
19680804,289,171,119
19680805,0,219,96
19680806,31,218,106
19680807,23,220,124
19680808,0,231,94
19680809,0,256,105
19680810,0,276,116
19680811,0,241,153
19680812,18,235,133
19680813,1,225,133
19680814,0,243,110
19680815,0,273,112
19680816,563,279,130
19680817,268,238,155
19680818,0,223,142
19680819,0,238,131
19680820,12,222,150
19680821,5,233,146
19680822,1,236,111
19680823,0,252,110
19680824,121,205,134
19680825,0,230,132
19680826,0,243,126
19680827,15,211,157
19680828,0,237,122
19680829,0,253,111
19680830,0,228,106
19680831,36,180,123
19680901,38,133,121
19680902,23,161,114
19680903,92,155,103
19680904,2,205,68
19680905,0,223,88
19680906,301,183,130
19680907,2,208,130
19680908,0,226,116
19680909,0,240,112
19680910,0,205,130
19680911,8,211,115
19680912,1,260,110
19680913,0,266,100
19680914,0,269,90
19680915,0,261,92
19680916,0,230,130
19680917,10,236,138
19680918,2,195,128
19680919,0,157,55
19680920,0,159,-15
19680921,0,211,33
19680922,0,194,33
19680923,0,238,43
19680924,0,231,59
19680925,0,237,60
19680926,0,214,119
19680927,0,119,19
19680928,0,140,-19
19680929,0,170,-4
19680930,0,205,2
19681001,0,183,101
19681002,0,227,36
19681003,0,246,32
19681004,11,178,89
19681005,71,144,85
19681006,59,116,82
19681007,19,114,70
19681008,99,94,70
19681009,2,71,2
19681010,0,65,1
19681011,0,59,-4
19681012,7,73,28
19681013,6,113,45
19681014,0,123,8
19681015,2,91,40
19681016,10,91,19
19681017,0,101,-26
19681018,0,134,-14
19681019,0,160,-15
19681020,0,171,10
19681021,0,151,5
19681022,11,84,3
19681023,0,75,-38
19681024,0,126,-56
19681025,0,147,-39
19681026,0,155,-1
19681027,0,124,6
19681028,0,131,-22
19681029,0,160,-4
19681030,0,163,-3
19681031,0,153,-8
19681101,40,142,4
19681102,52,85,-30
19681103,0,33,-71
19681104,0,81,-76
19681105,0,86,-38
19681106,0,122,-17
19681107,0,72,-60
19681108,0,-49,-158
19681109,0,-1,-155
19681110,0,64,-112
19681111,0,86,-75
19681112,0,59,-64
19681113,0,63,-104
19681114,0,61,-70
19681115,0,86,-90
19681116,0,86,-97
19681117,0,103,-64
19681118,0,83,-36
19681119,0,101,-50
19681120,0,89,-64
19681121,0,128,-51
19681122,0,114,-2
19681123,0,111,-37
19681124,0,110,-41
19681125,4,51,-44
19681126,0,14,-88
19681127,0,-4,-146
19681128,0,38,-106
19681129,0,59,-98
19681130,0,119,-68
19681201,0,129,-81
19681202,0,64,-63
19681203,0,93,-71
19681204,0,100,-91
19681205,0,67,-66
19681206,0,84,-96
19681207,0,94,-56
19681208,0,40,-68
19681209,0,54,-85
19681210,0,59,-69
19681211,0,13,-82
19681212,10,15,-90
19681213,0,-26,-130
19681214,0,-92,-222
19681215,0,-27,-193
19681216,0,1,-112
19681217,0,35,-125
19681218,0,60,-131
19681219,0,4,-90
19681220,0,-48,-166
19681221,0,-88,-147
19681222,0,-26,-162
19681223,0,-2,-100
19681224,0,-13,-148
19681225,0,-9,-91
19681226,0,-32,-154
19681227,0,2,-197
19681228,0,-16,-165
19681229,4,-45,-120
19681230,0,-109,-173
19681231,0,-111,-206
19690101,0,-93,-230
19690102,0,-126,-258
19690103,0,-87,-243
19690104,0,-75,-240
19690105,0,-87,-230
19690106,0,-86,-194
19690107,0,-56,-239
19690108,0,-33,-225
19690109,0,-51,-130
19690110,0,-104,-178
19690111,0,-83,-184
19690112,0,-38,-218
19690113,0,-36,-203
19690114,0,-66,-206
19690115,0,-22,-220
19690116,0,-25,-145
19690117,0,64,-144
19690118,0,30,-123
19690119,0,17,-132
19690120,0,-20,-144
19690121,0,68,-151
19690122,0,64,-51
19690123,0,6,-109
19690124,0,69,-80
19690125,0,12,-103
19690126,0,0,-145
19690127,0,-45,-187
19690128,1,-144,-186
19690129,0,-104,-216
19690130,0,-91,-204
19690131,0,-91,-212
19690201,0,-66,-230
19690202,1,-71,-189
19690203,1,-115,-191
19690204,0,-84,-243
19690205,0,-40,-226
19690206,0,-54,-203
19690207,0,-12,-164
19690208,0,5,-154
19690209,0,35,-143
19690210,0,117,-114
19690211,0,70,-46
19690212,0,48,-75
19690213,0,35,-108
19690214,8,-5,-81
19690215,0,1,-78
19690216,0,-5,-140
19690217,0,-20,-123
19690218,0,-55,-166
19690219,16,-73,-118
19690220,0,-64,-137
19690221,0,-53,-173
19690222,0,-33,-157
19690223,0,-82,-215
19690224,0,-68,-188
19690225,0,-35,-154
19690226,4,-40,-134
19690227,0,-10,-155
19690228,0,-7,-144
19690301,0,20,-165
19690302,0,22,-96
19690303,0,-9,-112
19690304,0,0,-187
19690305,0,37,-61
19690306,0,50,-124
19690307,0,64,-125
19690308,0,81,-66
19690309,0,93,-95
19690310,0,50,-24
19690311,0,-12,-106
19690312,0,40,-153
19690313,0,73,-60
19690314,0,64,-68
19690315,0,37,-50
19690316,0,74,-115
19690317,0,82,-60
19690318,0,149,-61
19690319,0,149,-22
19690320,0,81,-40
19690321,0,62,-106
19690322,0,128,-10
19690323,0,172,-35
19690324,0,199,-23
19690325,0,221,0
19690326,0,237,25
19690327,0,168,35
19690328,0,73,-37
19690329,0,126,-32
19690330,0,178,0
19690331,0,183,33
19690401,0,171,35
19690402,0,109,-93
19690403,1,-42,-111
19690404,0,27,-108
19690405,0,61,-57
19690406,0,140,-12
19690407,0,120,-45
19690408,0,166,-10
19690409,0,259,-2
19690410,0,271,29
19690411,0,289,99
19690412,0,286,100
19690413,0,182,104
19690414,0,165,27
19690415,0,122,4
19690416,0,155,39
19690417,0,173,39
19690418,0,145,59
19690419,50,109,74
19690420,0,163,35
19690421,0,176,14
19690422,0,193,31
19690423,0,119,-7
19690424,0,104,22
19690425,0,162,22
19690426,0,189,34
19690427,0,196,15
19690428,0,211,59
19690429,0,173,81
19690430,0,208,6
19690501,0,232,70
19690502,63,198,94
19690503,0,217,79
19690504,0,237,101
19690505,0,182,18
19690506,0,251,52
19690507,0,294,91
19690508,0,303,118
19690509,0,321,123
19690510,0,266,112
19690511,0,230,149
19690512,0,237,110
19690513,10,171,122
19690514,0,213,74
19690515,0,246,77
19690516,0,223,74
19690517,0,248,103
19690518,0,239,58
19690519,0,240,135
19690520,0,277,97
19690521,0,287,144
19690522,0,289,138
19690523,110,243,120
19690524,0,278,98
19690525,23,241,93
19690526,0,195,57
19690527,0,289,75
19690528,0,250,123
19690529,0,261,69
19690530,0,338,136
19690531,20,342,160
19690601,0,232,119
19690602,0,232,66
19690603,0,279,106
19690604,0,226,104
19690605,0,240,60
19690606,0,248,86
19690607,0,273,99
19690608,0,271,129
19690609,34,240,89
19690610,28,182,66
19690611,0,237,60
19690612,0,279,85
19690613,0,301,118
19690614,0,263,161
19690615,66,230,116
19690616,4,165,84
19690617,0,251,113
19690618,0,232,104
19690619,0,263,93
19690620,0,294,105
19690621,0,311,132
19690622,0,313,127
19690623,0,301,142
19690624,0,306,161
19690625,0,269,181
19690626,0,288,108
19690627,0,289,130
19690628,0,294,157
19690629,0,283,146
19690630,45,264,148
19690701,0,265,129
19690702,59,294,166
19690703,61,301,153
19690704,2,283,165
19690705,86,250,143
19690706,0,230,123
19690707,0,283,124
19690708,22,257,173
19690709,0,243,138
19690710,0,266,114
19690711,0,289,132
19690712,0,294,148
19690713,0,317,144
19690714,38,248,154
19690715,2,280,123
19690716,0,272,99
19690717,0,285,120
19690718,0,306,124
19690719,52,284,170
19690720,0,306,132
19690721,17,331,159
19690722,34,300,160
19690723,0,283,154
19690724,0,314,143
19690725,8,285,167
19690726,42,225,144
19690727,0,253,142
19690728,211,229,165
19690729,0,273,180
19690730,0,306,206
19690731,0,320,220
19690801,0,324,194
19690802,35,311,183
19690803,0,301,167
19690804,0,323,165
19690805,0,317,178
19690806,23,243,165
19690807,0,259,119
19690808,0,255,161
19690809,88,244,174
19690810,2,218,153
19690811,0,235,119
19690812,0,257,118
19690813,0,296,118
19690814,0,280,94
19690815,47,299,139
19690816,60,210,133
19690817,0,238,112
19690818,0,269,94
19690819,0,292,143
19690820,0,259,134
19690821,0,272,116
19690822,0,268,96
19690823,0,279,93
19690824,0,256,94
19690825,0,231,107
19690826,0,256,54
19690827,0,285,64
19690828,1,254,108
19690829,0,286,88
19690830,0,258,118
19690831,0,288,74
19690901,115,233,116
19690902,18,211,102
19690903,0,201,84
19690904,0,188,77
19690905,0,214,49
19690906,0,225,59
19690907,0,238,86
19690908,34,201,121
19690909,5,186,82
19690910,0,215,84
19690911,4,218,65
19690912,32,238,64
19690913,0,260,54
19690914,0,278,75
19690915,0,289,89
19690916,0,281,75
19690917,0,224,113
19690918,3,165,84
19690919,0,220,40
19690920,0,213,64
19690921,0,223,27
19690922,0,240,106
19690923,0,257,110
19690924,6,199,107
19690925,3,175,110
19690926,39,165,124
19690927,79,134,86
19690928,38,119,78
19690929,8,139,74
19690930,0,119,-18
19691001,0,98,-36
19691002,0,141,-38
19691003,0,157,-8
19691004,0,191,43
19691005,67,136,90
19691006,10,178,50
19691007,0,124,14
19691008,0,92,-38
19691009,0,159,-26
19691010,0,200,24
19691011,0,240,23
19691012,0,210,70
19691013,0,221,50
19691014,0,202,79
19691015,0,195,21
19691016,0,223,63
19691017,0,220,51
19691018,0,154,80
19691019,0,172,20
19691020,0,184,14
19691021,0,149,64
19691022,226,91,40
19691023,13,136,50
19691024,0,125,32
19691025,0,116,-14
19691026,0,141,-16
19691027,0,159,-12
19691028,0,182,0
19691029,0,163,9
19691030,0,124,10
19691031,0,74,-80
19691101,0,61,-59
19691102,0,61,-68
19691103,0,20,-56
19691104,0,17,-136
19691105,0,40,-129
19691106,0,80,-120
19691107,0,88,-30
19691108,0,77,-30
19691109,0,12,-95
19691110,0,86,-101
19691111,0,109,-35
19691112,0,153,-62
19691113,0,97,-36
19691114,0,17,-59
19691115,0,10,-123
19691116,0,-6,-94
19691117,0,-30,-139
19691118,0,30,-143
19691119,0,7,-87
19691120,0,5,-175
19691121,0,14,-150
19691122,0,15,-171
19691123,0,-15,-146
19691124,0,-2,-140
19691125,0,17,-121
19691126,0,15,-115
19691127,0,-5,-171
19691128,6,-35,-131
19691129,0,-6,-193
19691130,0,10,-136
19691201,0,-45,-124
19691202,0,-34,-183
19691203,0,16,-124
19691204,0,35,-132
19691205,0,48,-118
19691206,0,-13,-110
19691207,0,-92,-191
19691208,0,-83,-203
19691209,0,-32,-145
19691210,0,12,-132
19691211,0,-29,-122
19691212,0,-86,-199
19691213,0,-58,-240
19691214,0,-17,-188
19691215,0,-52,-202
19691216,0,-12,-204
19691217,0,-61,-156
19691218,0,-48,-235
19691219,0,-18,-183
19691220,0,30,-160
19691221,0,7,-110
19691222,0,2,-169
19691223,0,28,-164
19691224,0,15,-149
19691225,0,-12,-138
19691226,0,-60,-238
19691227,0,-111,-275
19691228,0,-10,-233
19691229,0,-14,-149
19691230,0,26,-191
19691231,0,20,-164
19700101,0,2,-108
19700102,0,10,-106
19700103,0,-82,-157
19700104,0,-153,-249
19700105,0,-108,-281
19700106,0,-87,-280
19700107,0,-61,-223
19700108,0,-46,-205
19700109,0,-98,-138
19700110,0,-37,-182
19700111,0,-15,-129
19700112,0,-63,-198
19700113,0,-61,-219
19700114,0,-86,-226
19700115,0,-61,-267
19700116,0,-35,-245
19700117,0,-40,-207
19700118,0,-42,-219
19700119,0,4,-207
19700120,0,17,-163
19700121,0,-30,-140
19700122,0,-55,-144
19700123,0,-21,-200
19700124,0,0,-165
19700125,0,45,-186
19700126,0,66,-144
19700127,0,17,-95
19700128,0,21,-70
19700129,0,15,-115
19700130,0,34,-167
19700131,0,64,-152
19700201,0,27,-81
19700202,0,30,-151
19700203,0,43,-144
19700204,0,46,-159
19700205,0,45,-135
19700206,0,37,-64
19700207,0,30,-113
19700208,0,1,-170
19700209,0,35,-165
19700210,0,18,-131
19700211,0,45,-170
19700212,0,67,-114
19700213,0,86,-120
19700214,0,23,-90
19700215,0,33,-151
19700216,0,93,-124
19700217,0,61,-32
19700218,0,65,-120
19700219,0,-15,-82
19700220,3,-26,-165
19700221,0,-39,-184
19700222,0,20,-120
19700223,26,-10,-40
19700224,3,-22,-76
19700225,0,-31,-103
19700226,0,-61,-199
19700227,0,-6,-173
19700228,0,40,-167
19700301,0,8,-97
19700302,0,18,-82
19700303,0,-15,-112
19700304,0,26,-166
19700305,0,27,-125
19700306,10,17,-88
19700307,0,59,-139
19700308,0,15,-128
19700309,0,-39,-153
19700310,0,-20,-166
19700311,0,27,-91
19700312,0,0,-74
19700313,0,51,-76
19700314,0,15,-64
19700315,0,-17,-80
19700316,0,44,-162
19700317,0,-12,-94
19700318,0,-2,-166
19700319,0,47,-146
19700320,0,29,-124
19700321,0,-22,-170
19700322,0,15,-191
19700323,0,37,-139
19700324,0,54,-122
19700325,0,91,-101
19700326,0,114,-71
19700327,0,120,2
19700328,0,116,-20
19700329,0,114,-63
19700330,0,106,20
19700331,0,135,-44
19700401,0,153,0
19700402,30,104,-60
19700403,0,57,-68
19700404,0,149,-74
19700405,0,168,-33
19700406,0,73,-65
19700407,0,139,-58
19700408,0,163,-31
19700409,0,117,19
19700410,8,66,-12
19700411,0,56,-53
19700412,0,89,-43
19700413,0,150,-28
19700414,0,168,10
19700415,0,169,45
19700416,0,150,15
19700417,0,173,19
19700418,0,181,12
19700419,0,198,10
19700420,0,216,38
19700421,0,222,64
19700422,72,113,29
19700423,0,149,-10
19700424,0,180,47
19700425,0,119,0
19700426,0,165,-5
19700427,0,211,5
19700428,0,241,38
19700429,18,259,88
19700430,165,169,102
19700501,0,140,25
19700502,0,213,45
19700503,0,213,85
19700504,109,193,84
19700505,0,190,89
19700506,0,244,99
19700507,0,258,113
19700508,113,183,108
19700509,0,202,66
19700510,0,253,95
19700511,0,223,140
19700512,0,193,83
19700513,0,212,96
19700514,2,202,79
19700515,0,230,63
19700516,0,279,100
19700517,0,244,168
19700518,0,203,98
19700519,0,199,54
19700520,0,270,48
19700521,0,279,89
19700522,0,285,153
19700523,12,274,129
19700524,0,215,43
19700525,0,264,118
19700526,0,294,111
19700527,0,280,134
19700528,0,226,134
19700529,137,148,119
19700530,18,136,89
19700531,0,159,19
19700601,0,174,38
19700602,0,236,90
19700603,0,279,99
19700604,0,306,140
19700605,22,269,153
19700606,231,166,70
19700607,56,151,64
19700608,0,196,89
19700609,0,205,116
19700610,0,253,89
19700611,0,277,115
19700612,0,274,103
19700613,0,269,119
19700614,0,263,133
19700615,26,229,104
19700616,0,252,132
19700617,0,237,116
19700618,0,214,96
19700619,0,238,90
19700620,0,245,109
19700621,11,273,109
19700622,0,308,110
19700623,0,281,140
19700624,0,297,125
19700625,0,321,128
19700626,0,314,135
19700627,0,259,168
19700628,3,276,148
19700629,0,253,141
19700630,0,279,110
19700701,0,277,144
19700702,0,289,115
19700703,0,319,110
19700704,0,336,142
19700705,12,326,157
19700706,25,228,157
19700707,0,287,111
19700708,0,288,112
19700709,0,291,122
19700710,0,296,142
19700711,0,300,131
19700712,0,289,134
19700713,0,312,136
19700714,0,326,149
19700715,33,296,179
19700716,0,320,146
19700717,0,319,192
19700718,18,315,176
19700719,0,316,139
19700720,0,343,117
19700721,0,289,178
19700722,0,290,130
19700723,0,315,168
19700724,0,305,195
19700725,48,257,161
19700726,0,314,146
19700727,0,334,154
19700728,21,299,200
19700729,0,322,145
19700730,0,294,200
19700731,57,291,186
19700801,79,236,187
19700802,76,254,158
19700803,0,286,161
19700804,0,294,146
19700805,35,269,153
19700806,0,271,181
19700807,14,277,197
19700808,15,289,181
19700809,0,310,168
19700810,0,279,209
19700811,36,210,106
19700812,0,245,86
19700813,0,248,134
19700814,0,269,170
19700815,58,226,186
19700816,0,265,183
19700817,0,247,169
19700818,540,230,150
19700819,0,224,117
19700820,0,259,100
19700821,0,276,119
19700822,0,309,138
19700823,0,293,140
19700824,188,290,124
19700825,61,242,151
19700826,0,258,129
19700827,287,216,134
19700828,0,212,109
19700829,0,196,144
19700830,94,232,143
19700831,0,248,91
19700901,0,284,99
19700902,0,290,123
19700903,0,243,127
19700904,0,237,59
19700905,0,281,157
19700906,5,241,92
19700907,32,188,81
19700908,0,203,46
19700909,0,180,89
19700910,0,169,106
19700911,0,233,88
19700912,0,264,71
19700913,0,195,45
19700914,0,253,56
19700915,0,198,63
19700916,0,193,74
19700917,0,208,25
19700918,0,233,67
19700919,19,184,105
19700920,0,211,98
19700921,0,183,106
19700922,0,179,50
19700923,0,227,74
19700924,0,168,79
19700925,0,144,3
19700926,0,183,52
19700927,0,204,56
19700928,0,89,-10
19700929,0,116,-57
19700930,0,152,-30
19701001,0,168,-33
19701002,0,178,-24
19701003,0,215,22
19701004,0,245,39
19701005,0,216,27
19701006,0,235,58
19701007,0,160,78
19701008,0,134,14
19701009,0,173,-20
19701010,0,170,-16
19701011,0,211,19
19701012,0,230,7
19701013,0,171,54
19701014,0,150,-11
19701015,0,162,15
19701016,0,188,-8
19701017,0,218,-2
19701018,0,214,5
19701019,0,223,30
19701020,0,203,53
19701021,0,193,74
19701022,95,153,54
19701023,10,121,82
19701024,7,89,2
19701025,0,10,-50
19701026,0,35,-65
19701027,3,34,-62
19701028,0,43,-62
19701029,0,74,-75
19701030,0,91,-66
19701031,0,96,-68
19701101,0,119,-44
19701102,0,83,-26
19701103,0,94,-73
19701104,0,118,-11
19701105,0,118,-52
19701106,0,158,-45
19701107,0,145,-31
19701108,0,153,-37
19701109,0,93,-10
19701110,0,124,-78
19701111,0,149,-59
19701112,0,129,-40
19701113,0,40,-88
19701114,0,-25,-134
19701115,0,30,-153
19701116,0,42,-115
19701117,0,69,-62
19701118,0,116,-90
19701119,0,51,-47
19701120,0,-37,-127
19701121,0,-101,-211
19701122,0,-43,-208
19701123,0,17,-152
19701124,0,-18,-103
19701125,0,11,-147
19701126,0,-2,-144
19701127,0,-1,-164
19701128,0,-75,-178
19701129,0,-67,-236
19701130,0,37,-180
19701201,0,3,-80
19701202,0,7,-172
19701203,0,54,-155
19701204,0,8,-156
19701205,0,51,-140
19701206,0,-24,-128
19701207,0,-8,-157
19701208,0,7,-165
19701209,0,45,-149
19701210,0,71,-98
19701211,0,4,-114
19701212,0,-71,-194
19701213,0,-3,-214
19701214,0,48,-154
19701215,0,97,-96
19701216,0,40,-80
19701217,0,-5,-127
19701218,0,-25,-74
19701219,0,-14,-159
19701220,0,15,-163
19701221,0,-20,-100
19701222,0,-3,-179
19701223,0,-51,-150
19701224,0,-122,-214
19701225,0,-97,-238
19701226,0,-76,-265
19701227,0,-64,-212
19701228,0,-51,-207
19701229,0,-35,-148
19701230,0,-34,-142
19701231,0,-32,-169
19710101,0,-38,-217
19710102,0,-23,-158
19710103,0,-59,-193
19710104,0,-10,-157
19710105,0,15,-172
19710106,0,-10,-195
19710107,0,-57,-139
19710108,0,-14,-174
19710109,0,91,-152
19710110,0,17,-84
19710111,0,30,-168
19710112,0,-20,-124
19710113,0,-7,-202
19710114,0,31,-178
19710115,0,64,-149
19710116,0,64,-26
19710117,30,-4,-95
19710118,50,-25,-71
19710119,9,-56,-119
19710120,1,-115,-269
19710121,0,-125,-306
19710122,0,-95,-315
19710123,0,-96,-272
19710124,0,-72,-301
19710125,0,-105,-290
19710126,0,-101,-297
19710127,0,-85,-279
19710128,2,-132,-281
19710129,0,-127,-252
19710130,0,-108,-273
19710131,0,-73,-260
19710201,0,-84,-269
19710202,0,-115,-272
19710203,0,-110,-281
19710204,0,-119,-287
19710205,0,-91,-215
19710206,0,-66,-271
19710207,0,-45,-264
19710208,0,-71,-247
19710209,0,-55,-257
19710210,0,-11,-178
19710211,0,-40,-170
19710212,0,-36,-233
19710213,5,-28,-110
19710214,0,23,-143
19710215,0,-14,-153
19710216,0,-86,-187
19710217,0,-5,-174
19710218,0,15,-149
19710219,0,50,-76
19710220,0,5,-28
19710221,1,30,-62
19710222,0,0,-77
19710223,0,15,-150
19710224,0,79,-97
19710225,0,132,-59
19710226,0,59,-65
19710227,0,64,-47
19710228,0,4,-16
19710301,31,-14,-35
19710302,0,24,-118
19710303,0,76,-64
19710304,0,23,-41
19710305,0,35,-51
19710306,3,46,-27
19710307,0,81,-39
19710308,0,81,-54
19710309,0,9,-78
19710310,0,25,-79
19710311,0,-2,-104
19710312,0,0,-134
19710313,0,-10,-150
19710314,0,69,-118
19710315,0,37,-16
19710316,0,10,-113
19710317,11,15,-70
19710318,0,81,-107
19710319,0,156,-63
19710320,0,94,5
19710321,0,72,-90
19710322,0,118,-81
19710323,0,119,-34
19710324,0,178,-40
19710325,0,131,48
19710326,0,163,-20
19710327,0,153,-19
19710328,0,111,3
19710329,0,119,-70
19710330,0,138,1
19710331,0,109,-62
19710401,0,100,-73
19710402,0,124,-21
19710403,0,134,-5
19710404,0,195,30
19710405,0,238,4
19710406,0,193,68
19710407,0,120,16
19710408,0,81,-46
19710409,0,135,-85
19710410,0,183,-22
19710411,0,175,35
19710412,0,140,20
19710413,0,107,-11
19710414,0,134,17
19710415,0,159,-32
19710416,0,164,35
19710417,0,149,22
19710418,0,139,50
19710419,0,194,16
19710420,0,227,37
19710421,0,243,50
19710422,0,253,90
19710423,0,263,82
19710424,0,186,89
19710425,3,197,16
19710426,6,204,79
19710427,0,182,99
19710428,0,196,30
19710429,0,208,63
19710430,0,231,50
19710501,3,159,40
19710502,102,126,50
19710503,0,164,24
19710504,0,137,49
19710505,0,145,-14
19710506,0,209,9
19710507,0,238,70
19710508,0,266,84
19710509,0,277,79
19710510,0,289,94
19710511,0,236,152
19710512,0,278,56
19710513,0,276,134
19710514,11,237,136
19710515,0,215,105
19710516,0,156,51
19710517,0,209,59
19710518,0,256,52
19710519,0,289,82
19710520,0,312,91
19710521,0,269,145
19710522,0,179,112
19710523,0,195,72
19710524,0,255,24
19710525,0,272,98
19710526,0,218,54
19710527,0,203,-6
19710528,0,254,50
19710529,0,297,92
19710530,0,316,114
19710531,54,266,91
19710601,0,210,54
19710602,0,202,108
19710603,0,230,66
19710604,0,233,99
19710605,0,288,91
19710606,0,269,95
19710607,0,238,114
19710608,0,216,86
19710609,0,225,71
19710610,0,265,91
19710611,0,280,147
19710612,0,283,150
19710613,5,252,152
19710614,0,264,139
19710615,0,307,110
19710616,0,284,156
19710617,0,270,106
19710618,0,276,116
19710619,0,298,103
19710620,0,309,114
19710621,9,306,149
19710622,11,236,138
19710623,0,285,95
19710624,126,251,131
19710625,30,205,144
19710626,13,191,141
19710627,0,247,135
19710628,0,258,155
19710629,0,299,133
19710630,0,309,178
19710701,0,292,182
19710702,26,287,134
19710703,0,314,139
19710704,41,334,198
19710705,74,291,181
19710706,4,246,198
19710707,0,244,138
19710708,0,259,135
19710709,5,233,147
19710710,7,254,142
19710711,0,289,155
19710712,0,322,154
19710713,0,283,173
19710714,0,331,126
19710715,0,353,186
19710716,0,344,202
19710717,0,356,214
19710718,0,357,207
19710719,0,367,210
19710720,0,344,219
19710721,0,329,207
19710722,12,340,187
19710723,0,333,204
19710724,314,319,204
19710725,8,225,199
19710726,0,248,182
19710727,0,286,157
19710728,0,333,142
19710729,0,332,174
19710730,132,339,198
19710731,1,256,187
19710801,0,285,143
19710802,0,299,138
19710803,0,294,147
19710804,0,321,161
19710805,0,283,161
19710806,35,311,158
19710807,0,301,142
19710808,0,302,151
19710809,0,299,161
19710810,0,310,192
19710811,0,312,194
19710812,0,305,194
19710813,0,325,194
19710814,0,302,187
19710815,0,289,192
19710816,3,238,188
19710817,6,203,135
19710818,35,248,137
19710819,13,262,150
19710820,0,269,144
19710821,0,275,154
19710822,0,291,125
19710823,0,252,113
19710824,10,209,140
19710825,28,198,104
19710826,0,263,99
19710827,0,293,138
19710828,0,306,149
19710829,0,293,153
19710830,0,291,147
19710831,0,271,163
19710901,120,221,163
19710902,62,191,137
19710903,0,213,93
19710904,0,238,71
19710905,0,241,108
19710906,0,259,108
19710907,47,264,121
19710908,0,219,119
19710909,0,233,114
19710910,0,236,75
19710911,0,246,98
19710912,11,236,140
19710913,49,173,122
19710914,2,175,127
19710915,172,185,124
19710916,4,208,73
19710917,0,141,61
19710918,0,133,-1
19710919,0,168,20
19710920,0,201,72
19710921,0,203,82
19710922,19,157,95
19710923,0,183,45
19710924,0,188,30
19710925,48,149,51
19710926,0,175,15
19710927,0,182,30
19710928,0,172,62
19710929,0,209,85
19710930,0,163,42
19711001,8,114,56
19711002,0,163,3
19711003,0,178,36
19711004,0,191,19
19711005,0,197,45
19711006,0,210,39
19711007,0,216,31
19711008,3,145,85
19711009,0,181,2
19711010,0,114,-4
19711011,0,141,-51
19711012,0,173,-31
19711013,0,203,5
19711014,2,161,34
19711015,0,164,31
19711016,0,144,-11
19711017,0,158,-26
19711018,0,173,-6
19711019,0,171,-8
19711020,92,119,2
19711021,0,25,-64
19711022,0,63,-75
19711023,0,65,-7
19711024,0,79,-16
19711025,0,77,-25
19711026,0,109,-67
19711027,0,123,-44
19711028,0,106,-45
19711029,0,129,-28
19711030,0,175,-14
19711031,0,192,-20
19711101,0,180,27
19711102,24,128,40
19711103,0,96,-5
19711104,29,76,25
19711105,14,77,11
19711106,0,89,-9
19711107,15,54,3
19711108,3,69,16
19711109,0,79,-7
19711110,0,94,-17
19711111,0,110,-55
19711112,0,66,-23
19711113,0,41,-69
19711114,0,84,-75
19711115,0,96,-87
19711116,0,104,-68
19711117,0,84,-65
19711118,0,94,-38
19711119,0,54,-17
19711120,0,50,-88
19711121,1,0,-46
19711122,0,15,-91
19711123,0,30,-90
19711124,0,49,-117
19711125,0,59,-76
19711126,0,56,-84
19711127,0,41,-122
19711128,0,-103,-198
19711129,0,-51,-201
19711130,0,-8,-188
19711201,0,7,-124
19711202,0,10,-86
19711203,0,47,-107
19711204,0,2,-116
19711205,0,-98,-199
19711206,0,-66,-238
19711207,1,-83,-144
19711208,0,-40,-222
19711209,0,25,-161
19711210,0,-15,-102
19711211,0,-15,-164
19711212,0,40,-128
19711213,0,-42,-139
19711214,0,-33,-202
19711215,1,-26,-178
19711216,0,43,-174
19711217,0,26,-82
19711218,0,-80,-146
19711219,20,-145,-205
19711220,0,-157,-279
19711221,0,-111,-281
19711222,1,-89,-138
19711223,0,-64,-99
19711224,1,-61,-108
19711225,0,-54,-148
19711226,2,-74,-171
19711227,0,-64,-220
19711228,0,-26,-196
19711229,0,20,-171
19711230,0,-47,-131
19711231,0,-40,-147
19720101,0,-10,-208
19720102,0,12,-166
19720103,0,-27,-124
19720104,0,-37,-200
19720105,0,-13,-194
19720106,0,-2,-173
19720107,0,-16,-110
19720108,0,-5,-160
19720109,0,0,-144
19720110,0,-27,-152
19720111,0,-10,-188
19720112,0,3,-170
19720113,0,-46,-133
19720114,0,-60,-214
19720115,0,-38,-205
19720116,0,2,-172
19720117,0,50,-157
19720118,0,10,-131
19720119,0,50,-140
19720120,0,5,-92
19720121,0,48,-144
19720122,0,7,-90
19720123,0,-11,-96
19720124,18,-40,-154
19720125,0,-86,-228
19720126,0,-65,-225
19720127,0,-53,-228
19720128,0,-15,-164
19720129,0,-14,-186
19720130,4,-30,-104
19720131,0,-13,-165
19720201,0,-86,-178
19720202,0,-42,-197
19720203,14,-78,-117
19720204,0,-92,-201
19720205,0,-79,-236
19720206,0,-66,-196
19720207,0,-45,-179
19720208,0,-32,-124
19720209,0,-18,-174
19720210,0,-27,-196
19720211,0,-49,-117
19720212,0,-35,-178
19720213,0,8,-167
19720214,0,10,-178
19720215,0,-27,-96
19720216,0,-45,-164
19720217,0,23,-156
19720218,0,-43,-125
19720219,0,-85,-206
19720220,0,-67,-151
19720221,0,-29,-194
19720222,0,-12,-138
19720223,0,23,-119
19720224,6,30,-124
19720225,0,-24,-122
19720226,0,-26,-205
19720227,0,2,-150
19720228,0,15,-116
19720229,0,1,-153
19720301,0,37,-159
19720302,0,59,-129
19720303,0,64,-131
19720304,0,99,-101
19720305,0,109,-106
19720306,0,116,-70
19720307,29,96,2
19720308,0,62,-50
19720309,0,97,-40
19720310,0,91,6
19720311,0,87,-52
19720312,0,130,-43
19720313,0,130,-32
19720314,0,116,-17
19720315,15,151,8
19720316,0,149,-24
19720317,0,152,10
19720318,0,140,4
19720319,0,100,14
19720320,0,64,-98
19720321,0,109,-19
19720322,0,108,-41
19720323,0,69,-77
19720324,0,81,-6
19720325,0,101,-58
19720326,0,128,-57
19720327,0,151,-40
19720328,0,161,27
19720329,0,173,-11
19720330,0,116,-64
19720331,0,5,-140
19720401,0,69,-116
19720402,0,163,-54
19720403,0,124,-30
19720404,0,129,-12
19720405,0,106,33
19720406,0,88,-26
19720407,0,50,-43
19720408,0,45,-116
19720409,0,87,-114
19720410,0,142,-59
19720411,0,170,-39
19720412,0,188,10
19720413,0,149,38
19720414,0,139,40
19720415,0,201,-16
19720416,0,238,51
19720417,0,286,87
19720418,0,254,119
19720419,0,160,35
19720420,100,132,66
19720421,0,81,43
19720422,2,111,38
19720423,4,100,46
19720424,0,173,25
19720425,0,168,43
19720426,0,196,26
19720427,0,217,44
19720428,0,203,112
19720429,0,243,47
19720430,0,203,88
19720501,0,194,-23
19720502,0,223,55
19720503,0,247,70
19720504,0,283,93
19720505,0,268,117
19720506,0,281,122
19720507,0,291,101
19720508,0,304,131
19720509,0,296,142
19720510,0,281,143
19720511,0,245,121
19720512,0,289,124
19720513,0,218,52
19720514,0,144,-20
19720515,0,184,28
19720516,0,239,25
19720517,0,255,101
19720518,0,238,67
19720519,0,218,34
19720520,0,246,64
19720521,0,259,83
19720522,0,188,112
19720523,0,211,72
19720524,0,233,74
19720525,0,234,88
19720526,0,251,105
19720527,22,239,135
19720528,71,203,108
19720529,0,222,74
19720530,0,252,120
19720531,0,288,103
19720601,0,284,180
19720602,0,309,139
19720603,0,294,135
19720604,0,304,127
19720605,0,303,141
19720606,19,271,136
19720607,44,212,117
19720608,0,266,104
19720609,0,292,143
19720610,0,311,155
19720611,0,288,162
19720612,0,275,124
19720613,0,321,131
19720614,0,267,104
19720615,0,302,115
19720616,0,335,139
19720617,0,315,183
19720618,0,250,163
19720619,0,259,93
19720620,0,289,122
19720621,5,234,156
19720622,0,278,114
19720623,0,287,156
19720624,0,266,132
19720625,0,287,104
19720626,0,282,144
19720627,0,267,166
19720628,0,303,144
19720629,0,333,138
19720630,0,348,170
19720701,0,296,178
19720702,0,306,182
19720703,10,319,180
19720704,0,313,158
19720705,58,291,152
19720706,18,264,145
19720707,0,274,114
19720708,0,279,210
19720709,0,291,189
19720710,0,315,186
19720711,0,315,168
19720712,0,304,149
19720713,12,274,142
19720714,16,196,133
19720715,0,265,142
19720716,0,299,115
19720717,0,319,152
19720718,0,338,185
19720719,0,305,197
19720720,0,273,156
19720721,0,276,126
19720722,0,270,145
19720723,4,295,127
19720724,0,303,124
19720725,1,313,148
19720726,0,309,126
19720727,0,306,168
19720728,0,326,152
19720729,0,311,193
19720730,0,305,171
19720731,40,299,168
19720801,0,324,157
19720802,0,335,176
19720803,0,342,203
19720804,20,245,168
19720805,0,301,120
19720806,0,339,170
19720807,0,356,182
19720808,0,358,185
19720809,0,354,191
19720810,0,357,192
19720811,0,355,178
19720812,0,327,193
19720813,3,303,159
19720814,0,272,165
19720815,0,300,177
19720816,0,311,141
19720817,28,251,147
19720818,111,175,138
19720819,0,183,143
19720820,64,176,140
19720821,0,217,120
19720822,0,251,149
19720823,297,223,141
19720824,27,180,141
19720825,1,243,115
19720826,0,266,176
19720827,0,200,85
19720828,0,222,58
19720829,0,247,131
19720830,0,241,75
19720831,0,271,102
19720901,81,213,58
19720902,0,130,44
19720903,0,161,50
19720904,0,187,49
19720905,1,215,68
19720906,0,242,84
19720907,0,247,87
19720908,0,250,110
19720909,0,275,100
19720910,0,257,99
19720911,0,256,117
19720912,0,259,132
19720913,0,245,122
19720914,0,271,110
19720915,25,281,125
19720916,0,279,110
19720917,0,269,128
19720918,0,266,128
19720919,0,264,141
19720920,78,224,114
19720921,0,146,23
19720922,0,148,2
19720923,0,149,20
19720924,0,176,46
19720925,0,201,20
19720926,0,220,63
19720927,0,159,73
19720928,0,165,-2
19720929,0,177,25
19720930,0,190,-12
19721001,0,171,45
19721002,0,100,18
19721003,0,121,-30
19721004,0,203,1
19721005,0,205,42
19721006,0,224,41
19721007,0,240,38
19721008,1,223,90
19721009,0,151,56
19721010,0,160,-20
19721011,0,198,-1
19721012,0,225,14
19721013,0,153,53
19721014,0,127,-29
19721015,0,166,-35
19721016,0,165,34
19721017,0,123,3
19721018,0,146,26
19721019,15,104,-18
19721020,3,-2,-46
19721021,0,27,-80
19721022,0,66,-76
19721023,0,83,-55
19721024,0,105,-15
19721025,0,128,-27
19721026,0,87,-64
19721027,0,133,-36
19721028,0,131,-5
19721029,0,119,19
19721030,0,159,-58
19721031,0,178,-30
19721101,0,188,-25
19721102,0,195,-9
19721103,0,143,35
19721104,4,129,-2
19721105,0,79,-2
19721106,0,106,-79
19721107,0,155,-21
19721108,0,169,-17
19721109,0,122,8
19721110,0,140,-16
19721111,0,108,-36
19721112,0,122,-16
19721113,0,112,-48
19721114,46,75,-30
19721115,0,-16,-75
19721116,0,7,-96
19721117,0,40,-111
19721118,0,56,-120
19721119,0,22,-66
19721120,0,-46,-140
19721121,0,24,-135
19721122,0,-8,-115
19721123,0,-55,-164
19721124,0,-11,-179
19721125,0,2,-84
19721126,0,-33,-176
19721127,0,38,-137
19721128,0,59,-96
19721129,2,37,-86
19721130,0,51,-140
19721201,0,51,-120
19721202,0,64,-96
19721203,0,88,-97
19721204,0,73,-63
19721205,0,22,-104
19721206,0,-3,-82
19721207,0,-26,-140
19721208,0,9,-149
19721209,0,3,-104
19721210,0,-11,-131
19721211,0,-51,-192
19721212,0,-73,-223
19721213,0,-14,-188
19721214,0,3,-174
19721215,0,-22,-127
19721216,0,-54,-161
19721217,0,-88,-238
19721218,0,-44,-193
19721219,0,40,-176
19721220,0,14,-150
19721221,0,17,-114
19721222,0,12,-65
19721223,1,-25,-83
19721224,3,-18,-46
19721225,0,-18,-130
19721226,0,-25,-75
19721227,0,-35,-137
19721228,0,-84,-170
19721229,0,-56,-205
19721230,0,-76,-198
19721231,0,-74,-189
19730101,0,-104,-176
19730102,0,-107,-204
19730103,0,-43,-230
19730104,0,-30,-218
19730105,0,-57,-214
19730106,0,-33,-183
19730107,0,-19,-187
19730108,0,11,-153
19730109,0,7,-127
19730110,0,5,-128
19730111,0,8,-119
19730112,0,-10,-132
19730113,0,5,-176
19730114,0,25,-129
19730115,22,-38,-102
19730116,0,-60,-115
19730117,0,-51,-203
19730118,0,-10,-198
19730119,0,-33,-214
19730120,0,-32,-178
19730121,0,-38,-174
19730122,27,-44,-68
19730123,3,-57,-144
19730124,0,-42,-126
19730125,0,-35,-164
19730126,0,-84,-216
19730127,0,-98,-206
19730128,12,-96,-162
19730129,0,-55,-189
19730130,0,-10,-198
19730131,0,-8,-180
19730201,0,10,-145
19730202,0,17,-36
19730203,0,-15,-59
19730204,0,-5,-83
19730205,0,-22,-113
19730206,0,-63,-173
19730207,0,-27,-174
19730208,0,34,-137
19730209,2,-24,-68
19730210,1,-16,-93
19730211,0,30,-137
19730212,0,7,-97
19730213,0,43,-88
19730214,0,69,-76
19730215,0,96,-89
19730216,0,39,-60
19730217,0,34,-153
19730218,0,0,-102
19730219,0,-40,-139
19730220,0,84,-114
19730221,0,80,-67
19730222,0,0,-116
19730223,0,1,-124
19730224,0,45,-121
19730225,0,59,-82
19730226,0,77,-59
19730227,0,44,-51
19730228,0,50,-59
19730301,0,31,-37
19730302,0,70,-70
19730303,0,26,-53
19730304,0,5,-126
19730305,13,42,-106
19730306,26,-3,-40
19730307,0,48,-112
19730308,8,32,-32
19730309,8,57,-30
19730310,0,107,-46
19730311,0,71,-6
19730312,0,31,-63
19730313,42,16,-23
19730314,6,32,-44
19730315,0,59,-35
19730316,0,70,-69
19730317,0,96,-38
19730318,0,119,-43
19730319,0,77,-22
19730320,0,44,-91
19730321,0,77,-67
19730322,0,111,-2
19730323,0,123,-60
19730324,0,117,-12
19730325,0,146,-40
19730326,0,214,6
19730327,0,163,53
19730328,0,151,23
19730329,0,177,-24
19730330,0,173,46
19730331,0,170,6
19730401,0,149,17
19730402,0,74,-58
19730403,0,116,-48
19730404,0,129,-16
19730405,0,187,-7
19730406,0,178,38
19730407,0,222,27
19730408,0,176,29
19730409,0,155,-5
19730410,0,108,-1
19730411,0,107,-53
19730412,0,162,-26
19730413,0,205,2
19730414,0,170,79
19730415,61,99,31
19730416,0,66,-13
19730417,0,134,-16
19730418,0,166,-13
19730419,0,182,29
19730420,0,201,27
19730421,0,222,54
19730422,0,232,54
19730423,0,263,93
19730424,0,241,140
19730425,3,175,93
19730426,0,217,75
19730427,0,253,80
19730428,0,265,88
19730429,0,236,94
19730430,0,234,142
19730501,1,222,85
19730502,0,139,57
19730503,0,175,45
19730504,0,237,68
19730505,0,253,82
19730506,0,202,95
19730507,0,168,52
19730508,0,141,-10
19730509,0,182,0
19730510,0,199,59
19730511,0,247,60
19730512,0,263,85
19730513,12,254,124
19730514,0,232,75
19730515,0,245,98
19730516,2,215,84
19730517,0,146,55
19730518,0,220,42
19730519,0,189,20
19730520,0,242,45
19730521,0,250,107
19730522,0,260,117
19730523,0,252,117
19730524,0,239,153
19730525,36,217,98
19730526,0,194,62
19730527,0,215,96
19730528,0,190,17
19730529,0,224,45
19730530,0,271,70
19730531,0,270,99
19730601,0,275,131
19730602,0,245,174
19730603,0,269,94
19730604,0,243,107
19730605,0,274,94
19730606,0,314,129
19730607,33,310,169
19730608,8,226,119
19730609,0,196,80
19730610,0,238,84
19730611,0,276,104
19730612,0,246,138
19730613,1,243,139
19730614,13,208,112
19730615,15,237,87
19730616,0,284,103
19730617,0,290,139
19730618,0,298,163
19730619,0,315,176
19730620,0,289,166
19730621,0,315,164
19730622,4,323,212
19730623,114,326,163
19730624,35,274,153
19730625,0,244,175
19730626,7,272,156
19730627,0,291,136
19730628,0,311,151
19730629,0,329,167
19730630,77,293,125
19730701,0,256,122
19730702,0,289,123
19730703,0,286,153
19730704,34,256,108
19730705,0,306,160
19730706,0,306,185
19730707,0,292,181
19730708,0,301,202
19730709,29,248,151
19730710,660,223,148
19730711,95,272,182
19730712,0,264,165
19730713,0,261,132
19730714,12,235,148
19730715,0,259,124
19730716,0,270,146
19730717,80,258,158
19730718,98,269,134
19730719,24,286,143
19730720,0,298,171
19730721,0,301,170
19730722,0,292,157
19730723,0,289,182
19730724,0,279,161
19730725,0,306,133
19730726,0,320,146
19730727,0,310,192
19730728,0,307,192
19730729,0,328,178
19730730,1,281,162
19730731,0,274,154
19730801,0,322,153
19730802,0,346,201
19730803,0,330,218
19730804,0,339,148
19730805,0,344,204
19730806,0,331,196
19730807,12,303,183
19730808,0,323,162
19730809,0,318,200
19730810,0,332,206
19730811,0,313,186
19730812,0,240,130
19730813,140,232,158
19730814,254,253,164
19730815,3,260,187
19730816,0,266,146
19730817,0,240,168
19730818,0,266,131
19730819,212,234,168
19730820,50,215,162
19730821,0,257,162
19730822,0,279,144
19730823,0,270,174
19730824,30,266,166
19730825,0,259,166
19730826,86,212,135
19730827,0,215,91
19730828,0,233,130
19730829,0,226,112
19730830,0,238,142
19730831,33,256,108
19730901,126,243,103
19730902,0,255,125
19730903,0,222,165
19730904,142,179,116
19730905,0,187,127
19730906,2,179,151
19730907,318,210,136
19730908,0,215,94
19730909,0,191,87
19730910,0,189,89
19730911,15,192,130
19730912,0,216,65
19730913,0,225,86
19730914,0,191,115
19730915,0,208,74
19730916,62,171,107
19730917,5,184,78
19730918,0,180,65
19730919,0,213,59
19730920,0,220,62
19730921,0,245,63
19730922,3,239,81
19730923,20,229,104
19730924,138,155,63
19730925,0,130,14
19730926,0,164,12
19730927,95,139,88
19730928,18,160,94
19730929,0,199,53
19730930,0,193,53
19731001,65,148,98
19731002,72,116,93
19731003,243,106,90
19731004,78,101,67
19731005,2,99,67
19731006,0,100,49
19731007,0,113,-5
19731008,0,134,11
19731009,0,143,21
19731010,0,168,30
19731011,0,124,76
19731012,0,90,28
19731013,0,99,-41
19731014,0,121,2
19731015,0,132,-27
19731016,0,144,-10
19731017,0,150,-4
19731018,0,168,6
19731019,3,135,62
19731020,0,104,2
19731021,0,96,-25
19731022,0,103,8
19731023,0,70,-55
19731024,0,119,-60
19731025,3,91,12
19731026,30,35,-24
19731027,0,82,-77
19731028,0,135,-46
19731029,0,142,-16
19731030,0,155,19
19731031,0,144,-20
19731101,0,151,-27
19731102,0,136,-1
19731103,0,102,26
19731104,0,84,-56
19731105,0,60,-76
19731106,0,135,-63
19731107,0,147,-35
19731108,0,64,-25
19731109,0,22,-80
19731110,0,23,-83
19731111,0,40,-100
19731112,0,70,-105
19731113,0,81,-65
19731114,0,59,-57
19731115,0,86,-66
19731116,0,31,-40
19731117,0,19,-93
19731118,0,66,-83
19731119,0,74,-86
19731120,0,92,-26
19731121,0,104,-62
19731122,0,99,-54
19731123,0,64,-64
19731124,0,-3,-95
19731125,0,41,-136
19731126,0,61,-103
19731127,0,51,-120
19731128,0,47,-94
19731129,0,51,-47
19731130,0,54,-80
19731201,0,50,-105
19731202,0,-17,-127
19731203,0,-25,-180
19731204,0,-2,-170
19731205,0,25,-115
19731206,0,24,-96
19731207,0,39,-90
19731208,0,39,-134
19731209,0,22,-136
19731210,0,29,-159
19731211,0,-16,-119
19731212,0,6,-171
19731213,0,0,-155
19731214,0,16,-81
19731215,0,2,-139
19731216,0,11,-154
19731217,0,-20,-147
19731218,0,-30,-182
19731219,0,8,-181
19731220,1,-41,-133
19731221,0,-113,-218
19731222,0,-26,-162
19731223,0,-55,-159
19731224,0,-42,-203
19731225,0,-9,-189
19731226,0,-27,-121
19731227,0,-68,-180
19731228,0,-25,-199
19731229,0,-41,-149
19731230,0,-21,-146
19731231,0,19,-109
19740101,0,45,-130
19740102,0,24,-145
19740103,0,16,-160
19740104,0,17,-163
19740105,0,10,-123
19740106,0,27,-137
19740107,0,26,-126
19740108,0,-27,-134
19740109,0,-18,-117
19740110,0,-6,-139
19740111,0,-3,-157
19740112,0,-52,-138
19740113,15,-59,-128
19740114,0,-125,-198
19740115,0,-89,-269
19740116,0,-70,-195
19740117,0,-55,-188
19740118,0,-53,-204
19740119,0,-32,-194
19740120,0,-61,-154
19740121,0,-13,-213
19740122,0,-81,-188
19740123,0,-42,-184
19740124,0,-6,-175
19740125,0,-2,-157
19740126,0,-25,-193
19740127,0,-8,-160
19740128,8,-45,-65
19740129,1,-28,-135
19740130,0,10,-129
19740131,0,20,-153
19740201,0,23,-147
19740202,0,-6,-99
19740203,0,-27,-142
19740204,0,-10,-125
19740205,38,-64,-103
19740206,12,-74,-147
19740207,1,-65,-195
19740208,0,-62,-193
19740209,0,-58,-147
19740210,0,-49,-198
19740211,0,-33,-169
19740212,0,17,-165
19740213,0,37,-134
19740214,0,35,-92
19740215,0,45,-72
19740216,0,59,-86
19740217,0,103,-97
19740218,0,45,-45
19740219,0,22,-126
19740220,0,99,-93
19740221,0,27,-46
19740222,0,-43,-134
19740223,0,-99,-174
19740224,0,-111,-188
19740225,0,-83,-208
19740226,0,-30,-155
19740227,0,0,-178
19740228,0,38,-125
19740301,0,47,-126
19740302,0,55,-51
19740303,0,84,-70
19740304,0,35,-62
19740305,0,22,-53
19740306,0,40,-67
19740307,0,59,-92
19740308,0,25,-59
19740309,0,-13,-71
19740310,0,-5,-136
19740311,0,-14,-188
19740312,0,-5,-161
19740313,0,69,-92
19740314,0,84,-69
19740315,0,52,-61
19740316,0,62,-105
19740317,0,50,-104
19740318,0,90,-110
19740319,0,79,-59
19740320,0,16,-80
19740321,0,-15,-115
19740322,2,48,-70
19740323,0,137,-50
19740324,2,92,-14
19740325,0,23,-52
19740326,0,47,-60
19740327,0,138,-92
19740328,0,158,34
19740329,0,152,41
19740330,0,128,-10
19740331,0,30,-85
19740401,0,74,-124
19740402,0,155,-63
19740403,0,154,15
19740404,0,213,11
19740405,0,215,72
19740406,0,163,40
19740407,0,104,38
19740408,0,149,-17
19740409,0,143,-30
19740410,0,221,-2
19740411,0,230,49
19740412,1,194,109
19740413,0,186,58
19740414,0,233,41
19740415,0,179,10
19740416,0,218,37
19740417,0,176,22
19740418,0,185,61
19740419,3,192,74
19740420,0,170,78
19740421,0,193,-7
19740422,0,213,6
19740423,0,172,49
19740424,0,108,43
19740425,0,164,-23
19740426,0,251,10
19740427,0,163,30
19740428,0,181,-34
19740429,0,158,84
19740430,0,178,-5
19740501,0,244,24
19740502,0,279,46
19740503,0,295,81
19740504,0,222,88
19740505,36,242,64
19740506,28,194,106
19740507,0,197,96
19740508,0,116,17
19740509,0,177,53
19740510,0,220,41
19740511,0,191,67
19740512,0,235,21
19740513,0,202,51
19740514,0,197,-12
19740515,0,242,36
19740516,0,241,88
19740517,1,266,109
19740518,51,177,115
19740519,67,140,111
19740520,10,190,98
19740521,0,249,109
19740522,0,261,91
19740523,0,275,92
19740524,0,285,106
19740525,0,298,144
19740526,0,279,115
19740527,0,291,111
19740528,0,296,121
19740529,12,260,98
19740530,0,270,62
19740531,0,243,97
19740601,0,284,57
19740602,0,274,121
19740603,0,263,117
19740604,0,265,135
19740605,0,239,103
19740606,0,254,47
19740607,0,292,82
19740608,0,264,125
19740609,0,238,116
19740610,0,284,83
19740611,0,279,110
19740612,0,292,112
19740613,0,306,111
19740614,0,306,155
19740615,0,329,184
19740616,0,309,160
19740617,0,264,130
19740618,16,240,150
19740619,2,235,132
19740620,0,227,113
19740621,0,251,86
19740622,0,273,76
19740623,0,284,121
19740624,30,260,140
19740625,0,242,104
19740626,0,259,88
19740627,0,264,88
19740628,0,242,160
19740629,0,259,120
19740630,42,220,135
19740701,1,252,114
19740702,5,274,127
19740703,0,281,108
19740704,0,283,142
19740705,0,284,162
19740706,0,260,162
19740707,0,306,120
19740708,0,315,133
19740709,0,340,135
19740710,4,350,164
19740711,44,250,133
19740712,0,287,96
19740713,0,256,115
19740714,11,275,130
19740715,0,294,140
19740716,0,301,146
19740717,0,294,147
19740718,0,320,147
19740719,0,319,176
19740720,0,304,185
19740721,45,310,195
19740722,51,294,170
19740723,232,289,138
19740724,213,263,160
19740725,0,256,136
19740726,43,231,154
19740727,1,276,183
19740728,59,277,180
19740729,67,242,201
19740730,564,259,185
19740731,11,246,165
19740801,2,281,155
19740802,24,286,170
19740803,0,307,157
19740804,0,307,161
19740805,0,312,158
19740806,0,309,169
19740807,0,275,176
19740808,77,265,170
19740809,0,255,152
19740810,0,241,148
19740811,0,261,131
19740812,0,270,142
19740813,0,269,139
19740814,0,280,160
19740815,0,294,155
19740816,0,304,182
19740817,0,298,175
19740818,0,275,114
19740819,0,289,152
19740820,28,293,150
19740821,39,236,145
19740822,0,200,117
19740823,0,235,88
19740824,0,265,108
19740825,0,269,97
19740826,22,235,129
19740827,0,253,95
19740828,0,245,99
19740829,0,235,96
19740830,0,254,86
19740831,0,236,120
19740901,0,258,90
19740902,2,228,151
19740903,0,272,100
19740904,14,232,140
19740905,0,230,145
19740906,0,262,75
19740907,0,275,90
19740908,0,261,88
19740909,0,254,142
19740910,0,264,66
19740911,0,265,105
19740912,17,220,120
19740913,43,216,111
19740914,0,155,9
19740915,0,208,21
19740916,0,160,63
19740917,0,163,1
19740918,0,179,-13
19740919,25,200,46
19740920,0,220,56
19740921,0,243,50
19740922,0,187,90
19740923,0,226,14
19740924,0,246,33
19740925,0,232,76
19740926,0,201,77
19740927,0,185,46
19740928,0,174,1
19740929,71,132,90
19740930,13,171,87
19741001,0,190,76
19741002,0,136,49
19741003,0,160,36
19741004,0,182,34
19741005,0,187,36
19741006,2,169,42
19741007,0,159,35
19741008,0,115,5
19741009,0,137,-50
19741010,0,151,0
19741011,0,133,-54
19741012,0,187,-45
19741013,0,196,8
19741014,0,122,-25
19741015,0,158,-42
19741016,0,176,18
19741017,92,140,66
19741018,0,105,-9
19741019,0,105,-5
19741020,0,154,-14
19741021,0,111,-70
19741022,0,65,-119
19741023,0,112,-67
19741024,0,155,-50
19741025,0,170,-28
19741026,0,144,35
19741027,0,86,-47
19741028,0,90,-18
19741029,10,93,-27
19741030,0,90,-18
19741031,0,77,-93
19741101,0,113,-80
19741102,0,124,-71
19741103,0,132,-31
19741104,0,154,-46
19741105,0,135,-57
19741106,0,175,-71
19741107,0,155,-53
19741108,0,104,-24
19741109,0,90,-73
19741110,27,75,15
19741111,10,48,-32
19741112,0,16,-103
19741113,0,30,-62
19741114,0,11,-79
19741115,0,28,-16
19741116,0,19,-48
19741117,0,27,-113
19741118,0,72,-118
19741119,0,51,-83
19741120,0,32,-37
19741121,0,88,-100
19741122,0,37,-40
19741123,0,83,-113
19741124,0,78,-78
19741125,0,30,-113
19741126,0,87,-113
19741127,0,95,-91
19741128,0,81,-93
19741129,0,60,-104
19741130,1,43,-61
19741201,6,32,-25
19741202,0,-10,-108
19741203,0,-97,-185
19741204,0,-45,-213
19741205,0,-64,-184
19741206,0,-38,-198
19741207,0,-22,-123
19741208,16,-62,-171
19741209,0,-88,-232
19741210,0,-84,-222
19741211,0,-70,-181
19741212,0,-75,-174
19741213,0,-117,-202
19741214,0,-107,-263
19741215,1,-95,-214
19741216,1,-95,-193
19741217,0,-86,-227
19741218,0,-90,-210
19741219,0,-68,-176
19741220,0,-56,-222
19741221,0,-52,-232
19741222,0,-44,-174
19741223,0,-84,-199
19741224,0,-41,-204
19741225,0,-13,-203
19741226,0,5,-205
19741227,0,-10,-133
19741228,0,-23,-163
19741229,0,-15,-199
19741230,0,5,-183
19741231,0,-34,-124
19750101,0,-35,-153
19750102,0,-40,-113
19750103,0,-22,-133
19750104,0,-1,-143
19750105,0,-8,-139
19750106,0,28,-171
19750107,0,-4,-139
19750108,0,8,-188
19750109,0,3,-161
19750110,0,12,-135
19750111,0,15,-174
19750112,0,30,-168
19750113,0,0,-153
19750114,0,-17,-172
19750115,0,-23,-153
19750116,0,-20,-180
19750117,0,-27,-141
19750118,0,-17,-187
19750119,0,-17,-142
19750120,0,-44,-193
19750121,4,-40,-161
19750122,0,23,-135
19750123,0,-24,-154
19750124,0,-28,-163
19750125,0,-40,-199
19750126,0,-15,-208
19750127,0,-22,-171
19750128,0,5,-189
19750129,0,-18,-186
19750130,0,27,-153
19750131,0,35,-146
19750201,0,17,-128
19750202,0,8,-93
19750203,3,10,-74
19750204,0,52,-134
19750205,0,-20,-102
19750206,0,-79,-191
19750207,0,-28,-213
19750208,0,-1,-213
19750209,0,17,-186
19750210,0,10,-193
19750211,0,21,-155
19750212,0,35,-173
19750213,0,67,-132
19750214,0,73,-62
19750215,0,74,-106
19750216,0,9,-83
19750217,0,-8,-99
19750218,0,25,-158
19750219,0,-35,-133
19750220,0,-34,-183
19750221,0,-25,-148
19750222,0,28,-178
19750223,0,92,-133
19750224,0,108,-76
19750225,0,117,-50
19750226,0,52,-34
19750227,0,60,-148
19750228,0,70,-128
19750301,0,115,-78
19750302,0,83,-37
19750303,2,47,-32
19750304,0,48,-11
19750305,0,60,-68
19750306,0,42,-108
19750307,0,65,-64
19750308,0,48,-16
19750309,0,77,-84
19750310,0,55,-82
19750311,0,33,-114
19750312,1,36,-27
19750313,7,47,-44
19750314,0,94,-92
19750315,0,75,-38
19750316,0,145,-92
19750317,0,150,-57
19750318,0,120,-3
19750319,0,60,-91
19750320,0,130,-94
19750321,0,139,-6
19750322,0,43,-98
19750323,0,111,-142
19750324,2,70,7
19750325,0,125,-103
19750326,0,85,-19
19750327,0,143,-19
19750328,0,93,-50
19750329,0,60,-73
19750330,0,69,-98
19750331,0,34,-110
19750401,0,65,-125
19750402,0,118,-82
19750403,0,158,-52
19750404,0,123,10
19750405,0,116,-27
19750406,0,146,-9
19750407,0,105,-4
19750408,0,167,-46
19750409,0,124,22
19750410,0,129,-82
19750411,0,166,-19
19750412,0,136,46
19750413,0,156,-39
19750414,0,182,8
19750415,0,168,15
19750416,0,200,11
19750417,0,160,74
19750418,31,74,28
19750419,145,50,2
19750420,2,117,23
19750421,0,160,18
19750422,0,210,52
19750423,0,220,76
19750424,0,190,90
19750425,0,175,40
19750426,2,148,49
19750427,0,157,36
19750428,0,163,28
19750429,0,200,75
19750430,0,179,57
19750501,0,163,54
19750502,46,140,18
19750503,66,43,6
19750504,0,153,-4
19750505,0,163,-2
19750506,0,216,52
19750507,0,215,103
19750508,0,220,71
19750509,0,186,108
19750510,0,225,76
19750511,2,241,74
19750512,6,216,106
19750513,0,188,51
19750514,0,217,64
19750515,0,192,47
19750516,0,210,29
19750517,0,180,57
19750518,0,189,36
19750519,0,230,41
19750520,0,232,108
19750521,0,268,90
19750522,0,228,77
19750523,0,248,64
19750524,0,241,134
19750525,0,230,107
19750526,21,216,104
19750527,0,172,90
19750528,0,207,63
19750529,0,232,105
19750530,0,269,71
19750531,0,286,120
19750601,0,280,100
19750602,0,307,142
19750603,75,250,149
19750604,0,266,110
19750605,0,243,135
19750606,0,266,88
19750607,0,265,88
19750608,2,289,136
19750609,0,253,172
19750610,0,240,130
19750611,0,269,67
19750612,0,303,135
19750613,3,297,150
19750614,0,262,107
19750615,20,199,76
19750616,0,262,120
19750617,0,294,125
19750618,0,321,122
19750619,0,321,165
19750620,0,314,160
19750621,0,320,193
19750622,16,264,175
19750623,0,291,155
19750624,0,279,160
19750625,0,266,152
19750626,0,289,122
19750627,0,305,134
19750628,0,300,155
19750629,0,269,172
19750630,0,291,188
19750701,0,293,205
19750702,55,224,155
19750703,102,189,142
19750704,111,205,155
19750705,0,263,138
19750706,0,287,141
19750707,70,250,115
19750708,0,215,117
19750709,0,238,137
19750710,0,263,126
19750711,0,287,133
19750712,0,306,139
19750713,2,312,150
19750714,0,324,150
19750715,0,365,153
19750716,0,363,197
19750717,0,326,209
19750718,0,294,210
19750719,0,285,190
19750720,0,324,168
19750721,0,314,200
19750722,0,263,124
19750723,0,277,127
19750724,0,296,143
19750725,0,297,153
19750726,0,310,158
19750727,0,301,163
19750728,40,278,176
19750729,6,282,159
19750730,0,287,145
19750731,0,292,135
19750801,0,335,150
19750802,0,340,170
19750803,0,309,170
19750804,0,292,180
19750805,144,269,184
19750806,0,321,184
19750807,0,331,190
19750808,0,312,205
19750809,0,289,205
19750810,0,287,195
19750811,43,251,190
19750812,0,299,155
19750813,0,316,140
19750814,0,331,152
19750815,0,348,158
19750816,0,342,168
19750817,0,338,218
19750818,0,314,170
19750819,0,316,150
19750820,0,313,146
19750821,0,305,165
19750822,0,314,175
19750823,0,319,195
19750824,47,290,194
19750825,4,210,125
19750826,4,195,110
19750827,20,160,99
19750828,0,263,140
19750829,0,283,137
19750830,130,292,155
19750831,9,278,168
19750901,0,240,121
19750902,0,254,105
19750903,0,257,118
19750904,18,259,138
19750905,0,250,146
19750906,0,243,120
19750907,0,213,157
19750908,0,231,182
19750909,51,196,112
19750910,0,175,122
19750911,0,230,74
19750912,0,217,90
19750913,0,206,103
19750914,0,233,64
19750915,0,262,71
19750916,3,264,112
19750917,0,264,110
19750918,0,249,148
19750919,17,210,95
19750920,0,190,40
19750921,0,212,75
19750922,0,225,79
19750923,0,225,62
19750924,34,188,120
19750925,1,222,84
19750926,0,230,75
19750927,0,175,86
19750928,0,155,79
19750929,142,134,106
19750930,13,188,113
19751001,0,187,104
19751002,0,149,50
19751003,0,160,18
19751004,0,205,10
19751005,0,205,42
19751006,0,155,25
19751007,0,159,-10
19751008,0,199,4
19751009,0,200,16
19751010,0,144,86
19751011,1,157,47
19751012,4,184,66
19751013,0,161,86
19751014,0,134,71
19751015,0,175,27
19751016,0,166,-2
19751017,1,163,9
19751018,0,164,30
19751019,0,167,28
19751020,15,120,47
19751021,5,93,64
19751022,29,85,9
19751023,0,55,-54
19751024,0,92,-38
19751025,1,77,52
19751026,0,96,56
19751027,0,125,33
19751028,0,110,-7
19751029,0,72,-87
19751030,0,132,-57
19751031,1,117,-23
19751101,0,137,9
19751102,2,94,27
19751103,84,73,38
19751104,0,105,-5
19751105,0,102,-1
19751106,0,94,-25
19751107,0,89,-33
19751108,16,47,-2
19751109,8,55,27
19751110,33,43,2
19751111,0,39,-40
19751112,0,48,-58
19751113,0,63,-75
19751114,0,73,-63
19751115,0,80,-40
19751116,0,75,-61
19751117,0,23,-37
19751118,0,-14,-133
19751119,0,42,-133
19751120,0,37,-88
19751121,0,-7,-97
19751122,0,-76,-178
19751123,0,25,-163
19751124,0,-5,-140
19751125,0,-11,-124
19751126,0,51,-141
19751127,0,30,-67
19751128,0,32,-126
19751129,0,55,-128
19751130,0,94,-100
19751201,0,37,-48
19751202,0,30,-124
19751203,0,36,-118
19751204,0,20,-124
19751205,0,15,-103
19751206,0,-35,-145
19751207,7,-82,-119
19751208,0,-93,-166
19751209,0,-102,-211
19751210,0,-108,-215
19751211,0,-123,-245
19751212,0,-115,-221
19751213,0,-120,-222
19751214,0,-92,-221
19751215,0,-72,-213
19751216,0,-50,-224
19751217,0,-66,-222
19751218,0,-52,-166
19751219,0,-28,-183
19751220,0,-58,-178
19751221,0,-5,-143
19751222,0,-3,-172
19751223,0,2,-134
19751224,0,13,-161
19751225,0,12,-167
19751226,0,-50,-133
19751227,0,-33,-208
19751228,0,-24,-207
19751229,0,-25,-178
19751230,0,35,-182
19751231,0,-3,-157
19760101,0,45,-116
19760102,0,25,-144
19760103,0,-26,-127
19760104,0,-52,-153
19760105,0,-21,-182
19760106,0,-18,-175
19760107,0,-27,-126
19760108,0,-65,-180
19760109,0,-68,-219
19760110,0,-55,-227
19760111,0,-3,-219
19760112,0,-8,-214
19760113,0,-27,-165
19760114,0,10,-173
19760115,0,9,-175
19760116,0,-22,-166
19760117,0,-4,-172
19760118,0,-32,-146
19760119,0,-89,-202
19760120,0,-124,-225
19760121,0,-93,-262
19760122,0,-77,-225
19760123,0,-40,-243
19760124,0,7,-189
19760125,0,-28,-188
19760126,0,10,-183
19760127,0,2,-104
19760128,0,-65,-184
19760129,0,-30,-173
19760130,0,-14,-208
19760131,0,-12,-162
19760201,0,38,-143
19760202,0,36,-126
19760203,0,40,-144
19760204,0,23,-127
19760205,0,52,-133
19760206,0,37,-102
19760207,0,60,-134
19760208,0,79,-83
19760209,0,88,-111
19760210,0,78,-89
19760211,47,15,-22
19760212,0,103,-130
19760213,0,38,-39
19760214,0,17,-34
19760215,0,-20,-62
19760216,0,-16,-41
19760217,7,12,-41
19760218,0,15,-71
19760219,0,-2,-130
19760220,8,-2,-69
19760221,0,1,-78
19760222,0,41,-131
19760223,0,42,-92
19760224,0,50,-87
19760225,0,72,-111
19760226,0,36,-26
19760227,23,4,-68
19760228,1,-42,-112
19760229,0,-27,-156
19760301,0,-30,-155
19760302,0,-7,-142
19760303,0,36,-141
19760304,0,38,-64
19760305,0,67,-104
19760306,0,83,-32
19760307,0,100,-45
19760308,0,55,-25
19760309,0,79,-63
19760310,0,33,-35
19760311,0,31,-86
19760312,0,72,-110
19760313,0,87,-68
19760314,0,62,-18
19760315,0,106,-57
19760316,0,140,-10
19760317,0,71,-93
19760318,0,-43,-147
19760319,0,-3,-154
19760320,0,55,-108
19760321,0,63,-121
19760322,0,29,-107
19760323,0,22,-73
19760324,0,92,-22
19760325,0,77,0
19760326,0,92,-64
19760327,0,121,16
19760328,0,99,-47
19760329,0,40,-53
19760330,0,70,-71
19760331,0,58,-53
19760401,0,73,-86
19760402,31,38,-43
19760403,13,100,-17
19760404,0,142,-9
19760405,0,124,-29
19760406,0,93,-7
19760407,6,110,-11
19760408,0,148,8
19760409,0,154,0
19760410,0,121,32
19760411,32,81,-5
19760412,0,105,-34
19760413,0,150,-13
19760414,0,182,-4
19760415,0,174,0
19760416,0,173,22
19760417,0,123,55
19760418,0,168,-14
19760419,0,195,68
19760420,0,201,72
19760421,2,171,14
19760422,3,14,-51
19760423,0,117,-59
19760424,0,160,13
19760425,0,218,31
19760426,0,194,93
19760427,0,228,48
19760428,16,192,64
19760429,0,119,8
19760430,0,183,7
19760501,0,150,35
19760502,0,138,23
19760503,0,87,-24
19760504,0,110,-30
19760505,0,188,-36
19760506,0,210,13
19760507,0,243,60
19760508,0,227,64
19760509,0,202,74
19760510,0,192,75
19760511,0,190,27
19760512,0,207,-6
19760513,0,231,65
19760514,0,265,85
19760515,0,201,13
19760516,0,236,15
19760517,4,210,118
19760518,0,246,45
19760519,12,208,110
19760520,0,163,26
19760521,0,239,42
19760522,0,280,81
19760523,0,301,112
19760524,0,284,107
19760525,0,311,137
19760526,16,224,145
19760527,0,194,113
19760528,0,259,82
19760529,0,271,137
19760530,0,251,110
19760531,0,218,134
19760601,0,210,58
19760602,0,252,76
19760603,0,243,41
19760604,0,286,120
19760605,0,250,114
19760606,1,233,118
19760607,0,211,65
19760608,0,215,76
19760609,0,242,70
19760610,0,271,75
19760611,0,282,102
19760612,0,304,107
19760613,0,311,126
19760614,5,299,157
19760615,138,260,156
19760616,130,182,120
19760617,0,247,90
19760618,0,272,126
19760619,33,249,118
19760620,41,175,114
19760621,0,217,133
19760622,19,215,155
19760623,0,269,112
19760624,0,244,123
19760625,0,272,122
19760626,0,292,138
19760627,10,260,154
19760628,0,293,134
19760629,0,265,114
19760630,13,245,160
19760701,0,264,116
19760702,0,282,157
19760703,7,272,160
19760704,28,281,130
19760705,0,311,142
19760706,0,308,157
19760707,68,236,152
19760708,0,264,121
19760709,52,251,140
19760710,36,269,133
19760711,0,284,145
19760712,0,264,121
19760713,0,285,128
19760714,0,282,190
19760715,165,240,142
19760716,0,269,135
19760717,27,291,155
19760718,17,258,152
19760719,0,296,156
19760720,3,273,175
19760721,0,315,128
19760722,0,345,164
19760723,0,314,202
19760724,18,260,136
19760725,0,250,116
19760726,0,260,120
19760727,196,222,161
19760728,913,195,167
19760729,2,255,148
19760730,0,272,157
19760731,0,273,154
19760801,367,237,140
19760802,1751,265,160
19760803,563,210,144
19760804,0,238,153
19760805,0,257,118
19760806,177,228,132
19760807,480,242,166
19760808,0,230,160
19760809,0,250,121
19760810,0,256,161
19760811,0,214,158
19760812,0,244,120
19760813,70,227,136
19760814,1,250,120
19760815,0,294,109
19760816,0,317,160
19760817,0,307,166
19760818,0,266,160
19760819,0,212,140
19760820,119,194,139
19760821,0,229,114
19760822,0,187,143
19760823,0,206,124
19760824,0,188,117
19760825,0,187,132
19760826,18,198,117
19760827,0,256,104
19760828,0,222,144
19760829,0,252,100
19760830,0,275,99
19760831,0,289,124
19760901,0,293,117
19760902,0,294,114
19760903,0,281,104
19760904,0,225,135
19760905,0,219,114
19760906,22,196,103
19760907,0,194,84
19760908,0,210,58
19760909,0,221,86
19760910,41,222,90
19760911,226,193,124
19760912,0,220,98
19760913,0,187,124
19760914,0,218,88
19760915,0,222,94
19760916,0,217,90
19760917,0,162,106
19760918,0,195,90
19760919,0,204,58
19760920,0,165,27
19760921,0,177,23
19760922,0,207,47
19760923,0,216,58
19760924,0,214,114
19760925,0,244,75
19760926,0,225,57
19760927,0,211,72
19760928,0,205,31
19760929,0,204,73
19760930,0,226,57
19761001,0,176,57
19761002,0,192,66
19761003,0,209,30
19761004,0,190,57
19761005,7,165,86
19761006,0,201,43
19761007,0,189,34
19761008,0,174,52
19761009,96,140,52
19761010,0,82,43
19761011,0,127,2
19761012,0,122,8
19761013,0,153,-1
19761014,0,175,-5
19761015,0,194,4
19761016,0,189,23
19761017,0,190,5
19761018,0,194,22
19761019,0,225,23
19761020,0,160,9
19761021,0,195,29
19761022,29,140,-3
19761023,0,44,-32
19761024,0,94,-81
19761025,0,130,-41
19761026,0,90,-6
19761027,0,86,-25
19761028,0,106,-42
19761029,0,155,-28
19761030,0,110,-43
19761031,0,146,-31
19761101,0,160,-10
19761102,0,100,11
19761103,0,54,-28
19761104,0,49,-97
19761105,0,97,-74
19761106,0,130,-45
19761107,0,131,-42
19761108,0,143,-18
19761109,0,76,-77
19761110,0,-25,-132
19761111,0,28,-103
19761112,0,-4,-104
19761113,0,-76,-180
19761114,0,-28,-194
19761115,0,-13,-134
19761116,0,-20,-110
19761117,0,25,-126
19761118,0,49,-142
19761119,0,-34,-123
19761120,0,-23,-168
19761121,0,-25,-143
19761122,0,-22,-148
19761123,0,10,-163
19761124,0,8,-103
19761125,0,19,-106
19761126,0,10,-132
19761127,0,-2,-158
19761128,0,43,-152
19761129,0,52,-121
19761130,0,60,-81
19761201,0,79,-105
19761202,0,76,-99
19761203,0,-21,-112
19761204,0,-6,-153
19761205,6,-31,-64
19761206,0,-32,-107
19761207,0,-60,-148
19761208,0,-67,-182
19761209,0,5,-162
19761210,0,-20,-86
19761211,0,6,-158
19761212,0,-45,-143
19761213,0,14,-181
19761214,0,48,-153
19761215,0,-10,-131
19761216,0,5,-110
19761217,0,0,-98
19761218,0,24,-148
19761219,0,24,-121
19761220,0,82,-120
19761221,0,23,-58
19761222,0,17,-118
19761223,0,25,-90
19761224,0,-37,-159
19761225,0,-156,-244
19761226,0,-155,-257
19761227,0,-136,-253
19761228,0,-134,-271
19761229,0,-111,-242
19761230,0,-112,-227
19761231,0,-82,-227
19770101,0,-123,-182
19770102,0,-165,-262
19770103,0,-139,-287
19770104,0,-112,-269
19770105,0,-86,-272
19770106,0,-64,-208
19770107,0,-62,-243
19770108,5,-107,-183
19770109,0,-110,-190
19770110,0,-119,-183
19770111,0,-111,-255
19770112,0,-90,-242
19770113,0,-75,-253
19770114,7,-84,-140
19770115,0,-62,-183
19770116,0,-60,-226
19770117,0,-68,-196
19770118,0,-50,-143
19770119,0,-28,-206
19770120,0,-58,-222
19770121,0,-60,-183
19770122,0,15,-194
19770123,0,74,-155
19770124,0,-15,-104
19770125,0,-69,-140
19770126,0,-94,-165
19770127,0,-113,-212
19770128,0,-123,-258
19770129,0,-102,-247
19770130,0,-68,-240
19770131,0,-54,-189
19770201,0,-48,-195
19770202,0,-26,-216
19770203,0,-88,-188
19770204,0,-57,-247
19770205,0,-28,-194
19770206,12,-57,-113
19770207,0,-62,-160
19770208,0,-26,-213
19770209,0,3,-188
19770210,0,44,-150
19770211,0,44,-129
19770212,0,7,-53
19770213,0,-44,-188
19770214,0,-52,-189
19770215,0,-95,-208
19770216,0,-44,-214
19770217,0,28,-188
19770218,0,20,-108
19770219,0,-24,-99
19770220,0,-81,-172
19770221,0,-15,-213
19770222,0,25,-144
19770223,0,90,-128
19770224,0,70,-67
19770225,0,76,-54
19770226,0,117,-63
19770227,0,149,-85
19770228,0,100,14
19770301,0,43,-31
19770302,0,-4,-84
19770303,0,-16,-135
19770304,0,60,-98
19770305,0,84,-53
19770306,0,124,-97
19770307,0,145,-66
19770308,0,72,-57
19770309,0,92,-127
19770310,0,104,-50
19770311,0,150,-75
19770312,0,100,-11
19770313,0,57,-6
19770314,0,111,-95
19770315,0,154,-50
19770316,0,136,-7
19770317,17,46,-33
19770318,0,88,-48
19770319,0,95,-42
19770320,0,140,-62
19770321,0,118,-9
19770322,1,82,-108
19770323,0,-41,-176
19770324,0,68,-136
19770325,0,125,-63
19770326,0,118,-60
19770327,0,150,7
19770328,0,134,9
19770329,0,97,4
19770330,0,118,-62
19770331,0,150,-47
19770401,0,160,16
19770402,0,173,-7
19770403,0,193,14
19770404,15,146,-40
19770405,0,90,-31
19770406,0,132,-23
19770407,0,128,16
19770408,0,136,-22
19770409,0,178,-7
19770410,0,223,23
19770411,0,231,51
19770412,0,199,42
19770413,0,202,71
19770414,0,215,83
19770415,0,224,59
19770416,0,168,0
19770417,0,32,-67
19770418,0,131,-52
19770419,0,195,8
19770420,0,206,9
19770421,0,215,30
19770422,0,200,88
19770423,27,165,93
19770424,0,151,57
19770425,0,128,40
19770426,0,97,13
19770427,9,111,-18
19770428,0,152,-22
19770429,0,165,42
19770430,62,135,44
19770501,1,131,15
19770502,0,156,5
19770503,0,198,45
19770504,0,227,64
19770505,0,189,107
19770506,0,185,13
19770507,0,207,52
19770508,0,209,50
19770509,0,249,81
19770510,0,245,105
19770511,0,250,116
19770512,35,200,81
19770513,0,108,-4
19770514,0,184,-22
19770515,0,201,57
19770516,0,238,98
19770517,0,210,52
19770518,0,206,65
19770519,0,212,77
19770520,0,229,100
19770521,1,265,81
19770522,6,188,71
19770523,0,231,59
19770524,0,253,97
19770525,0,246,144
19770526,0,219,47
19770527,0,254,135
19770528,0,274,105
19770529,13,202,104
19770530,0,160,52
19770531,0,230,87
19770601,0,199,83
19770602,0,208,41
19770603,0,237,68
19770604,10,243,95
19770605,2,232,80
19770606,0,274,95
19770607,0,280,115
19770608,3,257,89
19770609,16,237,123
19770610,0,197,50
19770611,0,272,115
19770612,0,311,128
19770613,0,310,136
19770614,0,274,152
19770615,37,279,115
19770616,0,272,128
19770617,10,297,163
19770618,191,245,152
19770619,6,225,145
19770620,0,260,150
19770621,0,273,148
19770622,3,238,153
19770623,2,224,128
19770624,0,226,140
19770625,0,250,120
19770626,10,226,141
19770627,4,278,113
19770628,13,283,162
19770629,0,300,127
19770630,0,333,144
19770701,60,306,166
19770702,90,258,132
19770703,0,277,130
19770704,0,302,167
19770705,310,262,168
19770706,14,236,157
19770707,0,238,169
19770708,0,263,140
19770709,0,263,150
19770710,0,276,180
19770711,24,256,145
19770712,3,274,153
19770713,1,286,135
19770714,0,302,140
19770715,0,318,185
19770716,0,311,189
19770717,0,311,189
19770718,0,315,172
19770719,0,320,171
19770720,0,323,180
19770721,0,316,168
19770722,0,316,172
19770723,47,288,156
19770724,8,309,140
19770725,11,291,175
19770726,0,308,151
19770727,0,313,186
19770728,11,285,199
19770729,158,244,154
19770730,0,275,148
19770731,0,312,178
19770801,278,292,191
19770802,509,264,176
19770803,0,290,157
19770804,0,285,175
19770805,0,236,191
19770806,0,245,160
19770807,44,237,143
19770808,0,247,138
19770809,0,258,165
19770810,0,270,156
19770811,59,270,147
19770812,0,255,145
19770813,0,250,155
19770814,0,258,141
19770815,0,245,103
19770816,0,258,105
19770817,37,220,142
19770818,0,236,133
19770819,43,208,152
19770820,130,188,137
19770821,19,197,125
19770822,2,230,115
19770823,0,267,117
19770824,18,278,143
19770825,0,262,128
19770826,0,268,124
19770827,34,256,127
19770828,0,264,105
19770829,0,275,131
19770830,0,239,136
19770831,0,269,120
19770901,0,272,137
19770902,0,278,155
19770903,0,300,161
19770904,0,256,173
19770905,0,225,110
19770906,0,242,90
19770907,0,252,90
19770908,87,210,129
19770909,10,151,107
19770910,2,203,81
19770911,3,163,85
19770912,13,148,112
19770913,100,127,105
19770914,118,122,110
19770915,201,126,98
19770916,16,158,98
19770917,12,217,66
19770918,0,171,76
19770919,0,181,40
19770920,0,158,60
19770921,0,188,16
19770922,0,207,38
19770923,0,198,62
19770924,0,216,65
19770925,0,223,83
19770926,0,224,72
19770927,0,217,106
19770928,0,245,81
19770929,0,248,80
19770930,0,265,81
19771001,0,223,89
19771002,0,250,38
19771003,0,230,88
19771004,43,183,34
19771005,0,94,4
19771006,0,111,5
19771007,0,144,-9
19771008,0,175,4
19771009,0,147,-12
19771010,0,186,9
19771011,0,198,14
19771012,0,226,16
19771013,0,215,43
19771014,0,156,64
19771015,0,117,-20
19771016,0,175,6
19771017,0,193,29
19771018,0,201,48
19771019,0,187,27
19771020,0,193,7
19771021,0,200,40
19771022,0,193,1
19771023,0,184,17
19771024,0,223,33
19771025,0,188,42
19771026,11,157,18
19771027,19,20,-13
19771028,26,23,-9
19771029,0,74,0
19771030,0,73,4
19771031,0,75,-52
19771101,0,101,-60
19771102,0,129,-46
19771103,0,100,-28
19771104,0,109,3
19771105,0,80,16
19771106,0,80,-33
19771107,0,93,-29
19771108,0,56,-43
19771109,0,21,-99
19771110,0,41,-98
19771111,0,68,-81
19771112,0,81,-68
19771113,0,82,-68
19771114,19,51,-57
19771115,31,28,-41
19771116,0,40,-64
19771117,0,14,-63
19771118,0,21,-73
19771119,0,19,-76
19771120,0,68,-74
19771121,0,51,-70
19771122,0,73,-63
19771123,0,66,-73
19771124,0,66,-83
19771125,0,75,-71
19771126,0,-2,-91
19771127,0,-24,-128
19771128,0,4,-114
19771129,0,20,-118
19771130,0,21,-71
19771201,0,42,-89
19771202,0,73,-106
19771203,0,57,-84
19771204,0,65,-108
19771205,0,61,-116
19771206,0,48,-52
19771207,0,31,-52
19771208,0,85,-110
19771209,0,46,-88
19771210,0,76,-106
19771211,0,48,-76
19771212,0,42,-114
19771213,0,70,-89
19771214,0,41,-67
19771215,0,-14,-70
19771216,0,-2,-136
19771217,0,-7,-109
19771218,0,1,-158
19771219,0,34,-121
19771220,0,-2,-130
19771221,0,-15,-132
19771222,0,0,-86
19771223,0,-46,-122
19771224,0,-86,-191
19771225,0,-61,-218
19771226,0,-46,-141
19771227,4,-56,-74
19771228,0,-10,-138
19771229,0,10,-163
19771230,5,-28,-94
19771231,0,-42,-145
19780101,0,-73,-169
19780102,0,-69,-182
19780103,0,-67,-143
19780104,0,-40,-152
19780105,0,9,-134
19780106,0,32,-133
19780107,0,-20,-130
19780108,0,-55,-171
19780109,0,-24,-160
19780110,0,5,-174
19780111,0,53,-166
19780112,0,8,-118
19780113,0,-12,-99
19780114,0,-62,-153
19780115,0,-135,-183
19780116,0,-118,-242
19780117,0,-84,-197
19780118,0,-60,-193
19780119,0,-59,-164
19780120,0,-53,-164
19780121,0,19,-151
19780122,0,14,-163
19780123,0,12,-156
19780124,0,57,-163
19780125,0,13,-80
19780126,0,10,-133
19780127,0,-9,-143
19780128,0,-7,-180
19780129,0,-63,-173
19780130,0,-67,-232
19780131,0,-69,-168
19780201,0,-47,-219
19780202,0,3,-196
19780203,0,23,-142
19780204,0,40,-103
19780205,0,22,-99
19780206,0,1,-125
19780207,24,-12,-90
19780208,18,-68,-148
19780209,24,-125,-185
19780210,0,-114,-239
19780211,0,-87,-161
19780212,0,-59,-218
19780213,0,-69,-228
19780214,1,-85,-220
19780215,2,-107,-231
19780216,0,-76,-242
19780217,0,-46,-213
19780218,0,-35,-190
19780219,0,-18,-201
19780220,0,13,-163
19780221,0,49,-127
19780222,0,59,-93
19780223,0,63,-80
19780224,0,68,-63
19780225,0,52,-32
19780226,0,91,-85
19780227,0,77,-55
19780228,0,-6,-154
19780301,0,77,-77
19780302,0,26,-18
19780303,0,30,-89
19780304,0,92,-100
19780305,0,100,-94
19780306,0,108,-67
19780307,0,110,-53
19780308,44,58,-4
19780309,0,20,-122
19780310,0,9,-125
19780311,0,-33,-123
19780312,0,4,-135
19780313,0,24,-93
19780314,0,60,-66
19780315,0,79,-77
19780316,0,98,-55
19780317,0,76,-34
19780318,0,89,-48
19780319,100,56,-12
19780320,40,29,-10
19780321,0,36,-48
19780322,0,33,-63
19780323,0,60,-78
19780324,0,91,-54
19780325,0,115,-39
19780326,0,109,-28
19780327,0,74,14
19780328,0,111,-38
19780329,0,112,-17
19780330,0,92,-39
19780331,0,116,-35
19780401,0,73,-22
19780402,0,85,-83
19780403,0,130,-53
19780404,0,149,-24
19780405,0,102,-39
19780406,0,139,-58
19780407,0,194,-16
19780408,0,173,19
19780409,0,223,22
19780410,0,208,50
19780411,0,230,61
19780412,0,252,81
19780413,0,283,72
19780414,0,219,69
19780415,0,94,2
19780416,0,134,-66
19780417,0,179,-10
19780418,0,138,29
19780419,0,61,-70
19780420,0,99,-23
19780421,0,163,-32
19780422,0,215,16
19780423,0,253,66
19780424,0,206,52
19780425,0,235,82
19780426,0,251,48
19780427,0,228,129
19780428,0,256,47
19780429,0,227,61
19780430,0,180,52
19780501,0,230,40
19780502,0,205,76
19780503,0,205,32
19780504,0,190,91
19780505,0,209,37
19780506,0,233,114
19780507,0,192,111
19780508,0,131,24
19780509,0,155,-13
19780510,0,192,43
19780511,0,224,22
19780512,0,269,56
19780513,0,312,80
19780514,0,282,135
19780515,0,205,91
19780516,56,210,104
19780517,0,210,43
19780518,0,243,72
19780519,0,286,110
19780520,0,311,121
19780521,0,300,129
19780522,0,283,121
19780523,0,316,103
19780524,0,300,157
19780525,0,324,128
19780526,0,298,111
19780527,0,266,163
19780528,0,243,128
19780529,0,184,101
19780530,102,170,93
19780531,0,188,82
19780601,0,191,93
19780602,0,225,53
19780603,0,258,84
19780604,0,282,81
19780605,0,329,121
19780606,0,333,146
19780607,0,288,177
19780608,44,220,106
19780609,0,268,76
19780610,0,290,128
19780611,0,308,118
19780612,0,280,187
19780613,65,236,126
19780614,0,258,126
19780615,0,230,117
19780616,4,240,101
19780617,0,268,96
19780618,0,277,112
19780619,0,288,117
19780620,0,299,126
19780621,0,313,128
19780622,0,309,136
19780623,4,279,162
19780624,2,195,150
19780625,0,279,132
19780626,0,307,148
19780627,28,300,166
19780628,0,295,154
19780629,0,320,152
19780630,0,306,172
19780701,0,307,142
19780702,18,286,128
19780703,0,276,135
19780704,0,272,152
19780705,0,326,126
19780706,0,360,169
19780707,0,327,183
19780708,0,303,157
19780709,0,314,149
19780710,0,322,162
19780711,0,330,155
19780712,0,304,168
19780713,0,288,190
19780714,0,265,162
19780715,0,259,146
19780716,0,293,114
19780717,2,302,120
19780718,18,319,153
19780719,1,261,106
19780720,0,298,127
19780721,24,296,144
19780722,15,285,162
19780723,0,301,159
19780724,1,311,142
19780725,0,314,196
19780726,70,320,162
19780727,3,204,165
19780728,4,238,127
19780729,206,208,152
19780730,262,199,150
19780731,3,282,141
19780801,0,316,170
19780802,0,311,172
19780803,0,325,164
19780804,0,332,197
19780805,0,297,172
19780806,0,212,155
19780807,546,195,161
19780808,1,265,111
19780809,0,260,131
19780810,0,288,129
19780811,15,252,157
19780812,11,248,139
19780813,0,219,141
19780814,0,233,136
19780815,4,258,137
19780816,1,251,126
19780817,0,291,141
19780818,0,300,171
19780819,0,294,152
19780820,0,330,121
19780821,0,328,152
19780822,0,313,193
19780823,0,274,165
19780824,0,266,163
19780825,41,228,138
19780826,116,176,133
19780827,125,172,146
19780828,0,205,119
19780829,0,245,155
19780830,236,211,138
19780831,0,220,120
19780901,0,216,121
19780902,0,206,143
19780903,33,173,122
19780904,1,182,130
19780905,359,176,123
19780906,3,158,124
19780907,17,132,100
19780908,0,151,76
19780909,0,162,22
19780910,0,208,59
19780911,0,219,62
19780912,0,232,46
19780913,0,248,84
19780914,78,232,86
19780915,22,231,85
19780916,156,192,126
19780917,47,156,61
19780918,0,146,2
19780919,0,195,13
19780920,0,193,46
19780921,0,194,61
19780922,0,220,61
19780923,0,232,71
19780924,0,235,62
19780925,0,246,62
19780926,0,248,74
19780927,0,256,66
19780928,0,264,72
19780929,0,254,116
19780930,0,242,101
19781001,27,200,113
19781002,39,162,94
19781003,0,168,61
19781004,0,171,22
19781005,0,180,27
19781006,0,145,93
19781007,0,150,86
19781008,72,126,10
19781009,0,116,-10
19781010,0,156,-10
19781011,0,187,27
19781012,0,198,31
19781013,27,141,53
19781014,2,138,18
19781015,0,151,-14
19781016,0,186,7
19781017,0,168,39
19781018,0,149,53
19781019,0,155,33
19781020,0,168,2
19781021,0,149,43
19781022,4,123,47
19781023,0,123,12
19781024,0,159,-48
19781025,0,171,5
19781026,0,57,-40
19781027,3,23,-90
19781028,0,25,-113
19781029,0,106,-101
19781030,0,136,-83
19781031,0,137,-46
19781101,0,120,-34
19781102,0,127,-15
19781103,0,130,-38
19781104,0,141,-25
19781105,0,132,-29
19781106,0,121,-20
19781107,0,124,11
19781108,0,129,-28
19781109,0,75,22
19781110,0,101,-47
19781111,0,92,-54
19781112,0,101,-51
19781113,0,92,-15
19781114,0,71,-79
19781115,37,55,-39
19781116,0,59,-22
19781117,0,13,-41
19781118,0,-23,-114
19781119,0,7,-137
19781120,0,67,-109
19781121,0,55,-119
19781122,0,64,-88
19781123,0,52,-35
19781124,2,57,-23
19781125,0,42,-52
19781126,0,-11,-110
19781127,0,-29,-152
19781128,0,15,-154
19781129,0,11,-108
19781130,1,-32,-112
19781201,0,-59,-169
19781202,0,16,-165
19781203,0,3,-123
19781204,0,33,-126
19781205,0,71,-141
19781206,0,73,-99
19781207,0,52,-73
19781208,0,55,-76
19781209,0,9,-79
19781210,0,23,-149
19781211,0,33,-107
19781212,0,97,-100
19781213,0,33,-110
19781214,0,46,-143
19781215,0,92,-86
19781216,0,49,-101
19781217,0,54,-94
19781218,0,44,-105
19781219,0,-21,-86
19781220,14,-20,-37
19781221,11,-32,-122
19781222,0,-64,-228
19781223,0,-14,-190
19781224,0,16,-173
19781225,0,24,-133
19781226,0,-32,-84
19781227,0,26,-158
19781228,0,-37,-152
19781229,0,-25,-165
19781230,0,-9,-172
19781231,0,11,-149
19790101,0,34,-132
19790102,0,36,-99
19790103,0,70,-108
19790104,0,39,-68
19790105,0,67,-115
19790106,0,28,-42
19790107,0,129,-67
19790108,0,97,-26
19790109,0,95,-79
19790110,0,13,-93
19790111,0,-4,-100
19790112,1,-31,-122
19790113,0,-103,-163
19790114,0,-111,-205
19790115,0,-43,-217
19790116,0,-37,-172
19790117,0,-84,-158
19790118,0,-53,-232
19790119,0,-35,-162
19790120,0,-72,-138
19790121,0,-21,-187
19790122,0,6,-150
19790123,0,9,-152
19790124,0,53,-172
19790125,0,33,-68
19790126,0,93,-109
19790127,0,5,-107
19790128,0,-22,-132
19790129,0,-66,-152
19790130,0,-76,-141
19790131,0,-66,-186
19790201,0,19,-165
19790202,0,1,-103
19790203,0,0,-143
19790204,0,32,-127
19790205,0,17,-108
19790206,0,75,-135
19790207,0,52,-119
19790208,0,76,-104
19790209,0,85,-79
19790210,0,82,-97
19790211,0,97,-95
19790212,0,77,-60
19790213,0,13,-134
19790214,0,20,-149
19790215,0,61,-127
19790216,0,33,-138
19790217,0,75,-127
19790218,0,126,-101
19790219,0,134,-69
19790220,0,162,-89
19790221,50,51,-33
19790222,3,-25,-95
19790223,0,-57,-128
19790224,0,-14,-128
19790225,0,-7,-69
19790226,0,11,-118
19790227,0,-33,-130
19790228,0,-19,-176
19790301,4,-3,-116
19790302,0,54,-111
19790303,0,67,-57
19790304,0,51,-27
19790305,0,74,-69
19790306,0,89,-77
19790307,0,91,-84
19790308,0,43,-30
19790309,1,35,-27
19790310,6,5,-76
19790311,37,10,-52
19790312,0,46,-102
19790313,3,9,-71
19790314,0,53,-92
19790315,0,60,-73
19790316,0,7,-95
19790317,0,43,-106
19790318,0,76,-88
19790319,0,111,-67
19790320,0,95,-16
19790321,0,79,8
19790322,4,52,-63
19790323,0,49,-103
19790324,0,113,-88
19790325,0,77,-29
19790326,0,147,-63
19790327,0,196,1
19790328,0,121,54
19790329,0,66,-21
19790330,0,103,-70
19790331,1,71,-11
19790401,0,18,-73
19790402,0,40,-118
19790403,0,104,-76
19790404,0,150,-57
19790405,0,120,26
19790406,0,155,28
19790407,0,106,40
19790408,0,91,-18
19790409,0,175,-27
19790410,0,173,43
19790411,0,149,-5
19790412,0,17,-71
19790413,0,42,-93
19790414,0,136,-70
19790415,0,146,57
19790416,0,218,40
19790417,0,188,60
19790418,0,212,56
19790419,0,226,30
19790420,0,235,72
19790421,0,196,98
19790422,0,204,93
19790423,0,206,70
19790424,0,208,60
19790425,0,146,31
19790426,0,185,30
19790427,0,161,62
19790428,0,145,53
19790429,0,168,12
19790430,0,142,15
19790501,0,149,-33
19790502,0,195,-7
19790503,0,218,30
19790504,0,226,62
19790505,0,155,47
19790506,0,192,-4
19790507,0,225,56
19790508,0,197,71
19790509,0,173,29
19790510,0,203,14
19790511,0,170,90
19790512,0,175,68
19790513,0,223,62
19790514,30,201,37
19790515,0,125,-8
19790516,0,124,9
19790517,0,165,0
19790518,0,225,39
19790519,0,253,71
19790520,5,263,122
19790521,0,294,121
19790522,0,262,94
19790523,0,223,39
19790524,0,264,66
19790525,0,252,105
19790526,0,268,136
19790527,0,264,106
19790528,0,254,128
19790529,39,240,142
19790530,5,202,146
19790531,1,206,144
19790601,45,247,126
19790602,0,284,154
19790603,0,257,125
19790604,0,229,63
19790605,0,233,90
19790606,0,268,104
19790607,0,292,108
19790608,0,242,106
19790609,0,211,90
19790610,0,212,61
19790611,0,265,67
19790612,0,308,108
19790613,0,327,149
19790614,9,317,146
19790615,0,318,172
19790616,0,320,152
19790617,0,310,174
19790618,174,211,139
19790619,0,167,115
19790620,0,257,99
19790621,0,291,126
19790622,8,299,134
19790623,178,173,121
19790624,0,253,113
19790625,0,232,126
19790626,0,242,136
19790627,0,238,128
19790628,0,272,123
19790629,6,300,143
19790630,7,278,152
19790701,7,265,173
19790702,285,194,127
19790703,0,203,136
19790704,0,241,152
19790705,0,251,142
19790706,3,248,181
19790707,0,266,151
19790708,0,265,169
19790709,8,278,108
19790710,0,300,150
19790711,108,256,142
19790712,3,252,127
19790713,0,270,159
19790714,0,294,153
19790715,0,283,183
19790716,0,249,138
19790717,0,233,146
19790718,0,233,149
19790719,6,253,143
19790720,0,250,138
19790721,12,269,151
19790722,116,270,146
19790723,32,247,179
19790724,0,285,141
19790725,0,287,151
19790726,126,260,191
19790727,207,216,159
19790728,30,207,170
19790729,79,219,157
19790730,12,207,146
19790731,0,223,119
19790801,0,261,134
19790802,9,237,162
19790803,0,246,126
19790804,0,285,143
19790805,0,312,158
19790806,0,311,162
19790807,0,288,213
19790808,0,300,179
19790809,0,312,206
19790810,0,307,200
19790811,57,210,140
19790812,0,284,172
19790813,0,214,146
19790814,0,214,127
19790815,0,264,154
19790816,0,237,134
19790817,0,258,110
19790818,0,284,111
19790819,7,273,146
19790820,0,308,122
19790821,0,262,170
19790822,2,219,122
19790823,0,248,134
19790824,47,212,149
19790825,18,241,162
19790826,14,204,104
19790827,0,208,84
19790828,0,211,75
19790829,0,230,54
19790830,2,201,113
19790831,0,211,82
19790901,0,213,24
19790902,0,246,57
19790903,0,260,81
19790904,6,265,79
19790905,0,202,119
19790906,0,244,35
19790907,0,243,110
19790908,0,240,80
19790909,0,272,112
19790910,0,238,129
19790911,4,241,111
19790912,0,188,101
19790913,0,216,51
19790914,0,198,85
19790915,0,206,48
19790916,0,233,60
19790917,0,238,73
19790918,0,223,98
19790919,36,201,138
19790920,0,185,103
19790921,0,214,84
19790922,0,168,24
19790923,0,175,87
19790924,2,197,39
19790925,0,182,64
19790926,0,166,61
19790927,3,163,61
19790928,132,172,106
19790929,2,199,60
19790930,93,142,76
19791001,4,144,42
19791002,1,132,31
19791003,0,149,1
19791004,0,162,10
19791005,0,173,24
19791006,0,173,21
19791007,0,175,26
19791008,0,172,42
19791009,0,212,18
19791010,0,220,30
19791011,0,219,31
19791012,0,205,58
19791013,2,192,86
19791014,0,216,45
19791015,47,164,85
19791016,9,109,29
19791017,0,139,-35
19791018,0,159,-17
19791019,0,135,15
19791020,0,59,-79
19791021,0,141,-66
19791022,0,186,-36
19791023,0,143,32
19791024,0,138,22
19791025,0,145,27
19791026,0,176,-16
19791027,0,192,19
19791028,0,173,44
19791029,0,190,17
19791030,0,185,0
19791031,0,197,22
19791101,0,206,29
19791102,0,193,34
19791103,0,173,47
19791104,14,129,-78
19791105,0,114,-88
19791106,0,175,-23
19791107,0,166,-3
19791108,0,170,9
19791109,0,106,-44
19791110,0,-24,-108
19791111,0,-18,-108
19791112,0,-24,-174
19791113,0,38,-127
19791114,0,65,-101
19791115,0,30,-54
19791116,7,-25,-84
19791117,0,-69,-128
19791118,0,-31,-160
19791119,0,13,-118
19791120,0,-30,-95
19791121,0,-25,-150
19791122,0,-40,-175
19791123,0,24,-123
19791124,0,-19,-111
19791125,0,-10,-173
19791126,0,14,-154
19791127,0,-16,-98
19791128,0,-3,-186
19791129,0,20,-157
19791130,0,-23,-103
19791201,0,17,-175
19791202,0,49,-117
19791203,0,69,-105
19791204,0,43,-143
19791205,0,41,-118
19791206,0,55,-118
19791207,0,61,-105
19791208,0,52,-120
19791209,0,46,-133
19791210,0,69,-120
19791211,0,10,-107
19791212,0,44,-162
19791213,0,36,-123
19791214,0,12,-125
19791215,0,-20,-131
19791216,0,26,-73
19791217,0,21,-129
19791218,0,35,-85
19791219,0,15,-101
19791220,0,-10,-141
19791221,0,-35,-148
19791222,0,-35,-173
19791223,0,-41,-168
19791224,0,-66,-187
19791225,0,-22,-176
19791226,0,-23,-196
19791227,0,-9,-128
19791228,0,29,-175
19791229,0,31,-148
19791230,0,-17,-105
19791231,0,-9,-158
19800101,2,-22,-73
19800102,0,-35,-113
19800103,0,-75,-192
19800104,0,-73,-222
19800105,0,-43,-181
19800106,0,-89,-154
19800107,0,-22,-226
19800108,0,-16,-180
19800109,0,-34,-204
19800110,0,-84,-237
19800111,0,-45,-218
19800112,0,-30,-194
19800113,0,-35,-163
19800114,0,-40,-185
19800115,0,-9,-133
19800116,0,9,-173
19800117,0,13,-152
19800118,0,-31,-133
19800119,0,-30,-187
19800120,0,-3,-176
19800121,0,5,-174
19800122,0,23,-168
19800123,0,18,-175
19800124,0,52,-143
19800125,0,3,-123
19800126,0,9,-188
19800127,0,11,-96
19800128,0,-48,-159
19800129,0,-149,-281
19800130,0,-151,-303
19800131,0,-122,-246
19800201,0,-111,-247
19800202,0,-109,-222
19800203,0,-144,-255
19800204,0,-120,-247
19800205,0,-95,-271
19800206,0,-84,-261
19800207,0,-102,-269
19800208,0,-81,-251
19800209,0,-46,-207
19800210,0,-25,-165
19800211,0,-23,-207
19800212,0,-16,-162
19800213,0,-54,-203
19800214,0,-15,-217
19800215,0,36,-170
19800216,0,66,-108
19800217,0,34,-61
19800218,0,54,-131
19800219,0,70,-124
19800220,0,66,-93
19800221,0,95,-83
19800222,0,103,-85
19800223,0,112,-95
19800224,34,63,-54
19800225,3,31,-51
19800226,0,29,-58
19800227,0,58,-110
19800228,0,107,-84
19800229,0,41,-78
19800301,0,16,-118
19800302,0,47,-99
19800303,0,49,-97
19800304,0,55,-80
19800305,0,93,-77
19800306,0,119,-68
19800307,0,120,-43
19800308,0,77,6
19800309,0,97,-64
19800310,85,49,-8
19800311,4,7,-26
19800312,6,11,-18
19800313,0,-10,-90
19800314,0,-6,-141
19800315,0,51,-52
19800316,0,86,-24
19800317,0,82,-26
19800318,0,149,-33
19800319,0,74,-35
19800320,0,62,-92
19800321,10,56,-2
19800322,0,17,-66
19800323,0,5,-117
19800324,0,57,-97
19800325,0,51,-71
19800326,0,86,-91
19800327,0,142,-53
19800328,0,187,-12
19800329,0,137,38
19800330,0,52,-4
19800331,0,51,-95
19800401,0,112,-87
19800402,0,199,-44
19800403,0,208,3
19800404,0,143,62
19800405,0,104,-13
19800406,0,178,-25
19800407,0,157,65
19800408,0,162,3
19800409,0,200,-3
19800410,0,182,57
19800411,0,172,-11
19800412,4,147,-30
19800413,0,61,-109
19800414,0,104,-36
19800415,0,89,-47
19800416,0,204,-17
19800417,0,243,13
19800418,0,205,47
19800419,0,82,-52
19800420,0,118,-54
19800421,0,182,5
19800422,0,95,-18
19800423,0,76,-20
19800424,0,113,-49
19800425,8,131,7
19800426,0,136,5
19800427,0,151,-7
19800428,0,162,59
19800429,0,169,1
19800430,0,238,23
19800501,0,278,61
19800502,0,240,149
19800503,0,181,70
19800504,0,179,30
19800505,0,168,19
19800506,0,157,60
19800507,6,165,68
19800508,0,184,-4
19800509,0,200,61
19800510,0,165,76
19800511,0,231,37
19800512,0,261,76
19800513,0,279,133
19800514,0,203,42
19800515,0,172,7
19800516,0,168,-36
19800517,0,202,17
19800518,0,251,63
19800519,0,273,60
19800520,0,289,123
19800521,0,263,162
19800522,0,267,96
19800523,40,277,136
19800524,12,228,90
19800525,6,134,61
19800526,0,238,58
19800527,0,305,123
19800528,0,323,135
19800529,0,334,144
19800530,4,298,103
19800531,9,163,77
19800601,1,178,40
19800602,0,243,60
19800603,0,283,77
19800604,0,293,117
19800605,73,258,137
19800606,0,271,94
19800607,0,284,110
19800608,0,277,141
19800609,0,275,141
19800610,0,308,130
19800611,0,315,141
19800612,16,314,156
19800613,0,323,141
19800614,0,324,165
19800615,32,251,127
19800616,0,244,108
19800617,0,247,124
19800618,0,256,116
19800619,0,283,159
19800620,0,299,123
19800621,25,300,155
19800622,0,316,129
19800623,0,304,144
19800624,0,293,130
19800625,0,270,186
19800626,2,290,170
19800627,7,328,136
19800628,0,272,181
19800629,1,263,172
19800630,0,298,112
19800701,0,313,171
19800702,0,288,174
19800703,53,234,125
19800704,12,246,121
19800705,229,251,113
19800706,0,260,111
19800707,0,292,126
19800708,0,295,146
19800709,0,268,151
19800710,226,253,153
19800711,51,255,150
19800712,33,276,159
19800713,6,300,151
19800714,0,270,189
19800715,0,307,130
19800716,0,323,146
19800717,0,328,168
19800718,0,308,196
19800719,0,316,159
19800720,0,340,159
19800721,0,352,190
19800722,0,339,185
19800723,0,324,191
19800724,0,319,182
19800725,0,318,143
19800726,30,336,154
19800727,11,288,168
19800728,0,271,155
19800729,0,292,173
19800730,0,293,155
19800731,0,292,170
19800801,0,288,173
19800802,61,266,149
19800803,0,303,142
19800804,0,307,161
19800805,0,308,159
19800806,0,293,159
19800807,160,258,154
19800808,3,271,133
19800809,0,283,148
19800810,89,220,130
19800811,0,256,106
19800812,0,254,123
19800813,0,260,142
19800814,0,261,134
19800815,0,264,129
19800816,0,265,131
19800817,0,288,139
19800818,2,271,145
19800819,0,257,130
19800820,83,272,148
19800821,1,284,149
19800822,0,281,161
19800823,59,261,162
19800824,82,233,151
19800825,161,223,126
19800826,59,230,151
19800827,34,210,142
19800828,0,243,123
19800829,0,245,125
19800830,0,221,131
19800831,0,256,105
19800901,0,216,99
19800902,0,232,92
19800903,115,193,109
19800904,0,195,94
19800905,0,225,81
19800906,0,249,90
19800907,0,210,80
19800908,27,181,113
19800909,0,234,71
19800910,0,263,86
19800911,0,228,109
19800912,0,245,76
19800913,9,195,84
19800914,10,125,90
19800915,0,162,52
19800916,0,177,17
19800917,0,201,31
19800918,0,224,66
19800919,0,208,44
19800920,0,225,108
19800921,0,162,26
19800922,0,180,-7
19800923,0,204,18
19800924,0,243,47
19800925,0,186,32
19800926,0,208,27
19800927,0,230,58
19800928,0,240,47
19800929,0,228,65
19800930,0,228,60
19801001,0,226,66
19801002,0,231,71
19801003,28,189,96
19801004,0,202,59
19801005,0,218,56
19801006,0,237,75
19801007,0,174,72
19801008,0,171,40
19801009,1,151,91
19801010,0,160,53
19801011,3,170,42
19801012,4,134,43
19801013,0,116,22
19801014,0,163,-29
19801015,0,169,50
19801016,0,151,20
19801017,0,165,-34
19801018,0,167,-24
19801019,0,129,-31
19801020,0,140,-43
19801021,0,155,-24
19801022,0,170,1
19801023,27,115,17
19801024,0,41,-41
19801025,0,69,-69
19801026,0,109,-24
19801027,0,134,-44
19801028,0,110,-22
19801029,0,145,-37
19801030,0,89,-37
19801031,69,36,-30
19801101,0,69,-42
19801102,0,98,-58
19801103,0,105,-20
19801104,0,124,-32
19801105,0,131,-28
19801106,0,102,-7
19801107,0,40,-78
19801108,0,84,-66
19801109,0,131,-27
19801110,0,130,5
19801111,0,95,-23
19801112,0,15,-101
19801113,0,81,-105
19801114,0,124,-50
19801115,0,121,-29
19801116,0,117,-56
19801117,0,114,-22
19801118,0,148,-36
19801119,0,130,-26
19801120,0,103,-1
19801121,6,94,-9
19801122,2,52,-30
19801123,0,16,-84
19801124,0,43,-103
19801125,0,91,-92
19801126,0,54,-78
19801127,0,93,-92
19801128,0,68,-91
19801129,0,63,-53
19801130,0,99,-96
19801201,0,44,-98
19801202,0,-4,-145
19801203,0,-38,-186
19801204,0,38,-147
19801205,0,57,-68
19801206,0,70,-64
19801207,0,31,-106
19801208,0,-16,-129
19801209,0,34,-110
19801210,0,33,-96
19801211,0,-32,-149
19801212,0,-2,-184
19801213,0,-41,-180
19801214,0,21,-175
19801215,0,21,-114
19801216,0,46,-148
19801217,0,-19,-103
19801218,0,-26,-157
19801219,0,-9,-133
19801220,0,11,-128
19801221,0,-30,-120
19801222,0,-74,-157
19801223,0,-27,-212
19801224,0,-22,-142
19801225,0,-104,-218
19801226,0,-78,-225
19801227,0,-85,-250
19801228,0,-50,-212
19801229,0,-31,-156
19801230,0,15,-180
19801231,0,-20,-111
19810101,0,-62,-222
19810102,0,-31,-221
19810103,0,-8,-188
19810104,0,-13,-163
19810105,0,-17,-125
19810106,0,-14,-110
19810107,0,14,-88
19810108,0,-11,-103
19810109,0,-64,-158
19810110,0,-32,-207
19810111,0,-17,-156
19810112,0,-2,-148
19810113,0,56,-158
19810114,0,-2,-118
19810115,0,-48,-199
19810116,0,-1,-187
19810117,0,7,-129
19810118,0,-44,-145
19810119,0,15,-159
19810120,0,-13,-99
19810121,0,2,-123
19810122,6,-40,-88
19810123,1,-86,-172
19810124,0,-137,-250
19810125,0,-155,-216
19810126,0,-117,-285
19810127,0,-60,-237
19810128,0,-27,-216
19810129,0,-31,-172
19810130,0,-33,-180
19810131,0,-33,-144
19810201,0,-6,-176
19810202,0,-27,-167
19810203,0,4,-165
19810204,0,15,-117
19810205,0,22,-124
19810206,0,8,-178
19810207,0,19,-145
19810208,0,-15,-104
19810209,0,-22,-186
19810210,0,30,-158
19810211,0,57,-150
19810212,0,60,-88
19810213,0,79,-98
19810214,0,71,-67
19810215,0,18,-103
19810216,0,61,-128
19810217,0,55,-88
19810218,0,46,-116
19810219,0,-7,-86
19810220,0,22,-162
19810221,0,72,-128
19810222,0,1,-76
19810223,0,-70,-133
19810224,0,-89,-193
19810225,0,-68,-215
19810226,0,-28,-202
19810227,0,29,-131
19810228,0,20,-81
19810301,0,79,-128
19810302,0,62,-61
19810303,0,24,-48
19810304,0,45,-129
19810305,0,23,-124
19810306,0,77,-126
19810307,0,66,-83
19810308,0,46,-28
19810309,0,104,-103
19810310,0,145,-76
19810311,0,144,-46
19810312,0,147,-19
19810313,0,82,-12
19810314,0,75,-86
19810315,0,116,-86
19810316,0,147,-42
19810317,0,143,-39
19810318,0,158,-37
19810319,0,127,-16
19810320,0,169,-58
19810321,0,171,-8
19810322,0,203,5
19810323,67,168,25
19810324,0,65,-16
19810325,0,32,-65
19810326,0,137,-50
19810327,0,100,13
19810328,0,124,-29
19810329,0,152,-29
19810330,0,122,20
19810331,0,130,9
19810401,0,103,-16
19810402,0,143,-26
19810403,0,119,49
19810404,0,137,-14
19810405,0,187,13
19810406,0,181,22
19810407,0,140,80
19810408,0,186,30
19810409,0,198,22
19810410,0,158,60
19810411,0,166,26
19810412,0,120,-21
19810413,0,75,14
19810414,0,138,-22
19810415,1,173,-8
19810416,0,177,42
19810417,1,145,88
19810418,0,147,16
19810419,0,159,24
19810420,28,126,52
19810421,0,160,41
19810422,0,232,26
19810423,0,200,24
19810424,0,160,2
19810425,0,193,-12
19810426,0,226,29
19810427,0,181,90
19810428,0,167,24
19810429,0,217,13
19810430,0,218,48
19810501,0,166,59
19810502,0,82,-24
19810503,0,153,17
19810504,0,182,41
19810505,0,227,87
19810506,0,285,91
19810507,0,337,126
19810508,0,287,128
19810509,8,240,122
19810510,0,210,45
19810511,0,168,-35
19810512,0,224,39
19810513,0,195,125
19810514,0,173,91
19810515,0,178,32
19810516,0,224,36
19810517,0,192,28
19810518,0,197,46
19810519,0,234,63
19810520,3,220,109
19810521,0,208,71
19810522,66,207,77
19810523,0,256,75
19810524,0,271,106
19810525,0,265,152
19810526,0,245,170
19810527,0,192,80
19810528,0,240,72
19810529,0,245,61
19810530,0,229,83
19810531,0,198,131
19810601,0,180,87
19810602,0,218,63
19810603,0,258,65
19810604,0,278,100
19810605,0,294,114
19810606,0,303,127
19810607,0,266,166
19810608,0,249,130
19810609,1,262,128
19810610,2,259,140
19810611,0,263,98
19810612,0,288,143
19810613,0,318,136
19810614,0,326,171
19810615,2,294,175
19810616,36,276,165
19810617,0,270,122
19810618,0,259,170
19810619,0,257,166
19810620,0,268,172
19810621,0,276,104
19810622,0,273,152
19810623,0,290,150
19810624,7,298,148
19810625,0,341,159
19810626,0,299,187
19810627,0,263,111
19810628,0,311,124
19810629,55,299,176
19810630,15,302,142
19810701,30,279,147
19810702,159,237,171
19810703,0,210,141
19810704,0,253,154
19810705,0,286,156
19810706,2,266,180
19810707,35,243,191
19810708,0,252,146
19810709,0,284,139
19810710,0,292,138
19810711,0,280,171
19810712,27,243,186
19810713,324,244,160
19810714,0,279,156
19810715,0,305,149
19810716,0,320,165
19810717,0,319,171
19810718,0,308,182
19810719,0,305,202
19810720,0,326,210
19810721,26,315,222
19810722,116,327,173
19810723,0,327,185
19810724,43,309,195
19810725,29,292,182
19810726,0,301,183
19810727,0,286,168
19810728,6,271,200
19810729,30,302,161
19810730,0,319,198
19810731,0,318,210
19810801,0,319,220
19810802,0,327,219
19810803,3,326,212
19810804,124,331,211
19810805,0,304,218
19810806,0,294,188
19810807,0,304,176
19810808,0,295,144
19810809,0,296,185
19810810,0,271,141
19810811,0,289,128
19810812,0,321,150
19810813,0,321,170
19810814,8,283,162
19810815,0,301,152
19810816,0,278,172
19810817,0,301,146
19810818,3,265,172
19810819,3,200,165
19810820,0,280,103
19810821,0,279,152
19810822,0,275,120
19810823,146,234,155
19810824,33,245,144
19810825,0,228,109
19810826,0,258,112
19810827,0,279,141
19810828,149,252,146
19810829,0,256,138
19810830,0,267,111
19810831,1,232,171
19810901,1,187,152
19810902,135,198,136
19810903,0,203,116
19810904,0,232,104
19810905,0,226,128
19810906,0,180,114
19810907,55,184,123
19810908,0,178,82
19810909,0,192,77
19810910,0,225,70
19810911,0,217,85
19810912,0,208,66
19810913,0,176,114
19810914,0,210,100
19810915,0,228,61
19810916,0,228,96
19810917,0,257,92
19810918,0,258,90
19810919,0,262,104
19810920,0,267,71
19810921,2,270,112
19810922,1,238,107
19810923,3,252,93
19810924,0,267,75
19810925,0,258,94
19810926,13,202,99
19810927,0,160,32
19810928,34,138,56
19810929,0,178,40
19810930,0,183,52
19811001,0,194,45
19811002,0,158,88
19811003,58,120,57
19811004,0,130,6
19811005,0,167,0
19811006,0,183,17
19811007,3,130,-31
19811008,0,41,-80
19811009,0,114,-67
19811010,0,137,-71
19811011,0,191,-32
19811012,0,111,28
19811013,0,95,-46
19811014,0,130,15
19811015,0,152,-5
19811016,0,147,18
19811017,0,127,28
19811018,0,136,-17
19811019,0,105,13
19811020,4,89,59
19811021,5,75,-51
19811022,0,0,-106
19811023,0,42,-77
19811024,0,70,-52
19811025,0,104,-103
19811026,0,79,-51
19811027,0,85,-11
19811028,0,88,-40
19811029,0,129,-57
19811030,0,75,-8
19811031,0,122,-69
19811101,0,74,9
19811102,0,54,-35
19811103,0,38,-64
19811104,0,53,-68
19811105,0,1,-86
19811106,0,-2,-128
19811107,0,-25,-141
19811108,0,-3,-121
19811109,0,33,-101
19811110,0,65,-127
19811111,0,90,-97
19811112,0,88,-79
19811113,0,96,-106
19811114,2,65,-48
19811115,0,85,-76
19811116,0,17,-106
19811117,0,47,-110
19811118,0,52,-101
19811119,0,53,-117
19811120,0,60,-101
19811121,0,15,-33
19811122,0,24,-84
19811123,0,25,-131
19811124,0,32,-96
19811125,0,5,-103
19811126,0,-28,-155
19811127,0,9,-172
19811128,0,0,-121
19811129,0,-33,-136
19811130,0,-75,-195
19811201,0,-109,-249
19811202,0,-45,-215
19811203,0,-13,-183
19811204,0,-30,-156
19811205,0,-17,-185
19811206,0,-6,-90
19811207,0,42,-162
19811208,0,-6,-146
19811209,0,22,-156
19811210,0,9,-155
19811211,0,20,-157
19811212,0,23,-147
19811213,0,-7,-146
19811214,0,-7,-175
19811215,1,-19,-129
19811216,0,-72,-165
19811217,0,-123,-180
19811218,0,-87,-179
19811219,0,-22,-161
19811220,0,-8,-190
19811221,0,-19,-138
19811222,0,-16,-130
19811223,0,-2,-198
19811224,0,3,-139
19811225,0,14,-87
19811226,0,51,-150
19811227,0,17,-103
19811228,0,-9,-145
19811229,0,-55,-220
19811230,0,-28,-218
19811231,0,-12,-202
19820101,0,-7,-123
19820102,0,3,-148
19820103,0,-22,-121
19820104,0,-16,-171
19820105,0,10,-180
19820106,0,-4,-168
19820107,0,38,-142
19820108,0,58,-104
19820109,0,48,-129
19820110,0,52,-133
19820111,0,-2,-152
19820112,0,2,-191
19820113,0,28,-146
19820114,0,-16,-125
19820115,0,-88,-228
19820116,0,-14,-203
19820117,0,-81,-209
19820118,0,-41,-245
19820119,0,-9,-207
19820120,0,16,-203
19820121,0,18,-189
19820122,0,-12,-169
19820123,0,11,-106
19820124,1,-10,-128
19820125,0,-9,-116
19820126,0,14,-173
19820127,0,-22,-147
19820128,0,-61,-157
19820129,0,-42,-121
19820130,0,-25,-177
19820131,0,-6,-184
19820201,0,-6,-179
19820202,0,-11,-137
19820203,0,-43,-168
19820204,0,-57,-173
19820205,0,-37,-207
19820206,0,0,-196
19820207,0,23,-142
19820208,0,9,-96
19820209,0,18,-114
19820210,0,30,-125
19820211,0,35,-123
19820212,0,46,-57
19820213,0,52,-88
19820214,0,40,-126
19820215,0,25,-74
19820216,0,52,-117
19820217,1,20,-74
19820218,0,58,-106
19820219,0,38,-79
19820220,0,61,-91
19820221,0,89,-127
19820222,12,22,-27
19820223,0,37,-58
19820224,0,57,-130
19820225,0,47,-49
19820226,0,78,-45
19820227,0,40,-34
19820228,0,20,-135
19820301,0,74,-127
19820302,0,93,-98
19820303,0,43,-89
19820304,0,15,-83
19820305,0,11,-133
19820306,0,10,-163
19820307,0,36,-134
19820308,0,55,-107
19820309,0,118,-121
19820310,0,123,-90
19820311,0,111,-26
19820312,0,142,-64
19820313,0,133,-10
19820314,0,132,-16
19820315,0,76,-67
19820316,0,52,-97
19820317,0,72,-64
19820318,31,51,-28
19820319,3,85,-25
19820320,0,138,-31
19820321,0,178,-27
19820322,0,172,34
19820323,0,54,-24
19820324,0,69,-5
19820325,0,27,-14
19820326,0,96,-19
19820327,0,141,-71
19820328,0,145,-19
19820329,0,157,20
19820330,0,184,-5
19820331,0,186,41
19820401,0,122,51
19820402,0,97,-37
19820403,0,127,-58
19820404,0,143,-34
19820405,0,144,2
19820406,0,158,-7
19820407,0,133,7
19820408,0,88,-37
19820409,0,138,-71
19820410,0,126,26
19820411,0,112,34
19820412,0,132,-2
19820413,0,161,-25
19820414,0,151,11
19820415,0,162,-38
19820416,0,160,0
19820417,0,169,19
19820418,0,194,14
19820419,1,157,72
19820420,0,204,44
19820421,0,216,38
19820422,0,198,41
19820423,0,224,21
19820424,0,238,50
19820425,0,218,78
19820426,0,221,50
19820427,20,123,45
19820428,0,172,-8
19820429,0,192,52
19820430,0,194,61
19820501,0,216,76
19820502,0,178,14
19820503,0,176,3
19820504,0,233,50
19820505,0,164,-18
19820506,0,220,23
19820507,5,187,101
19820508,0,219,82
19820509,0,247,64
19820510,5,194,64
19820511,25,122,17
19820512,61,114,-1
19820513,0,144,32
19820514,0,163,30
19820515,0,213,57
19820516,0,243,74
19820517,0,251,89
19820518,0,222,99
19820519,0,230,38
19820520,0,269,77
19820521,0,294,109
19820522,0,281,156
19820523,0,318,132
19820524,0,329,164
19820525,0,318,145
19820526,0,323,151
19820527,0,326,166
19820528,0,323,162
19820529,0,299,156
19820530,0,302,151
19820531,29,225,122
19820601,0,213,73
19820602,0,233,87
19820603,0,260,91
19820604,0,259,170
19820605,0,276,122
19820606,0,277,152
19820607,7,256,137
19820608,11,253,91
19820609,0,279,110
19820610,0,285,129
19820611,4,259,131
19820612,0,277,95
19820613,0,292,143
19820614,3,257,143
19820615,0,276,107
19820616,0,290,105
19820617,0,286,120
19820618,0,315,128
19820619,2,332,191
19820620,16,244,69
19820621,0,228,52
19820622,0,272,100
19820623,0,250,90
19820624,0,319,112
19820625,0,291,139
19820626,32,298,180
19820627,0,257,158
19820628,0,267,112
19820629,0,306,122
19820630,0,319,163
19820701,0,312,171
19820702,14,285,167
19820703,0,262,133
19820704,3,302,104
19820705,0,319,138
19820706,0,335,178
19820707,0,316,209
19820708,1,287,193
19820709,0,321,160
19820710,55,270,123
19820711,0,298,122
19820712,0,313,191
19820713,0,315,170
19820714,0,313,200
19820715,0,250,122
19820716,0,287,102
19820717,0,329,150
19820718,1,328,153
19820719,4,307,181
19820720,0,323,171
19820721,2,293,186
19820722,0,226,156
19820723,10,206,148
19820724,0,311,83
19820725,0,331,115
19820726,0,308,140
19820727,0,320,161
19820728,0,323,162
19820729,53,297,168
19820730,10,247,144
19820731,0,265,151
19820801,0,238,174
19820802,0,244,163
19820803,190,291,167
19820804,279,277,148
19820805,0,318,141
19820806,12,271,162
19820807,0,283,124
19820808,0,297,155
19820809,23,271,168
19820810,3,286,150
19820811,0,306,140
19820812,0,292,142
19820813,0,258,147
19820814,0,260,153
19820815,0,277,156
19820816,116,253,147
19820817,5,275,127
19820818,0,219,107
19820819,0,256,102
19820820,0,250,113
19820821,0,269,139
19820822,0,269,144
19820823,0,256,150
19820824,0,250,133
19820825,0,259,122
19820826,0,271,131
19820827,0,272,165
19820828,0,256,129
19820829,0,227,171
19820830,45,177,138
19820831,20,169,142
19820901,145,168,144
19820902,12,182,137
19820903,19,215,143
19820904,0,217,101
19820905,0,228,81
19820906,0,229,82
19820907,0,232,109
19820908,20,193,95
19820909,0,219,60
19820910,0,229,86
19820911,0,228,77
19820912,0,248,82
19820913,0,243,79
19820914,0,232,83
19820915,0,230,94
19820916,27,243,121
19820917,5,175,121
19820918,0,210,96
19820919,2,235,73
19820920,0,245,91
19820921,0,247,92
19820922,0,217,73
19820923,5,227,103
19820924,65,166,98
19820925,28,128,55
19820926,0,78,-18
19820927,0,138,-28
19820928,0,162,5
19820929,0,186,36
19820930,0,208,30
19821001,0,205,76
19821002,0,214,57
19821003,0,226,66
19821004,0,223,120
19821005,0,217,37
19821006,0,237,55
19821007,0,240,48
19821008,0,237,63
19821009,0,215,84
19821010,0,217,80
19821011,0,194,63
19821012,1,197,35
19821013,138,132,79
19821014,0,170,21
19821015,0,168,42
19821016,8,180,74
19821017,0,184,46
19821018,11,127,25
19821019,0,124,-29
19821020,0,169,9
19821021,0,174,10
19821022,0,124,29
19821023,0,140,31
19821024,0,146,10
19821025,0,151,13
19821026,0,133,25
19821027,0,155,73
19821028,0,160,16
19821029,1,122,58
19821030,0,76,28
19821031,0,79,-39
19821101,0,85,-79
19821102,0,135,-45
19821103,0,147,-25
19821104,0,133,0
19821105,0,93,-10
19821106,0,90,-36
19821107,0,104,-47
19821108,0,52,-38
19821109,0,22,-77
19821110,0,60,-116
19821111,0,110,-79
19821112,0,131,-76
19821113,3,27,-43
19821114,0,-2,-111
19821115,0,6,-115
19821116,0,66,-116
19821117,0,44,-85
19821118,0,36,-94
19821119,0,48,-106
19821120,0,45,-84
19821121,0,27,-42
19821122,0,7,-117
19821123,0,1,-86
19821124,0,20,-135
19821125,0,34,-106
19821126,0,25,-113
19821127,25,-14,-51
19821128,0,-25,-118
19821129,0,6,-130
19821130,0,-10,-97
19821201,0,2,-110
19821202,0,-10,-146
19821203,0,17,-133
19821204,0,-19,-163
19821205,0,-96,-230
19821206,0,-47,-201
19821207,0,-8,-151
19821208,0,-10,-136
19821209,0,-27,-82
19821210,0,-62,-118
19821211,0,-56,-159
19821212,0,-48,-178
19821213,0,-22,-153
19821214,0,-15,-181
19821215,0,-40,-126
19821216,0,-37,-122
19821217,0,-9,-136
19821218,0,14,-128
19821219,0,-18,-130
19821220,0,0,-126
19821221,0,-31,-97
19821222,0,-10,-160
19821223,0,-37,-88
19821224,0,-66,-138
19821225,0,-65,-178
19821226,0,-19,-120
19821227,0,10,-124
19821228,0,17,-134
19821229,0,-7,-157
19821230,0,-20,-160
19821231,0,-2,-132
19830101,0,-6,-161
19830102,0,7,-169
19830103,0,-29,-127
19830104,0,3,-159
19830105,0,-4,-143
19830106,0,-59,-166
19830107,0,-128,-230
19830108,0,-74,-247
19830109,0,-51,-222
19830110,0,-63,-220
19830111,0,-77,-209
19830112,0,-22,-167
19830113,0,-21,-173
19830114,0,-22,-187
19830115,0,-12,-139
19830116,0,-47,-104
19830117,0,-23,-184
19830118,2,-65,-183
19830119,0,-84,-201
19830120,0,-77,-228
19830121,0,-53,-214
19830122,0,-22,-212
19830123,0,15,-203
19830124,0,27,-172
19830125,0,28,-153
19830126,0,51,-128
19830127,0,69,-99
19830128,0,53,-106
19830129,0,18,-117
19830130,0,39,-115
19830131,30,-6,-75
19830201,5,-72,-144
19830202,0,-67,-204
19830203,0,-47,-197
19830204,0,4,-153
19830205,0,-32,-103
19830206,0,-56,-143
19830207,0,-56,-151
19830208,0,-45,-148
19830209,0,-11,-178
19830210,0,-27,-153
19830211,0,12,-154
19830212,0,-10,-164
19830213,0,-10,-122
19830214,0,12,-153
19830215,0,20,-143
19830216,0,-9,-79
19830217,0,-64,-153
19830218,0,-10,-201
19830219,0,-55,-204
19830220,0,-68,-225
19830221,0,21,-151
19830222,0,44,-127
19830223,0,4,-130
19830224,0,15,-143
19830225,0,33,-97
19830226,0,39,-83
19830227,0,59,-58
19830228,2,32,-23
19830301,0,56,-84
19830302,0,37,-65
19830303,0,-26,-117
19830304,0,23,-155
19830305,0,45,-143
19830306,0,51,-140
19830307,0,72,-66
19830308,0,66,-32
19830309,0,61,-70
19830310,0,96,-107
19830311,0,98,-46
19830312,0,57,-83
19830313,0,56,-115
19830314,0,95,-69
19830315,4,46,-43
19830316,0,31,-108
19830317,0,89,-120
19830318,0,114,-67
19830319,0,115,-1
19830320,0,137,-26
19830321,74,88,-26
19830322,18,6,-74
19830323,0,18,-56
19830324,0,54,-83
19830325,0,65,-51
19830326,0,96,-22
19830327,0,84,-36
19830328,0,89,-21
19830329,10,83,11
19830330,0,112,-1
19830331,0,130,-14
19830401,0,98,-12
19830402,0,110,-33
19830403,0,112,-54
19830404,0,180,-14
19830405,0,185,29
19830406,0,141,1
19830407,0,230,26
19830408,0,157,80
19830409,0,160,-15
19830410,0,140,46
19830411,0,184,7
19830412,0,212,41
19830413,0,182,-17
19830414,0,32,-55
19830415,0,92,-69
19830416,0,180,-46
19830417,0,210,25
19830418,0,184,85
19830419,0,122,28
19830420,112,96,3
19830421,1,148,4
19830422,0,174,4
19830423,0,187,35
19830424,0,162,72
19830425,0,163,56
19830426,0,196,78
19830427,0,227,93
19830428,0,95,-27
19830429,0,109,-35
19830430,0,145,-5
19830501,0,193,26
19830502,0,219,30
19830503,0,202,67
19830504,59,157,82
19830505,0,189,54
19830506,0,229,73
19830507,0,247,54
19830508,0,284,100
19830509,0,291,121
19830510,0,301,134
19830511,0,250,148
19830512,0,204,79
19830513,0,210,81
19830514,1,205,82
19830515,0,220,44
19830516,0,243,89
19830517,0,245,117
19830518,0,245,117
19830519,91,225,98
19830520,0,258,110
19830521,29,181,52
19830522,0,176,49
19830523,0,174,93
19830524,3,198,123
19830525,145,149,91
19830526,4,237,84
19830527,0,280,100
19830528,0,304,119
19830529,0,315,152
19830530,0,321,140
19830531,0,279,173
19830601,0,280,150
19830602,0,300,146
19830603,0,285,154
19830604,0,218,134
19830605,0,197,94
19830606,0,233,74
19830607,0,204,94
19830608,0,235,63
19830609,0,279,87
19830610,0,289,137
19830611,8,255,103
19830612,0,247,67
19830613,0,280,98
19830614,0,308,143
19830615,0,310,143
19830616,0,299,135
19830617,0,305,131
19830618,129,274,137
19830619,35,217,119
19830620,0,242,118
19830621,77,228,153
19830622,0,260,147
19830623,11,246,157
19830624,11,236,148
19830625,0,272,153
19830626,18,283,165
19830627,0,317,134
19830628,0,332,162
19830629,0,337,163
19830630,93,335,182
19830701,10,230,153
19830702,48,222,123
19830703,1,234,110
19830704,0,263,107
19830705,0,282,151
19830706,0,287,176
19830707,0,286,168
19830708,7,269,161
19830709,156,187,140
19830710,0,242,157
19830711,39,229,161
19830712,23,237,166
19830713,6,252,146
19830714,0,247,111
19830715,0,288,119
19830716,0,314,130
19830717,0,336,159
19830718,0,291,184
19830719,23,291,157
19830720,0,331,157
19830721,0,331,193
19830722,0,335,197
19830723,0,297,198
19830724,0,290,152
19830725,0,326,162
19830726,0,332,172
19830727,5,346,175
19830728,0,302,184
19830729,0,301,162
19830730,0,330,175
19830731,0,292,152
19830801,0,322,157
19830802,0,359,182
19830803,0,311,180
19830804,19,263,184
19830805,0,193,110
19830806,0,244,83
19830807,0,304,132
19830808,0,318,176
19830809,0,310,177
19830810,0,308,186
19830811,9,301,179
19830812,0,314,180
19830813,0,296,191
19830814,4,234,167
19830815,20,221,159
19830816,0,194,122
19830817,0,247,84
19830818,29,205,153
19830819,9,257,121
19830820,0,303,121
19830821,247,276,141
19830822,0,225,139
19830823,6,256,103
19830824,90,203,127
19830825,0,228,104
19830826,0,266,122
19830827,5,277,122
19830828,0,256,110
19830829,0,273,92
19830830,0,266,124
19830831,29,242,120
19830901,9,222,92
19830902,0,245,72
19830903,0,273,102
19830904,145,230,131
19830905,0,224,71
19830906,0,249,121
19830907,174,188,124
19830908,0,226,87
19830909,0,238,90
19830910,133,197,116
19830911,6,228,92
19830912,0,248,120
19830913,0,251,100
19830914,0,271,100
19830915,0,272,117
19830916,0,249,143
19830917,36,200,92
19830918,19,190,78
19830919,0,206,69
19830920,194,177,120
19830921,0,182,103
19830922,0,194,104
19830923,0,214,115
19830924,0,211,58
19830925,0,214,55
19830926,0,181,110
19830927,0,160,93
19830928,0,197,56
19830929,0,238,58
19830930,0,251,73
19831001,0,229,106
19831002,0,216,53
19831003,0,225,56
19831004,0,227,53
19831005,0,215,84
19831006,4,156,103
19831007,0,193,63
19831008,0,226,41
19831009,0,202,98
19831010,0,126,39
19831011,0,122,-28
19831012,0,131,9
19831013,0,131,-25
19831014,0,115,39
19831015,0,137,12
19831016,0,129,49
19831017,17,105,69
19831018,0,152,54
19831019,0,161,27
19831020,4,132,67
19831021,0,146,-4
19831022,0,140,-3
19831023,2,139,1
19831024,69,85,5
19831025,0,49,-8
19831026,0,89,-25
19831027,0,105,-30
19831028,0,123,-24
19831029,0,144,-29
19831030,0,148,-39
19831031,0,114,3
19831101,0,144,-55
19831102,0,135,20
19831103,0,142,-35
19831104,0,131,-19
19831105,0,144,-34
19831106,0,148,-5
19831107,0,135,41
19831108,0,129,11
19831109,5,51,-44
19831110,0,70,-111
19831111,0,32,-56
19831112,0,68,-85
19831113,0,94,-80
19831114,0,76,-58
19831115,0,64,-53
19831116,0,33,-112
19831117,0,69,-121
19831118,0,95,-90
19831119,0,105,-87
19831120,0,77,-66
19831121,0,47,-100
19831122,0,77,-105
19831123,0,23,-81
19831124,0,17,-133
19831125,0,45,-86
19831126,0,70,-113
19831127,0,81,-89
19831128,0,48,-70
19831129,0,-2,-74
19831130,0,19,-145
19831201,0,57,-132
19831202,0,58,-116
19831203,0,69,-123
19831204,0,76,-75
19831205,0,47,-86
19831206,0,9,-131
19831207,0,26,-141
19831208,0,40,-130
19831209,0,29,-99
19831210,0,-15,-111
19831211,0,30,-165
19831212,0,43,-95
19831213,0,5,-102
19831214,0,-7,-134
19831215,0,11,-145
19831216,0,-16,-153
19831217,0,-14,-178
19831218,0,-10,-143
19831219,0,10,-129
19831220,0,-39,-87
19831221,0,-51,-146
19831222,0,-75,-186
19831223,0,-67,-179
19831224,0,-58,-212
19831225,0,-29,-115
19831226,0,-38,-174
19831227,0,-68,-185
19831228,0,-37,-234
19831229,0,-33,-176
19831230,0,-36,-178
19831231,0,-24,-162
19840101,0,-25,-178
19840102,0,-102,-196
19840103,0,-41,-241
19840104,0,-16,-167
19840105,0,-40,-183
19840106,0,-21,-196
19840107,0,-22,-140
19840108,0,-3,-119
19840109,0,15,-130
19840110,0,28,-121
19840111,0,5,-141
19840112,0,15,-167
19840113,0,34,-134
19840114,0,-27,-144
19840115,0,-83,-224
19840116,0,-44,-193
19840117,0,-18,-200
19840118,0,-69,-163
19840119,0,-47,-170
19840120,0,-81,-205
19840121,0,-94,-209
19840122,0,-79,-240
19840123,0,-91,-231
19840124,0,-82,-224
19840125,0,-81,-202
19840126,0,-63,-223
19840127,0,-115,-243
19840128,5,-101,-205
19840129,6,-98,-194
19840130,0,-89,-191
19840131,0,-66,-236
19840201,0,-109,-260
19840202,0,-83,-236
19840203,0,-43,-184
19840204,0,-40,-182
19840205,0,-102,-171
19840206,0,-85,-256
19840207,0,-27,-233
19840208,0,-39,-193
19840209,0,-13,-163
19840210,11,-30,-94
19840211,0,5,-163
19840212,0,14,-168
19840213,0,-13,-141
19840214,0,52,-149
19840215,0,52,-126
19840216,0,-17,-107
19840217,0,-47,-202
19840218,0,-19,-162
19840219,0,46,-105
19840220,0,41,-71
19840221,20,11,-68
19840222,0,-53,-97
19840223,0,-23,-140
19840224,0,-35,-110
19840225,0,-51,-108
19840226,0,-13,-199
19840227,0,-10,-155
19840228,0,-64,-174
19840229,0,-19,-172
19840301,0,17,-104
19840302,0,5,-96
19840303,0,47,-154
19840304,0,37,-84
19840305,0,56,-115
19840306,0,39,-97
19840307,0,58,-100
19840308,0,31,-77
19840309,0,-13,-145
19840310,0,37,-121
19840311,0,79,-94
19840312,0,36,-71
19840313,0,35,-34
19840314,0,66,-89
19840315,0,17,-64
19840316,0,79,-148
19840317,0,143,-75
19840318,0,86,-48
19840319,0,62,-126
19840320,0,29,-111
19840321,0,86,-101
19840322,0,95,-63
19840323,0,50,-77
19840324,0,65,-108
19840325,0,81,-94
19840326,0,94,-95
19840327,0,111,-50
19840328,0,174,-59
19840329,0,189,25
19840330,0,152,59
19840331,0,148,25
19840401,0,160,7
19840402,0,126,21
19840403,0,117,-14
19840404,0,120,18
19840405,0,44,-130
19840406,0,126,-72
19840407,0,165,-25
19840408,1,148,5
19840409,0,161,-13
19840410,0,175,13
19840411,42,143,51
19840412,0,193,25
19840413,0,242,36
19840414,0,278,47
19840415,0,238,90
19840416,0,164,102
19840417,0,119,40
19840418,0,174,3
19840419,0,170,45
19840420,0,122,20
19840421,0,164,-26
19840422,0,198,-2
19840423,0,224,49
19840424,0,228,93
19840425,0,295,75
19840426,0,151,15
19840427,0,138,-21
19840428,0,172,-22
19840429,0,205,-10
19840430,0,211,54
19840501,138,193,51
19840502,49,121,35
19840503,0,203,26
19840504,0,230,71
19840505,0,247,101
19840506,0,254,82
19840507,0,270,115
19840508,0,294,110
19840509,0,299,138
19840510,0,281,145
19840511,0,216,81
19840512,0,205,88
19840513,0,224,71
19840514,0,168,117
19840515,0,185,48
19840516,75,192,85
19840517,0,227,86
19840518,0,243,89
19840519,92,227,126
19840520,196,185,106
19840521,29,194,106
19840522,0,202,81
19840523,0,183,85
19840524,0,207,87
19840525,22,223,100
19840526,0,234,71
19840527,0,252,95
19840528,0,247,121
19840529,3,227,145
19840530,0,268,87
19840531,4,282,139
19840601,0,294,154
19840602,0,324,144
19840603,2,288,158
19840604,0,275,170
19840605,0,233,115
19840606,0,250,96
19840607,0,250,109
19840608,0,244,115
19840609,0,278,146
19840610,0,300,75
19840611,0,300,161
19840612,0,289,160
19840613,18,265,169
19840614,149,201,141
19840615,0,267,102
19840616,0,262,121
19840617,0,251,118
19840618,284,197,113
19840619,0,222,116
19840620,55,204,145
19840621,76,183,149
19840622,15,210,145
19840623,31,223,159
19840624,0,230,151
19840625,0,256,104
19840626,0,240,116
19840627,0,250,156
19840628,0,280,121
19840629,0,304,139
19840630,0,302,173
19840701,120,235,144
19840702,0,266,135
19840703,0,263,133
19840704,0,292,171
19840705,155,265,166
19840706,7,255,144
19840707,0,292,132
19840708,0,321,151
19840709,0,295,173
19840710,0,272,156
19840711,20,251,143
19840712,0,287,140
19840713,0,277,191
19840714,0,287,149
19840715,0,310,103
19840716,0,327,167
19840717,0,275,161
19840718,0,246,168
19840719,0,283,165
19840720,49,289,138
19840721,0,297,143
19840722,0,287,165
19840723,47,244,164
19840724,0,282,136
19840725,18,270,153
19840726,0,304,136
19840727,0,325,161
19840728,0,333,170
19840729,0,307,172
19840730,0,314,184
19840731,0,298,176
19840801,211,277,181
19840802,509,225,181
19840803,1,202,157
19840804,0,276,140
19840805,0,307,139
19840806,1,318,156
19840807,0,321,166
19840808,0,318,185
19840809,26,289,178
19840810,245,278,140
19840811,10,299,156
19840812,128,290,154
19840813,0,230,113
19840814,0,216,75
19840815,0,258,106
19840816,47,228,135
19840817,0,207,120
19840818,92,215,139
19840819,0,224,84
19840820,9,255,136
19840821,38,244,119
19840822,0,232,107
19840823,1,236,130
19840824,0,247,112
19840825,0,267,116
19840826,425,207,133
19840827,0,224,128
19840828,5,224,125
19840829,0,222,90
19840830,0,225,96
19840831,0,212,139
19840901,0,218,85
19840902,0,236,86
19840903,0,246,95
19840904,10,241,111
19840905,1,232,137
19840906,8,247,88
19840907,93,258,119
19840908,0,205,127
19840909,0,194,86
19840910,0,207,62
19840911,0,200,70
19840912,0,198,63
19840913,30,195,106
19840914,0,204,57
19840915,0,221,71
19840916,0,223,73
19840917,0,211,82
19840918,0,212,54
19840919,0,215,52
19840920,0,180,117
19840921,124,147,123
19840922,6,169,100
19840923,0,167,52
19840924,0,202,89
19840925,0,186,66
19840926,30,123,80
19840927,1,127,61
19840928,0,168,22
19840929,0,215,16
19840930,0,213,46
19841001,0,197,57
19841002,2,111,7
19841003,0,116,-27
19841004,0,139,-22
19841005,0,162,-24
19841006,0,190,-12
19841007,0,203,-10
19841008,0,208,45
19841009,0,218,34
19841010,0,185,61
19841011,94,150,31
19841012,0,162,-22
19841013,0,197,-4
19841014,0,189,12
19841015,0,141,17
19841016,0,153,7
19841017,0,166,18
19841018,0,162,-8
19841019,0,117,-25
19841020,0,166,-33
19841021,0,169,-22
19841022,0,186,18
19841023,0,213,-8
19841024,0,200,7
19841025,0,133,26
19841026,0,101,-6
19841027,0,95,-61
19841028,0,92,-78
19841029,0,111,-64
19841030,0,110,-72
19841031,0,91,8
19841101,0,98,-70
19841102,0,122,-64
19841103,0,126,-52
19841104,0,161,-53
19841105,0,121,-10
19841106,0,102,-48
19841107,0,142,-51
19841108,0,71,-41
19841109,0,115,-60
19841110,0,94,-25
19841111,0,97,-86
19841112,0,101,-58
19841113,0,98,-40
19841114,0,122,-65
19841115,0,128,-59
19841116,0,111,-47
19841117,0,108,-27
19841118,0,34,-92
19841119,0,47,-100
19841120,0,66,-54
19841121,0,75,-86
19841122,0,51,-32
19841123,0,22,-99
19841124,0,46,-104
19841125,0,47,-86
19841126,0,-8,-107
19841127,0,8,-165
19841128,0,53,-127
19841129,0,38,-74
19841130,0,18,-67
19841201,0,57,-135
19841202,0,47,-99
19841203,0,-13,-117
19841204,0,-59,-201
19841205,0,0,-163
19841206,0,56,-145
19841207,0,1,-107
19841208,0,-6,-121
19841209,0,33,-143
19841210,0,-18,-88
19841211,0,9,-101
19841212,0,-13,-113
19841213,0,-29,-140
19841214,33,-49,-145
19841215,61,-66,-154
19841216,5,-92,-162
19841217,0,-158,-221
19841218,0,-124,-273
19841219,0,-86,-215
19841220,0,-120,-215
19841221,0,-142,-266
19841222,0,-168,-266
19841223,0,-155,-265
19841224,0,-129,-307
19841225,0,-128,-206
19841226,0,-120,-250
19841227,0,-114,-196
19841228,0,-123,-270
19841229,0,-77,-213
19841230,0,-36,-229
19841231,0,-2,-209
19850101,0,-54,-151
19850102,0,-53,-187
19850103,0,-51,-130
19850104,1,-49,-165
19850105,3,-44,-111
19850106,0,-89,-216
19850107,0,-75,-233
19850108,0,-72,-194
19850109,0,-78,-232
19850110,0,-57,-174
19850111,0,-76,-169
19850112,1,-98,-230
19850113,0,-73,-223
19850114,0,-27,-189
19850115,0,-7,-142
19850116,0,1,-199
19850117,0,35,-189
19850118,0,-13,-111
19850119,0,1,-177
19850120,0,0,-133
19850121,0,4,-145
19850122,0,-34,-161
19850123,0,-17,-121
19850124,0,-9,-166
19850125,0,36,-118
19850126,0,-6,-124
19850127,0,-37,-207
19850128,0,-7,-139
19850129,0,-12,-192
19850130,0,27,-163
19850131,0,-1,-107
19850201,0,35,-119
19850202,0,36,-96
19850203,0,73,-125
19850204,0,48,-121
19850205,0,47,-136
19850206,0,50,-135
19850207,0,80,-115
19850208,0,75,-65
19850209,0,38,-102
19850210,0,52,-119
19850211,0,45,-70
19850212,0,47,-143
19850213,0,82,-134
19850214,0,37,-34
19850215,0,-5,-130
19850216,0,-49,-153
19850217,0,-22,-122
19850218,0,-4,-118
19850219,0,-55,-145
19850220,0,-63,-196
19850221,0,-95,-221
19850222,0,-71,-192
19850223,0,-25,-238
19850224,0,-10,-175
19850225,0,25,-137
19850226,0,48,-97
19850227,0,52,-68
19850228,0,24,-70
19850301,0,18,-75
19850302,0,49,-97
19850303,0,12,-72
19850304,0,-15,-132
19850305,0,-17,-162
19850306,0,17,-75
19850307,0,-2,-74
19850308,0,-36,-135
19850309,0,8,-131
19850310,0,-8,-87
19850311,0,41,-145
19850312,0,11,-121
19850313,0,-24,-178
19850314,0,42,-159
19850315,2,53,-69
19850316,0,107,-54
19850317,0,79,-20
19850318,0,94,-68
19850319,0,78,-38
19850320,0,36,-120
19850321,0,87,-135
19850322,0,137,-72
19850323,0,167,-37
19850324,0,70,-4
19850325,0,116,-91
19850326,0,149,-31
19850327,0,80,-66
19850328,0,42,-108
19850329,0,62,-87
19850330,0,74,-118
19850331,0,153,-37
19850401,0,166,6
19850402,0,121,5
19850403,0,95,-66
19850404,0,133,-66
19850405,0,184,-38
19850406,0,184,-2
19850407,0,226,-10
19850408,0,234,10
19850409,0,210,72
19850410,0,170,35
19850411,0,164,53
19850412,68,131,17
19850413,2,144,22
19850414,16,151,15
19850415,0,105,-14
19850416,0,166,3
19850417,0,226,19
19850418,0,182,65
19850419,0,199,33
19850420,0,161,90
19850421,0,153,51
19850422,0,159,15
19850423,0,225,2
19850424,0,186,87
19850425,0,110,37
19850426,0,117,-25
19850427,0,177,30
19850428,0,218,10
19850429,0,273,71
19850430,0,277,93
19850501,0,253,145
19850502,0,234,69
19850503,0,264,132
19850504,95,207,51
19850505,0,144,42
19850506,0,183,55
19850507,0,246,49
19850508,0,238,75
19850509,0,259,117
19850510,0,285,139
19850511,0,265,176
19850512,0,214,129
19850513,141,137,78
19850514,51,108,77
19850515,0,169,70
19850516,124,141,111
19850517,47,155,97
19850518,0,230,76
19850519,0,197,61
19850520,0,244,56
19850521,0,253,109
19850522,0,260,107
19850523,0,285,120
19850524,0,306,136
19850525,0,239,133
19850526,0,219,121
19850527,0,227,111
19850528,30,185,104
19850529,0,213,126
19850530,0,249,90
19850531,0,215,106
19850601,0,244,61
19850602,0,270,111
19850603,0,228,151
19850604,0,214,124
19850605,119,187,117
19850606,0,234,81
19850607,0,273,118
19850608,0,253,166
19850609,0,260,131
19850610,0,245,106
19850611,0,240,110
19850612,0,274,87
19850613,0,285,106
19850614,0,258,136
19850615,1,280,96
19850616,0,322,116
19850617,1,323,144
19850618,0,312,155
19850619,42,275,166
19850620,0,295,140
19850621,0,269,133
19850622,0,274,166
19850623,0,295,131
19850624,0,317,161
19850625,27,293,171
19850626,0,317,144
19850627,0,307,161
19850628,2,268,157
19850629,21,253,161
19850630,0,259,108
19850701,0,287,155
19850702,0,288,173
19850703,0,254,141
19850704,0,290,117
19850705,19,309,163
19850706,24,308,181
19850707,2,298,154
19850708,73,214,146
19850709,1,279,128
19850710,115,246,160
19850711,0,228,156
19850712,0,310,130
19850713,0,258,156
19850714,2,224,162
19850715,0,282,143
19850716,0,264,122
19850717,0,312,131
19850718,0,352,151
19850719,0,354,196
19850720,0,345,214
19850721,0,301,181
19850722,0,288,165
19850723,0,320,161
19850724,2,304,151
19850725,0,306,143
19850726,0,296,153
19850727,6,263,180
19850728,0,254,149
19850729,0,283,121
19850730,0,322,167
19850731,2,282,167
19850801,0,332,151
19850802,0,311,146
19850803,0,325,139
19850804,0,340,186
19850805,0,281,158
19850806,0,285,148
19850807,0,309,134
19850808,0,280,156
19850809,0,307,151
19850810,68,278,167
19850811,0,319,150
19850812,1,300,158
19850813,0,291,141
19850814,8,311,140
19850815,0,318,154
19850816,58,277,166
19850817,15,265,161
19850818,0,284,135
19850819,0,264,169
19850820,0,291,110
19850821,0,272,173
19850822,70,250,150
19850823,458,232,150
19850824,886,190,155
19850825,37,198,136
19850826,77,180,129
19850827,82,214,117
19850828,0,232,131
19850829,0,238,135
19850830,1,225,125
19850831,0,226,99
19850901,0,230,95
19850902,0,244,99
19850903,0,251,114
19850904,0,214,141
19850905,0,223,81
19850906,0,244,123
19850907,224,208,108
19850908,9,163,107
19850909,0,162,69
19850910,0,220,108
19850911,0,162,82
19850912,0,163,86
19850913,0,126,93
19850914,0,132,84
19850915,0,192,69
19850916,7,150,97
19850917,0,177,60
19850918,0,176,55
19850919,0,219,56
19850920,0,171,52
19850921,0,187,49
19850922,41,196,56
19850923,0,154,52
19850924,15,154,25
19850925,0,170,22
19850926,1,185,63
19850927,0,186,63
19850928,0,166,27
19850929,0,182,8
19850930,0,165,17
19851001,0,200,13
19851002,0,216,38
19851003,0,239,67
19851004,0,239,49
19851005,0,222,83
19851006,0,207,37
19851007,0,217,81
19851008,56,169,88
19851009,0,194,68
19851010,0,149,62
19851011,83,94,27
19851012,0,132,5
19851013,0,136,6
19851014,0,121,53
19851015,0,104,8
19851016,0,43,-36
19851017,0,67,-7
19851018,0,74,-13
19851019,0,74,17
19851020,0,120,-24
19851021,0,161,-3
19851022,0,189,-4
19851023,0,196,-2
19851024,0,189,12
19851025,0,193,17
19851026,0,149,58
19851027,0,145,16
19851028,0,159,30
19851029,0,157,11
19851030,0,98,-1
19851031,0,73,-83
19851101,0,123,-41
19851102,0,135,-26
19851103,0,82,12
19851104,0,108,-66
19851105,0,134,-50
19851106,0,110,-24
19851107,0,19,-102
19851108,0,-40,-155
19851109,0,48,-105
19851110,0,37,-87
19851111,0,30,-93
19851112,0,64,-51
19851113,0,70,-109
19851114,0,45,-37
19851115,0,25,-74
19851116,0,3,-94
19851117,0,44,-91
19851118,0,77,-57
19851119,0,91,-87
19851120,0,133,-54
19851121,0,88,-57
19851122,0,14,-63
19851123,0,-13,-86
19851124,0,26,-127
19851125,0,65,-125
19851126,0,48,-86
19851127,0,-17,-88
19851128,0,-30,-150
19851129,0,-58,-128
19851130,0,3,-158
19851201,0,-18,-139
19851202,0,57,-102
19851203,0,13,-69
19851204,0,34,-123
19851205,0,-44,-174
19851206,4,-106,-199
19851207,0,-130,-262
19851208,0,-77,-253
19851209,0,-82,-211
19851210,2,-79,-144
19851211,0,-69,-209
19851212,0,-2,-147
19851213,0,-43,-110
19851214,0,-82,-166
19851215,0,-47,-155
19851216,0,21,-202
19851217,0,-37,-141
19851218,0,-49,-194
19851219,0,-25,-199
19851220,0,1,-165
19851221,0,-23,-146
19851222,0,-22,-194
19851223,0,7,-181
19851224,0,6,-77
19851225,0,43,-141
19851226,0,45,-125
19851227,0,48,-117
19851228,1,-16,-95
19851229,0,-17,-113
19851230,0,-33,-157
19851231,0,-51,-164
19860101,0,-19,-196
19860102,0,-32,-164
19860103,0,-62,-164
19860104,0,-85,-212
19860105,0,-29,-183
19860106,0,-12,-99
19860107,0,-55,-167
19860108,0,-7,-158
19860109,0,-14,-135
19860110,0,38,-159
19860111,0,28,-154
19860112,0,-35,-150
19860113,0,-23,-199
19860114,0,-16,-179
19860115,0,30,-137
19860116,0,88,-126
19860117,0,38,-128
19860118,0,67,-119
19860119,0,38,-131
19860120,0,-22,-135
19860121,0,-75,-174
19860122,0,-61,-229
19860123,0,-32,-219
19860124,0,-41,-190
19860125,0,-15,-160
19860126,0,-6,-152
19860127,0,51,-160
19860128,0,6,-158
19860129,0,-2,-78
19860130,0,-36,-162
19860131,0,-41,-174
19860201,0,-10,-147
19860202,0,-77,-213
19860203,0,-62,-238
19860204,0,-75,-193
19860205,0,-76,-222
19860206,0,-40,-210
19860207,0,-32,-207
19860208,0,-29,-165
19860209,1,-28,-116
19860210,0,-7,-183
19860211,0,51,-149
19860212,0,50,-70
19860213,0,75,-128
19860214,0,6,-131
19860215,0,-19,-103
19860216,35,-27,-63
19860217,1,-28,-112
19860218,0,32,-145
19860219,0,-6,-83
19860220,0,-8,-162
19860221,0,7,-165
19860222,0,33,-124
19860223,0,53,-121
19860224,0,72,-88
19860225,0,-7,-150
19860226,0,-78,-166
19860227,0,-75,-190
19860228,0,-53,-178
19860301,0,-30,-175
19860302,0,48,-99
19860303,0,64,-85
19860304,0,86,-121
19860305,0,120,-96
19860306,0,136,-72
19860307,0,80,-33
19860308,0,-17,-69
19860309,0,33,-146
19860310,0,37,-68
19860311,0,133,-102
19860312,0,144,-53
19860313,0,150,-37
19860314,0,95,-29
19860315,0,-21,-138
19860316,55,5,-44
19860317,35,10,-57
19860318,0,10,-86
19860319,0,22,-85
19860320,31,32,-40
19860321,0,51,-30
19860322,10,76,-65
19860323,0,71,-35
19860324,1,57,-34
19860325,0,106,-35
19860326,60,74,-10
19860327,0,129,-24
19860328,11,78,16
19860329,0,98,-29
19860330,0,88,-43
19860331,0,133,-24
19860401,0,145,-21
19860402,17,103,38
19860403,0,123,-5
19860404,0,101,-34
19860405,0,114,-4
19860406,0,156,-50
19860407,0,185,7
19860408,0,180,22
19860409,0,131,48
19860410,0,73,-19
19860411,0,130,-60
19860412,0,170,-2
19860413,3,132,36
19860414,0,167,3
19860415,0,157,-7
19860416,0,195,22
19860417,0,210,19
19860418,0,208,70
19860419,0,134,-44
19860420,0,156,-23
19860421,0,128,-31
19860422,0,190,-29
19860423,0,147,84
19860424,0,117,71
19860425,0,108,37
19860426,0,109,27
19860427,0,127,-28
19860428,0,163,50
19860429,0,134,57
19860430,0,174,17
19860501,0,178,39
19860502,0,199,5
19860503,2,168,86
19860504,0,190,18
19860505,0,237,35
19860506,0,255,80
19860507,0,269,136
19860508,0,227,143
19860509,1,257,108
19860510,8,250,98
19860511,0,258,115
19860512,0,236,117
19860513,0,225,42
19860514,0,278,56
19860515,0,316,104
19860516,0,319,115
19860517,0,284,151
19860518,30,230,135
19860519,0,238,98
19860520,0,209,71
19860521,0,245,70
19860522,0,247,88
19860523,0,229,131
19860524,5,182,136
19860525,13,177,106
19860526,0,259,86
19860527,0,265,112
19860528,0,286,131
19860529,0,309,103
19860530,0,269,162
19860531,0,273,96
19860601,0,271,99
19860602,0,290,136
19860603,0,295,136
19860604,0,288,120
19860605,0,263,145
19860606,0,245,137
19860607,0,257,111
19860608,0,245,96
19860609,27,282,146
19860610,0,300,126
19860611,0,284,136
19860612,8,192,116
19860613,17,219,107
19860614,30,219,130
19860615,0,260,121
19860616,0,256,115
19860617,0,289,116
19860618,0,296,141
19860619,155,233,129
19860620,0,289,121
19860621,0,305,154
19860622,0,312,156
19860623,0,295,141
19860624,0,294,176
19860625,130,245,112
19860626,123,212,136
19860627,0,264,153
19860628,0,237,137
19860629,0,263,118
19860630,0,260,172
19860701,18,265,191
19860702,6,224,171
19860703,0,209,151
19860704,0,260,118
19860705,0,290,145
19860706,8,250,142
19860707,1,285,119
19860708,0,322,114
19860709,0,327,151
19860710,0,307,136
19860711,0,307,151
19860712,97,277,156
19860713,0,303,174
19860714,0,292,157
19860715,0,299,164
19860716,0,280,135
19860717,66,250,138
19860718,0,265,116
19860719,0,299,131
19860720,9,303,161
19860721,90,300,131
19860722,0,327,139
19860723,0,343,175
19860724,0,295,187
19860725,0,289,136
19860726,0,303,146
19860727,0,327,173
19860728,3,326,199
19860729,24,270,181
19860730,34,244,154
19860731,0,280,108
19860801,0,292,142
19860802,0,301,141
19860803,92,253,133
19860804,21,237,93
19860805,0,253,130
19860806,0,264,123
19860807,0,287,131
19860808,0,310,155
19860809,40,314,166
19860810,0,315,154
19860811,0,340,196
19860812,26,308,162
19860813,20,280,136
19860814,133,164,129
19860815,0,257,106
19860816,0,265,129
19860817,0,259,168
19860818,3,241,151
19860819,38,261,112
19860820,0,258,111
19860821,0,277,106
19860822,15,288,117
19860823,24,220,123
19860824,0,242,72
19860825,0,282,81
19860826,0,269,128
19860827,0,280,115
19860828,0,258,131
19860829,0,272,144
19860830,0,296,116
19860831,38,230,116
19860901,0,200,95
19860902,0,235,76
19860903,0,241,72
19860904,0,241,101
19860905,0,280,116
19860906,0,243,151
19860907,1,225,106
19860908,0,221,83
19860909,0,244,104
19860910,0,230,116
19860911,0,201,60
19860912,0,215,76
19860913,0,216,69
19860914,0,235,71
19860915,0,226,78
19860916,0,178,18
19860917,0,204,6
19860918,0,241,34
19860919,0,186,80
19860920,0,195,-14
19860921,0,251,19
19860922,0,265,58
19860923,0,282,56
19860924,0,270,101
19860925,0,259,112
19860926,0,205,64
19860927,0,206,45
19860928,0,174,25
19860929,0,184,21
19860930,0,202,2
19861001,0,210,37
19861002,0,195,45
19861003,23,186,96
19861004,0,208,48
19861005,0,232,52
19861006,0,188,87
19861007,0,157,37
19861008,0,105,-12
19861009,0,68,-5
19861010,0,118,-9
19861011,0,169,-25
19861012,0,180,23
19861013,0,157,32
19861014,0,164,-55
19861015,0,166,-6
19861016,0,165,14
19861017,3,143,58
19861018,29,88,48
19861019,20,111,47
19861020,0,139,55
19861021,0,98,-24
19861022,0,122,-39
19861023,0,144,22
19861024,0,146,11
19861025,0,85,-25
19861026,0,102,-82
19861027,1,46,-81
19861028,0,-14,-127
19861029,0,63,-131
19861030,0,139,-81
19861031,0,75,-40
19861101,0,125,-77
19861102,0,55,-19
19861103,0,66,-74
19861104,0,102,-57
19861105,0,95,-50
19861106,0,45,-32
19861107,0,25,-54
19861108,0,59,-98
19861109,0,85,-88
19861110,0,96,-116
19861111,0,114,-66
19861112,0,139,-32
19861113,0,68,-88
19861114,0,-46,-153
19861115,6,-22,-143
19861116,0,12,-67
19861117,0,18,-87
19861118,0,43,-106
19861119,0,69,-110
19861120,0,78,-97
19861121,0,88,-70
19861122,0,85,-56
19861123,1,48,-69
19861124,0,-70,-150
19861125,0,-56,-188
19861126,0,-29,-163
19861127,0,-10,-167
19861128,0,-70,-198
19861129,0,-24,-208
19861130,0,28,-167
19861201,0,40,-127
19861202,0,20,-53
19861203,0,8,-112
19861204,0,91,-135
19861205,0,31,-80
19861206,0,-32,-152
19861207,0,8,-152
19861208,0,3,-63
19861209,0,3,-87
19861210,0,76,-145
19861211,0,62,-124
19861212,0,75,-91
19861213,0,-2,-74
19861214,0,-5,-125
19861215,5,-5,-32
19861216,51,-20,-88
19861217,0,-57,-146
19861218,0,-62,-231
19861219,0,-70,-236
19861220,0,-53,-165
19861221,0,-46,-203
19861222,0,-9,-161
19861223,0,-17,-131
19861224,0,-13,-110
19861225,0,-25,-177
19861226,4,-53,-142
19861227,0,-52,-150
19861228,0,4,-179
19861229,0,35,-173
19861230,0,15,-104
19861231,0,-66,-196
19870101,7,-18,-114
19870102,0,-17,-114
19870103,0,-2,-172
19870104,0,19,-131
19870105,0,22,-138
19870106,0,-7,-135
19870107,0,41,-125
19870108,0,56,-77
19870109,0,33,-128
19870110,0,38,-137
19870111,0,-9,-125
19870112,0,-22,-138
19870113,0,41,-169
19870114,0,18,-164
19870115,0,6,-92
19870116,0,-29,-151
19870117,0,27,-173
19870118,0,-11,-146
19870119,0,42,-152
19870120,0,14,-132
19870121,0,27,-129
19870122,0,-14,-104
19870123,0,-72,-166
19870124,0,-48,-215
19870125,0,-38,-142
19870126,0,-10,-165
19870127,0,51,-175
19870128,0,48,-142
19870129,0,-3,-99
19870130,0,17,-158
19870131,0,20,-117
19870201,0,-52,-122
19870202,0,17,-149
19870203,0,45,-172
19870204,0,58,-79
19870205,0,44,-96
19870206,0,53,-58
19870207,0,108,-128
19870208,0,102,-57
19870209,0,100,-71
19870210,0,59,-43
19870211,0,18,-80
19870212,0,83,-107
19870213,0,76,-54
19870214,0,58,-73
19870215,0,120,-97
19870216,0,69,-52
19870217,0,-9,-130
19870218,0,-8,-117
19870219,6,11,-136
19870220,0,11,-135
19870221,0,38,-76
19870222,0,53,-70
19870223,0,50,-90
19870224,0,40,-154
19870225,0,58,-128
19870226,0,-15,-135
19870227,0,19,-153
19870228,0,74,-112
19870301,0,104,-97
19870302,0,123,-77
19870303,0,69,-20
19870304,0,104,-67
19870305,0,125,-43
19870306,0,61,-59
19870307,0,120,-80
19870308,0,79,-41
19870309,37,28,-57
19870310,0,15,-146
19870311,0,108,-61
19870312,0,50,-37
19870313,0,5,-97
19870314,0,53,-132
19870315,0,96,-94
19870316,0,117,-16
19870317,0,100,-73
19870318,0,114,-4
19870319,0,92,-35
19870320,0,-12,-159
19870321,0,53,-82
19870322,0,103,-44
19870323,0,85,-14
19870324,0,-13,-144
19870325,0,4,-175
19870326,0,64,-137
19870327,0,107,-108
19870328,0,177,-42
19870329,0,150,28
19870330,0,62,-76
19870331,0,85,-60
19870401,0,93,9
19870402,0,143,-32
19870403,0,215,-32
19870404,0,217,54
19870405,0,189,84
19870406,0,194,56
19870407,0,245,12
19870408,0,207,100
19870409,0,143,34
19870410,0,101,-39
19870411,0,92,0
19870412,0,109,-32
19870413,0,134,-13
19870414,0,163,-18
19870415,0,192,0
19870416,0,222,30
19870417,0,230,59
19870418,0,207,77
19870419,0,191,65
19870420,1,180,61
19870421,0,166,36
19870422,0,210,-13
19870423,0,247,50
19870424,66,214,83
19870425,0,140,37
19870426,0,159,13
19870427,0,211,33
19870428,0,247,80
19870429,0,275,83
19870430,0,230,123
19870501,0,132,51
19870502,0,161,11
19870503,0,180,40
19870504,0,164,27
19870505,0,191,16
19870506,0,214,47
19870507,0,235,54
19870508,0,205,94
19870509,0,203,54
19870510,0,237,54
19870511,0,243,111
19870512,0,245,118
19870513,0,239,86
19870514,0,265,105
19870515,0,225,98
19870516,0,191,20
19870517,0,255,44
19870518,0,226,163
19870519,0,297,122
19870520,0,293,147
19870521,0,276,131
19870522,1,273,158
19870523,0,280,155
19870524,53,239,103
19870525,0,233,165
19870526,0,226,113
19870527,0,230,104
19870528,0,257,99
19870529,0,265,109
19870530,0,234,89
19870531,0,258,96
19870601,0,295,102
19870602,0,282,145
19870603,0,334,149
19870604,0,308,184
19870605,12,185,58
19870606,0,192,10
19870607,0,217,44
19870608,0,284,97
19870609,5,293,142
19870610,4,264,138
19870611,23,225,133
19870612,0,227,100
19870613,0,250,113
19870614,90,225,116
19870615,0,267,107
19870616,0,292,135
19870617,0,290,144
19870618,0,285,143
19870619,0,294,152
19870620,0,270,183
19870621,6,212,144
19870622,26,258,139
19870623,0,288,149
19870624,0,315,159
19870625,67,262,148
19870626,0,267,165
19870627,3,262,174
19870628,0,289,126
19870629,0,296,159
19870630,0,310,139
19870701,3,276,165
19870702,31,276,134
19870703,0,319,168
19870704,0,319,173
19870705,0,290,147
19870706,0,317,159
19870707,0,357,169
19870708,0,346,191
19870709,155,307,169
19870710,0,307,175
19870711,0,314,178
19870712,0,276,149
19870713,0,294,143
19870714,0,308,151
19870715,0,285,149
19870716,0,278,174
19870717,0,285,140
19870718,3,313,170
19870719,18,320,176
19870720,11,284,159
19870721,0,252,143
19870722,0,268,133
19870723,0,326,132
19870724,0,350,152
19870725,0,331,173
19870726,0,307,184
19870727,0,300,194
19870728,0,299,153
19870729,0,320,159
19870730,5,322,200
19870731,0,337,154
19870801,6,312,187
19870802,233,286,136
19870803,0,251,122
19870804,0,298,152
19870805,0,294,159
19870806,0,269,175
19870807,0,261,143
19870808,0,281,143
19870809,0,310,139
19870810,0,301,134
19870811,0,289,156
19870812,187,240,138
19870813,154,236,125
19870814,30,226,125
19870815,15,236,129
19870816,0,257,120
19870817,7,296,158
19870818,44,265,138
19870819,0,259,115
19870820,0,297,140
19870821,7,261,169
19870822,74,305,134
19870823,0,287,176
19870824,0,309,133
19870825,30,271,181
19870826,97,251,150
19870827,0,275,119
19870828,0,265,144
19870829,0,274,107
19870830,0,282,110
19870831,0,275,121
19870901,0,306,120
19870902,2,259,169
19870903,331,205,133
19870904,0,247,121
19870905,0,204,114
19870906,0,194,69
19870907,0,228,71
19870908,0,265,91
19870909,0,274,104
19870910,0,235,117
19870911,0,218,123
19870912,31,189,129
19870913,0,178,123
19870914,0,221,109
19870915,0,232,94
19870916,22,245,100
19870917,0,265,90
19870918,0,276,108
19870919,0,287,119
19870920,0,266,99
19870921,0,280,100
19870922,0,252,127
19870923,17,217,119
19870924,0,169,54
19870925,0,148,13
19870926,0,196,13
19870927,0,214,53
19870928,0,210,71
19870929,0,204,32
19870930,0,240,30
19871001,0,213,87
19871002,0,233,49
19871003,0,262,73
19871004,0,264,71
19871005,0,248,101
19871006,0,219,57
19871007,0,275,55
19871008,0,265,100
19871009,0,247,100
19871010,0,236,103
19871011,0,239,91
19871012,0,198,122
19871013,8,149,105
19871014,0,162,97
19871015,26,125,89
19871016,60,91,49
19871017,0,54,2
19871018,0,43,-29
19871019,0,70,-57
19871020,0,75,-44
19871021,0,55,-8
19871022,0,109,-42
19871023,0,68,20
19871024,0,130,-62
19871025,0,164,-22
19871026,0,154,2
19871027,0,223,-2
19871028,0,189,36
19871029,0,102,-28
19871030,0,3,-37
19871031,23,0,-51
19871101,0,11,-51
19871102,0,75,-57
19871103,0,31,-36
19871104,0,32,-102
19871105,0,105,-79
19871106,0,46,-35
19871107,0,87,-89
19871108,0,108,-43
19871109,0,160,-3
19871110,0,134,-13
19871111,0,93,-25
19871112,0,108,-48
19871113,0,131,-37
19871114,0,107,-6
19871115,0,95,-28
19871116,0,108,-64
19871117,0,93,-58
19871118,0,75,-70
19871119,0,142,-52
19871120,0,91,-17
19871121,0,118,-65
19871122,0,119,-26
19871123,0,107,-32
19871124,0,138,-49
19871125,2,88,8
19871126,0,53,-106
19871127,1,-105,-167
19871128,0,-116,-178
19871129,0,-82,-204
19871130,0,-82,-175
19871201,0,-75,-226
19871202,0,-35,-212
19871203,0,-48,-135
19871204,0,-61,-117
19871205,0,-34,-147
19871206,0,-4,-170
19871207,0,-5,-110
19871208,0,41,-154
19871209,0,20,-124
19871210,0,-72,-177
19871211,0,-32,-218
19871212,0,-4,-166
19871213,0,-20,-171
19871214,0,11,-174
19871215,0,15,-142
19871216,0,22,-138
19871217,0,48,-126
19871218,0,3,-117
19871219,0,1,-128
19871220,0,13,-154
19871221,0,6,-88
19871222,0,60,-145
19871223,0,78,-107
19871224,0,47,-33
19871225,0,63,-114
19871226,0,105,-109
19871227,0,84,-31
19871228,0,59,-54
19871229,0,4,-118
19871230,0,12,-172
19871231,0,-27,-79
19880101,0,16,-142
19880102,0,21,-109
19880103,7,-28,-143
19880104,0,-55,-200
19880105,0,-9,-177
19880106,0,-24,-148
19880107,0,-18,-139
19880108,0,-47,-177
19880109,0,-54,-229
19880110,0,-22,-197
19880111,0,37,-128
19880112,0,68,-141
19880113,0,0,-116
19880114,0,-26,-92
19880115,4,-67,-144
19880116,0,-89,-185
19880117,0,-50,-172
19880118,0,-2,-191
19880119,0,2,-102
19880120,0,14,-138
19880121,0,-54,-160
19880122,0,-117,-226
19880123,0,-112,-266
19880124,0,-81,-224
19880125,0,-38,-202
19880126,0,4,-157
19880127,0,31,-162
19880128,0,-46,-159
19880129,0,-24,-172
19880130,0,-39,-196
19880131,0,10,-176
19880201,0,0,-117
19880202,0,37,-149
19880203,0,65,-129
19880204,0,50,-60
19880205,0,-57,-182
19880206,0,-37,-172
19880207,0,-27,-165
19880208,0,-5,-177
19880209,0,-7,-162
19880210,0,-24,-111
19880211,0,1,-162
19880212,0,18,-148
19880213,0,-26,-138
19880214,0,-56,-193
19880215,0,-76,-147
19880216,0,-102,-209
19880217,0,-55,-196
19880218,0,7,-202
19880219,0,28,-151
19880220,0,52,-159
19880221,0,56,-86
19880222,0,-1,-88
19880223,0,22,-116
19880224,0,44,-114
19880225,0,38,-91
19880226,2,7,-42
19880227,10,-22,-60
19880228,4,-50,-123
19880229,0,-19,-177
19880301,0,-57,-165
19880302,0,-70,-204
19880303,0,-45,-175
19880304,0,-43,-158
19880305,0,-63,-160
19880306,0,-88,-226
19880307,0,15,-183
19880308,0,35,-140
19880309,0,92,-140
19880310,0,97,-52
19880311,0,107,-53
19880312,0,180,-45
19880313,0,135,27
19880314,0,56,-34
19880315,7,23,-47
19880316,3,35,-30
19880317,0,103,-72
19880318,5,26,-64
19880319,0,44,-87
19880320,18,67,-13
19880321,1,38,-42
19880322,0,26,-84
19880323,8,38,-82
19880324,15,27,-62
19880325,0,78,-85
19880326,0,99,-52
19880327,0,82,-33
19880328,11,64,-3
19880329,8,69,-26
19880330,0,120,-26
19880331,0,112,27
19880401,0,142,-26
19880402,0,143,-7
19880403,0,164,7
19880404,0,107,-40
19880405,0,76,-45
19880406,0,109,25
19880407,0,108,-46
19880408,0,121,-64
19880409,0,161,6
19880410,0,182,16
19880411,0,142,12
19880412,0,156,-14
19880413,0,140,-1
19880414,0,162,-14
19880415,0,195,48
19880416,0,159,37
19880417,0,69,-54
19880418,0,207,-21
19880419,0,173,107
19880420,0,105,-2
19880421,0,103,-32
19880422,0,139,-25
19880423,0,134,8
19880424,0,179,-14
19880425,0,185,49
19880426,0,209,32
19880427,0,223,54
19880428,0,193,93
19880429,0,239,50
19880430,0,212,92
19880501,0,254,74
19880502,0,305,99
19880503,0,283,141
19880504,0,250,125
19880505,64,250,94
19880506,387,162,110
19880507,0,167,58
19880508,22,152,73
19880509,0,188,68
19880510,0,168,84
19880511,0,174,70
19880512,97,185,90
19880513,34,165,70
19880514,0,225,54
19880515,0,235,120
19880516,0,270,87
19880517,2,276,109
19880518,0,273,124
19880519,64,280,129
19880520,158,129,79
19880521,0,190,76
19880522,0,240,80
19880523,0,212,133
19880524,0,214,96
19880525,0,251,103
19880526,0,199,77
19880527,0,242,95
19880528,11,255,122
19880529,3,191,112
19880530,0,212,69
19880531,0,235,58
19880601,0,250,83
19880602,0,244,88
19880603,0,270,97
19880604,12,245,141
19880605,0,236,120
19880606,4,252,107
19880607,26,249,125
19880608,0,223,139
19880609,0,272,115
19880610,0,254,155
19880611,0,248,127
19880612,0,277,150
19880613,0,307,124
19880614,0,279,150
19880615,0,250,91
19880616,0,286,126
19880617,0,310,125
19880618,0,314,161
19880619,0,277,131
19880620,0,285,154
19880621,48,266,142
19880622,0,317,129
19880623,0,317,142
19880624,0,318,197
19880625,0,290,199
19880626,1,299,164
19880627,99,275,145
19880628,0,285,125
19880629,147,316,165
19880630,0,287,191
19880701,12,264,153
19880702,0,274,164
19880703,0,284,147
19880704,0,258,147
19880705,57,223,139
19880706,49,286,138
19880707,113,263,142
19880708,0,245,174
19880709,0,248,128
19880710,0,294,134
19880711,0,320,172
19880712,0,314,180
19880713,41,286,167
19880714,0,316,150
19880715,188,282,135
19880716,52,260,176
19880717,138,258,188
19880718,0,248,185
19880719,0,305,158
19880720,67,311,177
19880721,0,310,161
19880722,69,270,153
19880723,0,333,175
19880724,0,313,193
19880725,0,316,194
19880726,0,311,194
19880727,59,287,164
19880728,2,284,138
19880729,0,312,143
19880730,0,282,166
19880731,0,232,152
19880801,0,284,179
19880802,0,298,167
19880803,0,296,209
19880804,0,285,196
19880805,94,305,181
19880806,42,293,166
19880807,101,290,176
19880808,0,246,182
19880809,59,245,183
19880810,0,272,177
19880811,0,245,171
19880812,27,216,139
19880813,0,205,137
19880814,0,270,135
19880815,0,262,129
19880816,0,297,132
19880817,16,248,170
19880818,166,213,139
19880819,33,238,144
19880820,8,217,116
19880821,0,210,104
19880822,0,225,96
19880823,0,232,70
19880824,0,255,81
19880825,0,245,125
19880826,21,240,120
19880827,0,260,116
19880828,0,262,123
19880829,0,270,130
19880830,2,228,170
19880831,86,263,146
19880901,0,267,143
19880902,0,226,103
19880903,0,220,76
19880904,0,241,66
19880905,0,284,80
19880906,0,281,115
19880907,2,276,123
19880908,0,294,124
19880909,13,253,147
19880910,0,243,108
19880911,0,247,76
19880912,0,261,83
19880913,0,271,110
19880914,6,275,97
19880915,0,281,82
19880916,0,234,125
19880917,0,196,85
19880918,0,220,53
19880919,0,217,24
19880920,0,230,74
19880921,0,224,52
19880922,0,194,86
19880923,0,200,52
19880924,0,209,52
19880925,0,221,55
19880926,0,221,62
19880927,26,202,62
19880928,0,176,56
19880929,26,128,75
19880930,0,149,82
19881001,5,123,84
19881002,0,174,71
19881003,0,181,30
19881004,0,139,58
19881005,0,145,-16
19881006,0,164,-13
19881007,0,127,61
19881008,0,195,0
19881009,0,180,28
19881010,47,134,101
19881011,0,114,21
19881012,0,98,6
19881013,0,135,-21
19881014,0,158,43
19881015,0,155,35
19881016,0,135,44
19881017,0,190,-16
19881018,0,208,12
19881019,14,157,59
19881020,0,146,47
19881021,0,158,-10
19881022,0,119,37
19881023,22,162,33
19881024,0,206,-5
19881025,0,197,53
19881026,0,118,36
19881027,0,83,-37
19881028,0,111,-49
19881029,0,138,-23
19881030,0,167,-30
19881031,0,98,23
19881101,0,58,-46
19881102,0,83,-98
19881103,0,99,-37
19881104,0,115,-26
19881105,0,139,-61
19881106,0,120,-38
19881107,0,162,-46
19881108,0,73,-37
19881109,0,7,-129
19881110,0,46,-118
19881111,0,79,-103
19881112,0,126,-54
19881113,0,108,-18
19881114,0,108,-42
19881115,1,55,-34
19881116,0,58,-96
19881117,0,46,-63
19881118,0,50,-85
19881119,0,105,-62
19881120,0,123,-83
19881121,0,127,-64
19881122,0,45,-91
19881123,0,40,-92
19881124,0,40,-128
19881125,0,21,-137
19881126,0,28,-115
19881127,0,53,-115
19881128,0,71,-122
19881129,0,77,-105
19881130,0,45,-92
19881201,0,50,-123
19881202,0,72,-119
19881203,0,-12,-117
19881204,0,11,-113
19881205,0,59,-146
19881206,0,96,-97
19881207,0,4,-73
19881208,0,-52,-136
19881209,0,-28,-177
19881210,0,-21,-146
19881211,0,40,-146
19881212,0,11,-63
19881213,0,-18,-174
19881214,0,-25,-146
19881215,0,-60,-206
19881216,0,-9,-202
19881217,0,-7,-167
19881218,4,9,-122
19881219,0,25,-147
19881220,0,28,-106
19881221,0,48,-136
19881222,0,47,-114
19881223,0,-31,-84
19881224,0,-38,-148
19881225,6,-77,-131
19881226,0,-19,-171
19881227,0,-40,-157
19881228,0,-11,-123
19881229,0,-16,-158
19881230,0,-26,-157
19881231,0,-57,-157
19890101,0,2,-127
19890102,0,34,-153
19890103,0,4,-140
19890104,11,-22,-63
19890105,0,-10,-33
19890106,0,-20,-42
19890107,0,2,-47
19890108,1,-1,-39
19890109,22,-8,-65
19890110,6,-57,-100
19890111,5,-73,-181
19890112,0,-99,-201
19890113,0,-92,-234
19890114,0,-82,-247
19890115,0,-64,-255
19890116,0,-69,-254
19890117,0,-52,-241
19890118,0,-31,-227
19890119,0,-16,-214
19890120,0,-1,-196
19890121,0,-25,-189
19890122,0,-32,-171
19890123,0,-16,-178
19890124,0,-16,-169
19890125,0,-57,-131
19890126,0,-81,-210
19890127,0,-79,-233
19890128,7,-72,-173
19890129,2,-33,-147
19890130,0,-60,-161
19890131,0,-73,-154
19890201,0,-42,-231
19890202,0,-41,-183
19890203,0,-3,-158
19890204,0,-8,-131
19890205,0,19,-150
19890206,15,-26,-86
19890207,2,-33,-112
19890208,0,-31,-190
19890209,0,-26,-178
19890210,0,-26,-178
19890211,0,14,-137
19890212,0,26,-146
19890213,0,32,-76
19890214,0,28,-32
19890215,0,14,-38
19890216,30,2,-39
19890217,2,-2,-46
19890218,5,27,-46
19890219,7,-8,-88
19890220,0,-43,-141
19890221,0,-55,-173
19890222,0,-12,-156
19890223,0,-11,-69
19890224,0,29,-102
19890225,0,59,-89
19890226,0,72,-67
19890227,0,24,-35
19890228,0,59,-98
19890301,0,28,-17
19890302,0,22,-41
19890303,0,-4,-83
19890304,0,-18,-121
19890305,0,-1,-108
19890306,0,-16,-101
19890307,0,-8,-138
19890308,0,23,-112
19890309,0,51,-97
19890310,0,66,-107
19890311,0,73,-81
19890312,0,77,-62
19890313,0,79,-59
19890314,0,95,-63
19890315,0,83,-42
19890316,0,68,-92
19890317,22,66,0
19890318,0,119,-32
19890319,0,64,-45
19890320,0,55,-99
19890321,0,94,-33
19890322,0,93,-28
19890323,0,103,-15
19890324,0,98,-41
19890325,0,110,-8
19890326,30,62,-39
19890327,0,64,-78
19890328,0,130,-74
19890329,0,157,1
19890330,0,127,-16
19890331,0,169,-34
19890401,0,181,-8
19890402,0,186,13
19890403,0,201,31
19890404,0,177,61
19890405,0,186,34
19890406,0,140,79
19890407,0,157,-22
19890408,0,170,-24
19890409,0,179,-5
19890410,5,157,50
19890411,0,163,52
19890412,22,137,31
19890413,2,106,6
19890414,0,140,9
19890415,0,117,21
19890416,0,160,7
19890417,0,193,2
19890418,0,203,27
19890419,223,163,83
19890420,47,135,78
19890421,0,118,39
19890422,0,127,31
19890423,0,165,17
19890424,0,191,68
19890425,0,171,51
19890426,0,165,3
19890427,4,143,71
19890428,23,126,56
19890429,0,124,43
19890430,0,190,25
19890501,0,202,41
19890502,0,229,66
19890503,0,246,66
19890504,0,263,72
19890505,0,246,107
19890506,19,236,119
19890507,0,234,94
19890508,0,236,113
19890509,0,234,78
19890510,0,249,101
19890511,23,209,92
19890512,0,145,16
19890513,0,140,2
19890514,0,197,3
19890515,0,233,70
19890516,0,235,107
19890517,0,282,86
19890518,0,247,160
19890519,0,188,71
19890520,0,232,53
19890521,0,245,87
19890522,0,233,95
19890523,2,247,121
19890524,0,200,48
19890525,0,264,44
19890526,0,262,94
19890527,0,283,133
19890528,0,251,122
19890529,0,263,114
19890530,0,287,120
19890531,0,261,176
19890601,0,262,76
19890602,0,315,135
19890603,0,315,146
19890604,0,259,157
19890605,12,236,96
19890606,134,172,96
19890607,0,226,117
19890608,0,248,106
19890609,0,260,137
19890610,0,270,117
19890611,28,243,169
19890612,0,245,151
19890613,131,217,139
19890614,0,234,124
19890615,0,262,120
19890616,0,278,126
19890617,0,270,151
19890618,0,284,144
19890619,0,267,174
19890620,37,219,136
19890621,0,214,131
19890622,0,247,126
19890623,11,268,157
19890624,0,272,192
19890625,0,300,162
19890626,0,279,162
19890627,0,290,111
19890628,0,286,176
19890629,0,252,118
19890630,51,292,126
19890701,0,296,124
19890702,0,320,171
19890703,0,281,196
19890704,0,244,188
19890705,84,256,160
19890706,22,265,171
19890707,1,305,176
19890708,0,280,125
19890709,0,315,113
19890710,0,280,171
19890711,0,263,145
19890712,0,292,116
19890713,211,251,135
19890714,2,295,131
19890715,2,287,170
19890716,11,261,192
19890717,43,315,158
19890718,12,315,184
19890719,1,313,158
19890720,0,322,202
19890721,0,307,231
19890722,0,313,206
19890723,0,277,227
19890724,0,300,160
19890725,2,270,129
19890726,38,229,105
19890727,0,263,99
19890728,0,306,131
19890729,0,321,127
19890730,0,300,146
19890731,12,216,140
19890801,536,184,127
19890802,541,239,132
19890803,44,237,164
19890804,175,222,164
19890805,0,240,151
19890806,40,225,146
19890807,0,253,96
19890808,0,289,136
19890809,0,275,185
19890810,0,297,160
19890811,0,270,189
19890812,0,289,143
19890813,0,293,155
19890814,0,297,170
19890815,9,263,159
19890816,0,249,115
19890817,0,254,100
19890818,0,233,155
19890819,40,205,123
19890820,0,201,57
19890821,0,256,104
19890822,934,251,114
19890823,74,206,139
19890824,9,250,109
19890825,0,250,136
19890826,0,265,151
19890827,78,255,144
19890828,4,260,157
19890829,0,264,132
19890830,0,254,162
19890831,0,226,144
19890901,0,215,86
19890902,0,224,92
19890903,245,190,118
19890904,24,201,103
19890905,0,196,94
19890906,0,236,93
19890907,2,212,128
19890908,21,188,126
19890909,1,193,133
19890910,0,219,117
19890911,0,223,98
19890912,0,236,71
19890913,0,254,81
19890914,0,236,89
19890915,0,265,90
19890916,7,262,127
19890917,0,262,124
19890918,0,207,33
19890919,0,228,35
19890920,0,230,86
19890921,0,258,66
19890922,0,255,113
19890923,0,216,111
19890924,0,188,66
19890925,135,144,70
19890926,87,122,60
19890927,0,157,54
19890928,0,191,38
19890929,0,218,66
19890930,0,205,62
19891001,0,190,89
19891002,0,212,76
19891003,0,186,85
19891004,1,145,86
19891005,0,135,-4
19891006,0,162,6
19891007,0,160,46
19891008,0,198,14
19891009,0,218,81
19891010,0,137,20
19891011,0,156,-18
19891012,0,196,46
19891013,0,191,82
19891014,1,160,45
19891015,0,81,8
19891016,0,93,-45
19891017,0,124,-35
19891018,7,115,29
19891019,0,150,-17
19891020,0,167,-14
19891021,0,153,-8
19891022,0,183,-10
19891023,0,215,7
19891024,0,170,5
19891025,0,150,8
19891026,0,169,3
19891027,0,133,22
19891028,0,185,-22
19891029,0,170,13
19891030,0,104,2
19891031,0,143,-52
19891101,0,168,-24
19891102,0,171,-13
19891103,0,152,1
19891104,27,74,-48
19891105,0,34,-77
19891106,0,67,-56
19891107,20,35,-29
19891108,0,60,-64
19891109,0,24,-73
19891110,1,46,-57
19891111,0,29,-40
19891112,0,21,-100
19891113,0,13,-88
19891114,0,49,-91
19891115,0,34,-81
19891116,0,52,-82
19891117,0,-15,-111
19891118,0,-8,-158
19891119,0,32,-132
19891120,0,32,-102
19891121,0,72,-103
19891122,0,55,-92
19891123,0,69,-82
19891124,0,76,-87
19891125,0,42,-71
19891126,1,4,-62
19891127,0,-43,-132
19891128,0,20,-133
19891129,0,14,-137
19891130,0,20,-139
19891201,0,68,-76
19891202,0,121,-51
19891203,0,119,-17
19891204,0,121,-60
19891205,0,97,-76
19891206,0,29,-57
19891207,0,39,-127
19891208,0,43,-116
19891209,0,78,-81
19891210,0,43,-79
19891211,0,40,-87
19891212,0,33,-100
19891213,0,33,-101
19891214,0,52,-107
19891215,0,8,-98
19891216,0,59,-121
19891217,0,63,-114
19891218,0,43,-80
19891219,0,13,-54
19891220,0,-15,-63
19891221,0,7,-96
19891222,0,-16,-116
19891223,0,12,-113
19891224,1,-32,-130
19891225,1,-36,-137
19891226,0,-12,-156
19891227,0,-11,-161
19891228,0,-27,-134
19891229,0,-22,-146
19891230,0,17,-141
19891231,1,2,-144
19900101,0,-33,-148
19900102,0,-1,-160
19900103,0,39,-156
19900104,0,16,-129
19900105,0,-2,-176
19900106,0,31,-161
19900107,0,31,-129
19900108,0,-15,-142
19900109,0,13,-151
19900110,0,-6,-149
19900111,0,-53,-126
19900112,0,-46,-201
19900113,0,-22,-173
19900114,0,-34,-160
19900115,0,14,-146
19900116,0,56,-149
19900117,0,-33,-131
19900118,0,-46,-146
19900119,0,-95,-241
19900120,0,-1,-176
19900121,0,-44,-116
19900122,0,-46,-173
19900123,0,-35,-181
19900124,0,-23,-145
19900125,0,0,-165
19900126,0,16,-181
19900127,0,32,-128
19900128,7,-16,-89
19900129,1,-58,-150
19900130,4,-68,-150
19900131,0,-36,-173
19900201,0,7,-192
19900202,0,-52,-151
19900203,0,-34,-196
19900204,0,-5,-174
19900205,0,24,-131
19900206,0,34,-133
19900207,17,8,-55
19900208,0,49,-106
19900209,0,19,-47
19900210,0,22,-107
19900211,0,58,-62
19900212,0,79,-83
19900213,0,81,-22
19900214,0,65,-99
19900215,0,25,-94
19900216,15,18,-31
19900217,6,37,-28
19900218,0,41,-45
19900219,0,14,-41
19900220,0,26,-47
19900221,7,23,-94
19900222,5,-66,-136
19900223,0,-71,-150
19900224,0,-47,-176
19900225,0,-18,-166
19900226,0,19,-130
19900227,0,19,-35
19900228,0,33,-36
19900301,0,62,-66
19900302,0,72,-96
19900303,0,49,-57
19900304,0,13,-91
19900305,0,53,-126
19900306,0,72,-113
19900307,0,42,-64
19900308,0,91,-81
19900309,0,130,-61
19900310,0,70,-49
19900311,0,71,-97
19900312,0,127,-71
19900313,0,103,-1
19900314,0,39,-90
19900315,0,106,-71
19900316,0,106,-72
19900317,0,149,-53
19900318,0,187,-7
19900319,0,171,32
19900320,0,112,57
19900321,0,135,47
19900322,89,93,61
19900323,2,104,57
19900324,126,84,21
19900325,9,23,-9
19900326,48,-3,-26
19900327,7,18,-29
19900328,1,84,-3
19900329,0,124,31
19900330,0,117,24
19900331,0,152,7
19900401,0,178,6
19900402,10,119,-29
19900403,0,19,-81
19900404,0,79,-70
19900405,0,165,-42
19900406,0,119,8
19900407,0,107,-31
19900408,0,163,-37
19900409,0,184,-18
19900410,0,196,26
19900411,2,78,-30
19900412,0,51,-54
19900413,0,98,-62
19900414,0,141,-34
19900415,0,152,-7
19900416,0,154,51
19900417,51,181,66
19900418,0,206,63
19900419,0,153,-7
19900420,0,139,44
19900421,0,150,25
19900422,3,123,-8
19900423,0,69,-51
19900424,0,136,-38
19900425,0,147,35
19900426,0,201,12
19900427,0,221,62
19900428,0,208,55
19900429,65,185,90
19900430,8,164,97
19900501,0,175,48
19900502,16,150,22
19900503,0,115,-12
19900504,0,194,33
19900505,0,172,111
19900506,0,226,61
19900507,0,296,85
19900508,0,306,129
19900509,0,263,151
19900510,0,228,102
19900511,0,276,95
19900512,0,242,156
19900513,0,248,91
19900514,5,229,128
19900515,113,152,99
19900516,62,114,69
19900517,0,224,66
19900518,0,240,128
19900519,0,177,67
19900520,0,198,22
19900521,0,196,76
19900522,0,226,62
19900523,0,235,76
19900524,0,267,93
19900525,0,262,115
19900526,0,261,62
19900527,0,305,137
19900528,1,265,101
19900529,7,230,97
19900530,2,154,61
19900531,0,232,64
19900601,0,262,103
19900602,0,260,110
19900603,0,284,121
19900604,0,283,79
19900605,1,317,133
19900606,18,251,109
19900607,0,231,121
19900608,0,243,82
19900609,0,274,106
19900610,0,278,109
19900611,0,263,125
19900612,0,302,102
19900613,0,268,153
19900614,0,255,158
19900615,0,286,102
19900616,0,291,161
19900617,4,263,135
19900618,0,303,131
19900619,45,259,120
19900620,44,280,100
19900621,0,285,116
19900622,0,254,84
19900623,0,298,137
19900624,0,278,151
19900625,0,246,146
19900626,0,301,128
19900627,0,296,172
19900628,0,308,108
19900629,0,328,143
19900630,0,293,192
19900701,1,281,148
19900702,0,283,115
19900703,7,294,153
19900704,73,277,141
19900705,0,308,165
19900706,68,238,139
19900707,0,267,138
19900708,0,288,176
19900709,0,298,151
19900710,0,332,160
19900711,5,318,169
19900712,0,303,201
19900713,0,307,164
19900714,0,322,191
19900715,7,330,162
19900716,0,309,186
19900717,0,267,141
19900718,9,267,153
19900719,0,276,151
19900720,0,307,155
19900721,0,324,181
19900722,0,310,193
19900723,0,330,169
19900724,0,328,219
19900725,15,304,191
19900726,114,257,151
19900727,0,314,150
19900728,0,308,177
19900729,0,304,188
19900730,0,273,180
19900731,20,219,146
19900801,114,201,134
19900802,17,286,111
19900803,0,321,145
19900804,0,345,172
19900805,0,342,190
19900806,0,319,180
19900807,34,237,130
19900808,0,270,108
19900809,0,301,136
19900810,0,326,167
19900811,61,274,150
19900812,111,217,132
19900813,0,241,116
19900814,0,273,137
19900815,29,248,159
19900816,0,241,112
19900817,34,211,168
19900818,0,272,131
19900819,0,307,134
19900820,1,313,165
19900821,0,298,143
19900822,0,311,82
19900823,0,333,144
19900824,0,311,189
19900825,186,264,151
19900826,101,196,140
19900827,385,188,155
19900828,0,225,124
19900829,132,262,102
19900830,3,272,115
19900831,312,272,100
19900901,0,258,108
19900902,13,279,128
19900903,7,243,144
19900904,0,246,137
19900905,0,270,151
19900906,0,241,163
19900907,90,208,118
19900908,0,198,73
19900909,0,222,98
19900910,0,244,117
19900911,0,251,115
19900912,3,268,124
19900913,0,250,134
19900914,0,228,77
19900915,6,246,116
19900916,0,175,79
19900917,0,193,34
19900918,0,282,74
19900919,0,259,106
19900920,0,227,103
19900921,0,245,79
19900922,0,233,111
19900923,0,222,75
19900924,4,232,77
19900925,0,219,78
19900926,0,193,128
19900927,0,228,30
19900928,0,241,59
19900929,0,178,61
19900930,0,160,26
19901001,0,194,33
19901002,0,171,53
19901003,0,216,29
19901004,0,236,54
19901005,0,241,66
19901006,0,236,96
19901007,5,189,101
19901008,0,192,51
19901009,83,133,75
19901010,20,130,73
19901011,0,152,54
19901012,19,159,50
19901013,50,138,34
19901014,0,160,37
19901015,0,167,50
19901016,0,165,48
19901017,3,160,57
19901018,18,140,74
19901019,0,157,50
19901020,0,158,41
19901021,60,116,63
19901022,0,128,8
19901023,4,81,24
19901024,0,69,-20
19901025,0,116,-45
19901026,0,134,-42
19901027,0,137,-41
19901028,0,173,-28
19901029,0,195,-9
19901030,0,202,6
19901031,0,147,22
19901101,0,109,8
19901102,0,130,4
19901103,0,150,-10
19901104,0,145,4
19901105,0,104,16
19901106,0,135,-31
19901107,0,114,-10
19901108,0,51,-53
19901109,0,55,-90
19901110,0,115,-60
19901111,0,127,-49
19901112,0,142,-35
19901113,0,156,-10
19901114,0,179,11
19901115,0,190,-14
19901116,0,86,12
19901117,0,106,-3
19901118,0,132,-14
19901119,0,76,-70
19901120,0,-22,-133
19901121,0,40,-123
19901122,0,68,-128
19901123,19,9,-50
19901124,0,59,-61
19901125,0,44,-70
19901126,0,102,-75
19901127,0,128,-61
19901128,0,119,-50
19901129,0,61,-124
19901130,0,-117,-180
19901201,0,-29,-149
19901202,0,15,-150
19901203,0,20,-135
19901204,0,39,-132
19901205,0,82,-101
19901206,0,71,-48
19901207,0,76,-99
19901208,0,64,-69
19901209,0,76,-73
19901210,0,4,-160
19901211,0,1,-163
19901212,0,27,-128
19901213,0,-19,-97
19901214,0,-38,-160
19901215,0,2,-162
19901216,0,-16,-134
19901217,0,4,-167
19901218,0,28,-155
19901219,0,11,-98
19901220,0,72,-107
19901221,0,20,-85
19901222,0,22,-135
19901223,0,31,-128
19901224,0,19,-148
19901225,0,-61,-179
19901226,0,-24,-186
19901227,0,1,-122
19901228,0,16,-124
19901229,0,14,-100
19901230,0,-32,-92
19901231,0,-34,-116
19910101,0,-41,-170
19910102,0,-37,-175
19910103,0,-65,-210
19910104,0,-18,-185
19910105,0,25,-165
19910106,0,-34,-125
19910107,0,-32,-189
19910108,0,16,-167
19910109,0,-20,-154
19910110,0,-21,-140
19910111,0,-46,-130
19910112,0,-40,-203
19910113,0,-55,-180
19910114,0,2,-138
19910115,0,43,-113
19910116,0,49,-118
19910117,0,62,-119
19910118,0,29,-106
19910119,0,42,-124
19910120,0,7,-124
19910121,0,5,-92
19910122,0,29,-151
19910123,0,-24,-109
19910124,0,-8,-145
19910125,0,14,-180
19910126,0,32,-135
19910127,0,13,-110
19910128,0,11,-150
19910129,0,-20,-61
19910130,3,-14,-74
19910131,0,5,-112
19910201,0,28,-131
19910202,1,-3,-107
19910203,0,-21,-159
19910204,0,14,-153
19910205,0,43,-123
19910206,0,61,-117
19910207,0,62,-133
19910208,0,49,-96
19910209,0,26,-60
19910210,0,-10,-123
19910211,0,25,-160
19910212,0,39,-78
19910213,28,13,-70
19910214,28,-4,-66
19910215,0,0,-118
19910216,0,-13,-164
19910217,0,-26,-90
19910218,0,-62,-152
19910219,0,-82,-203
19910220,0,-45,-161
19910221,0,3,-135
19910222,0,21,-77
19910223,0,39,-140
19910224,0,64,-121
19910225,0,114,-103
19910226,0,113,-34
19910227,0,43,-71
19910228,0,28,-141
19910301,0,71,-88
19910302,0,74,-112
19910303,0,142,-65
19910304,0,123,-35
19910305,0,142,-61
19910306,0,115,25
19910307,126,75,-26
19910308,0,32,-83
19910309,0,42,-18
19910310,0,62,-13
19910311,1,67,-8
19910312,0,47,-31
19910313,29,20,-131
19910314,66,24,-4
19910315,0,42,-30
19910316,0,94,-69
19910317,0,155,-31
19910318,0,182,2
19910319,0,149,35
19910320,0,69,-20
19910321,0,141,-19
19910322,0,145,7
19910323,0,135,12
19910324,0,135,19
19910325,38,96,28
19910326,91,39,-5
19910327,0,56,-41
19910328,2,58,5
19910329,0,37,-37
19910330,0,22,-125
19910331,0,25,-74
19910401,0,94,-76
19910402,0,131,-28
19910403,0,181,17
19910404,0,171,17
19910405,0,204,20
19910406,0,235,37
19910407,0,181,67
19910408,0,213,50
19910409,0,174,68
19910410,67,136,29
19910411,82,85,12
19910412,2,99,0
19910413,0,132,8
19910414,0,178,29
19910415,0,164,48
19910416,122,135,68
19910417,4,100,41
19910418,0,110,-7
19910419,0,141,9
19910420,0,134,8
19910421,0,144,-1
19910422,0,183,44
19910423,0,144,28
19910424,0,129,36
19910425,0,129,-51
19910426,0,237,5
19910427,0,235,59
19910428,0,134,44
19910429,0,181,13
19910430,0,144,-19
19910501,0,106,-23
19910502,0,147,-18
19910503,0,164,82
19910504,0,164,72
19910505,0,140,63
19910506,11,99,2
19910507,0,136,25
19910508,0,180,57
19910509,0,207,48
19910510,0,214,69
19910511,0,227,59
19910512,0,246,74
19910513,0,251,99
19910514,0,173,41
19910515,0,217,58
19910516,0,251,65
19910517,0,277,82
19910518,0,283,98
19910519,0,297,114
19910520,0,284,123
19910521,0,296,143
19910522,0,283,143
19910523,0,253,84
19910524,118,175,99
19910525,0,210,85
19910526,0,241,117
19910527,67,212,95
19910528,86,162,93
19910529,0,197,111
19910530,0,230,111
19910531,107,201,140
19910601,18,188,123
19910602,0,227,109
19910603,0,267,90
19910604,0,260,127
19910605,0,281,127
19910606,1,285,133
19910607,69,251,118
19910608,2,275,119
19910609,0,270,151
19910610,122,195,123
19910611,0,234,97
19910612,0,257,151
19910613,84,228,141
19910614,152,230,129
19910615,11,259,160
19910616,0,214,101
19910617,0,236,96
19910618,0,262,123
19910619,0,257,125
19910620,0,295,148
19910621,0,296,155
19910622,0,297,148
19910623,0,304,151
19910624,0,284,126
19910625,0,295,159
19910626,0,307,151
19910627,0,321,168
19910628,3,279,131
19910629,0,283,152
19910630,0,294,107
19910701,0,319,145
19910702,0,305,113
19910703,11,301,151
19910704,0,331,142
19910705,6,276,171
19910706,0,300,111
19910707,0,310,170
19910708,0,286,127
19910709,0,298,147
19910710,0,300,128
19910711,0,326,142
19910712,0,345,153
19910713,0,355,175
19910714,19,344,200
19910715,0,343,175
19910716,0,340,193
19910717,27,338,195
19910718,0,345,181
19910719,0,358,200
19910720,0,335,214
19910721,155,262,157
19910722,0,320,151
19910723,0,317,180
19910724,0,282,193
19910725,0,320,166
19910726,0,340,194
19910727,198,344,176
19910728,1,270,174
19910729,0,244,144
19910730,0,253,143
19910731,0,272,131
19910801,0,295,145
19910802,6,290,171
19910803,0,317,176
19910804,0,292,190
19910805,0,309,192
19910806,0,307,174
19910807,0,323,161
19910808,0,318,170
19910809,0,340,170
19910810,3,315,192
19910811,0,315,179
19910812,0,324,174
19910813,0,301,200
19910814,12,235,156
19910815,0,287,131
19910816,0,310,146
19910817,0,296,155
19910818,0,310,138
19910819,136,307,155
19910820,0,290,149
19910821,0,299,137
19910822,0,313,141
19910823,0,330,153
19910824,0,346,160
19910825,0,311,160
19910826,9,252,176
19910827,73,218,122
19910828,10,208,108
19910829,0,267,89
19910830,0,266,107
19910831,0,244,156
19910901,0,285,106
19910902,0,278,108
19910903,0,286,123
19910904,49,248,126
19910905,0,272,114
19910906,0,301,111
19910907,0,268,151
19910908,0,267,99
19910909,0,258,134
19910910,29,218,128
19910911,0,211,71
19910912,0,234,115
19910913,0,233,77
19910914,0,236,97
19910915,0,215,131
19910916,0,241,90
19910917,0,246,86
19910918,0,171,62
19910919,0,167,59
19910920,0,187,27
19910921,0,203,96
19910922,0,234,71
19910923,0,243,77
19910924,0,241,90
19910925,0,241,98
19910926,1,225,74
19910927,0,226,45
19910928,0,238,54
19910929,0,246,83
19910930,58,225,86
19911001,13,152,70
19911002,33,101,70
19911003,13,119,48
19911004,0,143,15
19911005,0,173,35
19911006,0,172,15
19911007,0,194,33
19911008,0,189,55
19911009,0,191,58
19911010,0,178,83
19911011,0,202,91
19911012,0,211,39
19911013,0,209,61
19911014,0,153,77
19911015,2,160,55
19911016,0,123,20
19911017,0,140,10
19911018,0,68,-47
19911019,0,101,-74
19911020,0,117,-52
19911021,0,138,-25
19911022,0,145,-22
19911023,1,99,-11
19911024,0,140,-11
19911025,0,118,-12
19911026,0,0,-90
19911027,0,81,-100
19911028,0,118,-85
19911029,0,127,-39
19911030,0,132,-59
19911031,0,147,-47
19911101,0,140,4
19911102,0,128,13
19911103,0,145,-60
19911104,0,162,-30
19911105,0,124,-4
19911106,0,30,-46
19911107,0,63,-109
19911108,0,39,-92
19911109,0,4,-89
19911110,0,16,-86
19911111,0,36,-130
19911112,0,62,-55
19911113,0,56,-80
19911114,0,61,-103
19911115,0,68,-105
19911116,0,53,-94
19911117,0,61,-85
19911118,0,23,-41
19911119,0,21,-127
19911120,0,60,-111
19911121,0,90,-95
19911122,0,73,-85
19911123,0,25,-113
19911124,0,43,-105
19911125,0,51,-87
19911126,0,51,-83
19911127,0,80,-87
19911128,0,81,-80
19911129,0,36,-55
19911130,0,48,-113
19911201,0,69,-97
19911202,0,17,-106
19911203,0,91,-88
19911204,0,101,-99
19911205,0,87,-33
19911206,0,58,-75
19911207,0,9,-74
19911208,0,30,-134
19911209,0,15,-112
19911210,0,-20,-97
19911211,0,-26,-180
19911212,0,25,-157
19911213,0,43,-118
19911214,0,70,-108
19911215,0,62,-71
19911216,1,-1,-89
19911217,0,-1,-156
19911218,0,9,-101
19911219,0,31,-117
19911220,0,16,-100
19911221,0,30,-106
19911222,0,11,-101
19911223,0,-67,-178
19911224,20,-89,-132
19911225,3,-76,-154
19911226,5,-127,-201
19911227,0,-162,-265
19911228,0,-110,-246
19911229,0,-68,-234
19911230,0,-87,-170
19911231,0,-75,-174
19920101,0,-62,-208
19920102,0,-42,-211
19920103,0,-19,-178
19920104,0,-28,-163
19920105,0,-43,-167
19920106,0,-59,-159
19920107,0,-14,-134
19920108,0,10,-185
19920109,0,2,-172
19920110,0,-3,-145
19920111,0,-24,-156
19920112,0,-44,-103
19920113,0,-36,-165
19920114,0,-13,-169
19920115,0,-4,-132
19920116,0,7,-158
19920117,0,18,-147
19920118,0,2,-145
19920119,0,6,-162
19920120,0,-8,-134
19920121,0,14,-162
19920122,0,-2,-162
19920123,0,17,-166
19920124,0,11,-154
19920125,0,42,-154
19920126,0,53,-145
19920127,0,50,-128
19920128,0,25,-119
19920129,0,24,-111
19920130,0,-28,-131
19920131,0,-59,-207
19920201,3,-56,-133
19920202,0,-11,-153
19920203,0,-26,-167
19920204,0,7,-163
19920205,0,-48,-107
19920206,0,-42,-203
19920207,0,-34,-180
19920208,0,-29,-191
19920209,0,-10,-182
19920210,0,3,-155
19920211,0,-11,-88
19920212,0,-31,-181
19920213,0,5,-182
19920214,0,4,-125
19920215,0,4,-129
19920216,0,23,-132
19920217,0,26,-94
19920218,0,9,-128
19920219,0,-27,-154
19920220,0,6,-172
19920221,0,10,-138
19920222,0,44,-106
19920223,0,42,-141
19920224,0,84,-97
19920225,0,89,-82
19920226,0,132,-60
19920227,0,156,-73
19920228,0,150,-40
19920229,0,137,-37
19920301,223,70,20
19920302,30,44,5
19920303,24,6,-57
19920304,0,4,-56
19920305,0,18,-75
19920306,0,64,-77
19920307,0,43,-23
19920308,0,75,-34
19920309,0,72,-56
19920310,0,92,-33
19920311,0,102,-32
19920312,0,147,6
19920313,0,110,27
19920314,0,62,-19
19920315,0,42,-28
19920316,0,17,-73
19920317,0,47,-83
19920318,0,86,-57
19920319,0,95,-29
19920320,6,65,1
19920321,0,41,-12
19920322,51,25,-28
19920323,2,46,-5
19920324,0,63,-46
19920325,0,91,-31
19920326,0,92,-12
19920327,0,129,-13
19920328,0,105,-32
19920329,0,140,-41
19920330,38,135,8
19920331,9,140,37
19920401,0,147,43
19920402,0,168,17
19920403,0,184,52
19920404,0,181,30
19920405,0,197,53
19920406,0,196,69
19920407,0,146,60
19920408,0,84,-18
19920409,3,89,4
19920410,0,64,25
19920411,0,113,-53
19920412,0,150,-41
19920413,0,152,-20
19920414,0,155,45
19920415,0,185,-4
19920416,0,243,55
19920417,0,182,47
19920418,0,152,-47
19920419,0,223,10
19920420,0,185,50
19920421,0,141,-21
19920422,0,187,22
19920423,0,157,20
19920424,0,184,-2
19920425,0,239,55
19920426,0,257,81
19920427,0,214,109
19920428,51,163,53
19920429,0,195,35
19920430,0,221,59
19920501,0,235,101
19920502,0,247,104
19920503,0,222,128
19920504,5,210,155
19920505,25,184,128
19920506,0,184,85
19920507,0,184,65
19920508,0,201,63
19920509,0,183,61
19920510,0,208,71
19920511,66,170,102
19920512,0,201,91
19920513,102,173,74
19920514,17,163,66
19920515,0,163,51
19920516,0,161,48
19920517,0,185,47
19920518,0,197,66
19920519,0,221,79
19920520,0,241,114
19920521,0,265,98
19920522,0,281,144
19920523,0,242,146
19920524,0,263,95
19920525,0,272,103
19920526,0,279,114
19920527,0,275,118
19920528,0,244,150
19920529,0,259,146
19920530,0,282,129
19920531,0,294,134
19920601,151,240,155
19920602,212,237,120
19920603,0,256,140
19920604,0,300,126
19920605,49,251,96
19920606,19,166,59
19920607,0,242,101
19920608,0,285,130
19920609,0,273,129
19920610,0,287,140
19920611,1,259,166
19920612,0,271,143
19920613,0,282,142
19920614,0,276,147
19920615,0,272,153
19920616,0,293,138
19920617,0,306,156
19920618,0,280,174
19920619,282,229,137
19920620,42,193,119
19920621,0,248,122
19920622,0,254,135
19920623,0,242,114
19920624,0,252,123
19920625,13,228,138
19920626,51,170,119
19920627,0,234,130
19920628,1,257,160
19920629,17,277,131
19920630,0,291,154
19920701,0,296,136
19920702,0,318,140
19920703,0,332,159
19920704,0,329,182
19920705,0,332,192
19920706,0,340,168
19920707,0,335,180
19920708,0,261,157
19920709,0,287,118
19920710,7,270,147
19920711,0,280,136
19920712,0,263,140
19920713,0,291,143
19920714,33,262,180
19920715,64,247,158
19920716,0,283,174
19920717,0,321,126
19920718,0,328,175
19920719,0,323,167
19920720,4,303,175
19920721,0,313,131
19920722,0,307,159
19920723,18,302,165
19920724,0,303,178
19920725,168,247,145
19920726,10,229,142
19920727,527,190,116
19920728,62,185,130
19920729,0,273,131
19920730,0,303,149
19920731,0,315,170
19920801,0,300,201
19920802,6,253,183
19920803,0,282,146
19920804,29,298,160
19920805,60,270,150
19920806,0,284,160
19920807,0,296,171
19920808,71,264,162
19920809,0,269,176
19920810,0,256,188
19920811,0,279,178
19920812,31,215,174
19920813,129,252,128
19920814,1,221,146
19920815,0,237,110
19920816,0,256,123
19920817,0,253,136
19920818,2,189,132
19920819,33,209,143
19920820,1,213,127
19920821,0,246,107
19920822,0,261,111
19920823,0,272,105
19920824,0,297,120
19920825,0,288,114
19920826,0,288,131
19920827,127,283,141
19920828,48,255,133
19920829,0,246,115
19920830,0,233,135
19920831,131,222,133
19920901,0,257,112
19920902,0,254,128
19920903,0,265,100
19920904,183,226,117
19920905,0,167,114
19920906,0,193,40
19920907,0,215,59
19920908,0,230,70
19920909,0,238,88
19920910,0,197,135
19920911,26,164,118
19920912,0,183,79
19920913,0,200,106
19920914,0,208,90
19920915,0,167,42
19920916,0,215,41
19920917,0,236,83
19920918,0,240,87
19920919,0,225,111
19920920,4,194,118
19920921,0,192,110
19920922,83,162,124
19920923,2,175,120
19920924,0,170,45
19920925,0,184,46
19920926,0,205,51
19920927,0,190,75
19920928,0,161,31
19920929,0,217,20
19920930,0,238,57
19921001,0,185,79
19921002,0,127,53
19921003,0,116,62
19921004,0,95,-23
19921005,0,91,-3
19921006,0,149,28
19921007,0,187,-3
19921008,0,205,17
19921009,0,199,48
19921010,0,187,36
19921011,0,125,45
19921012,0,141,52
19921013,0,126,-4
19921014,0,100,-13
19921015,0,121,-29
19921016,0,130,-26
19921017,0,138,-30
19921018,0,152,-17
19921019,0,155,10
19921020,106,96,16
19921021,18,62,-12
19921022,0,23,-49
19921023,0,28,-65
19921024,0,80,-66
19921025,0,110,-48
19921026,0,117,3
19921027,0,138,1
19921028,0,136,-3
19921029,0,94,-6
19921030,0,141,-28
19921031,0,108,-35
19921101,0,146,-27
19921102,0,99,15
19921103,0,117,-34
19921104,0,140,-46
19921105,0,150,-42
19921106,68,70,-10
19921107,11,1,-94
19921108,3,-54,-131
19921109,0,5,-102
19921110,0,36,-92
19921111,0,53,-77
19921112,0,39,-54
19921113,0,84,-67
19921114,1,28,-72
19921115,0,14,-114
19921116,0,69,-93
19921117,0,113,-63
19921118,0,46,-13
19921119,0,-6,-93
19921120,0,29,-117
19921121,0,26,-97
19921122,0,43,-60
19921123,0,55,-77
19921124,0,60,-50
19921125,0,55,-41
19921126,0,79,-94
19921127,0,71,-82
19921128,0,105,-81
19921129,0,104,-79
19921130,0,34,-69
19921201,0,42,-110
19921202,0,67,-113
19921203,0,68,-79
19921204,0,39,-31
19921205,4,43,-13
19921206,0,31,-71
19921207,0,19,-78
19921208,0,0,-59
19921209,1,-11,-109
19921210,0,-21,-162
19921211,0,31,-143
19921212,0,35,-89
19921213,0,-36,-136
19921214,0,-16,-139
19921215,0,6,-142
19921216,0,22,-137
19921217,0,34,-103
19921218,0,19,-101
19921219,0,84,-93
19921220,0,20,-122
19921221,0,3,-162
19921222,0,-60,-182
19921223,0,-56,-185
19921224,0,-11,-173
19921225,0,40,-166
19921226,0,2,-129
19921227,0,-1,-118
19921228,0,6,-113
19921229,0,11,-113
19921230,0,11,-143
19921231,0,3,-122
19930101,0,44,-129
19930102,0,23,-81
19930103,0,-30,-158
19930104,0,1,-158
19930105,8,-41,-92
19930106,0,-1,-156
19930107,0,-46,-180
19930108,3,-68,-126
19930109,0,-74,-178
19930110,0,-54,-147
19930111,0,-33,-175
19930112,0,-60,-180
19930113,0,-103,-197
19930114,0,-97,-232
19930115,0,-107,-234
19930116,0,-96,-253
19930117,0,-82,-215
19930118,0,-63,-234
19930119,0,-78,-220
19930120,0,-83,-229
19930121,0,-81,-235
19930122,0,-60,-222
19930123,0,-20,-207
19930124,0,-12,-182
19930125,0,-32,-167
19930126,0,-50,-167
19930127,0,-26,-234
19930128,0,-32,-167
19930129,0,16,-152
19930130,0,52,-152
19930131,0,-4,-162
19930201,0,21,-147
19930202,0,23,-120
19930203,0,79,-137
19930204,0,97,-102
19930205,0,148,-32
19930206,0,27,-97
19930207,0,8,-153
19930208,0,29,-92
19930209,0,62,-116
19930210,0,58,-32
19930211,0,87,-109
19930212,0,96,-82
19930213,0,110,-81
19930214,0,110,-14
19930215,0,112,-61
19930216,0,49,-69
19930217,0,82,-74
19930218,0,44,-16
19930219,47,16,-9
19930220,8,-7,-53
19930221,0,-50,-123
19930222,0,-95,-193
19930223,0,-37,-202
19930224,0,-27,-133
19930225,0,24,-108
19930226,0,13,-57
19930227,0,-31,-131
19930228,0,-26,-140
19930301,0,13,-141
19930302,0,60,-116
19930303,0,100,-104
19930304,0,121,-62
19930305,0,9,-62
19930306,0,28,-79
19930307,0,49,-94
19930308,0,71,-56
19930309,0,95,-82
19930310,0,110,-27
19930311,0,135,-62
19930312,0,140,9
19930313,0,98,33
19930314,0,116,47
19930315,0,96,32
19930316,0,104,-32
19930317,0,92,-32
19930318,0,90,-22
19930319,0,87,-20
19930320,0,73,-32
19930321,0,85,-17
19930322,0,98,-2
19930323,0,125,-32
19930324,0,136,-20
19930325,0,132,19
19930326,0,124,2
19930327,0,106,3
19930328,0,107,-37
19930329,2,111,7
19930330,0,135,13
19930331,0,163,-31
19930401,0,185,25
19930402,0,128,23
19930403,0,76,-46
19930404,0,117,-12
19930405,0,96,13
19930406,0,73,-52
19930407,0,26,-54
19930408,0,60,-104
19930409,0,59,-33
19930410,0,101,-92
19930411,0,129,2
19930412,0,155,-20
19930413,0,154,0
19930414,0,137,29
19930415,0,160,-22
19930416,0,178,-3
19930417,0,197,5
19930418,0,212,33
19930419,0,233,62
19930420,0,225,53
19930421,0,155,48
19930422,0,192,74
19930423,0,220,73
19930424,0,97,-17
19930425,0,209,-31
19930426,0,249,62
19930427,0,211,118
19930428,0,207,47
19930429,0,204,37
19930430,0,185,75
19930501,0,165,82
19930502,0,202,22
19930503,0,245,67
19930504,0,190,61
19930505,0,255,89
19930506,16,220,6
19930507,0,165,7
19930508,0,207,38
19930509,0,259,48
19930510,0,257,119
19930511,14,232,56
19930512,16,131,53
19930513,0,159,33
19930514,0,179,32
19930515,0,205,89
19930516,0,190,67
19930517,0,221,37
19930518,0,249,101
19930519,0,212,109
19930520,12,202,76
19930521,0,230,76
19930522,0,253,70
19930523,0,277,114
19930524,0,276,169
19930525,0,245,128
19930526,0,244,90
19930527,0,237,79
19930528,0,269,93
19930529,0,248,126
19930530,0,305,112
19930531,0,265,164
19930601,1,222,93
19930602,0,245,53
19930603,0,275,124
19930604,0,305,128
19930605,0,270,170
19930606,0,289,121
19930607,0,305,147
19930608,0,325,145
19930609,0,314,181
19930610,5,280,166
19930611,7,218,126
19930612,0,300,102
19930613,10,264,126
19930614,0,255,117
19930615,0,280,116
19930616,6,282,128
19930617,0,292,113
19930618,0,316,138
19930619,0,314,175
19930620,7,289,159
19930621,4,282,122
19930622,0,280,161
19930623,0,249,117
19930624,0,270,118
19930625,0,292,113
19930626,18,268,153
19930627,0,241,139
19930628,0,260,123
19930629,0,240,126
19930630,0,256,112
19930701,0,303,132
19930702,0,329,147
19930703,32,296,164
19930704,101,220,145
19930705,0,302,138
19930706,3,272,156
19930707,12,265,130
19930708,0,277,160
19930709,0,295,160
19930710,0,293,147
19930711,0,268,178
19930712,353,247,149
19930713,0,295,176
19930714,0,275,191
19930715,0,294,156
19930716,0,298,194
19930717,0,289,163
19930718,0,262,148
19930719,0,275,169
19930720,27,258,166
19930721,6,204,167
19930722,174,239,145
19930723,0,254,152
19930724,2,266,149
19930725,0,267,137
19930726,0,274,146
19930727,0,278,162
19930728,0,287,159
19930729,0,270,190
19930730,15,266,147
19930731,3,292,147
19930801,0,305,151
19930802,0,312,188
19930803,44,279,182
19930804,6,256,161
19930805,0,257,173
19930806,0,299,123
19930807,0,291,161
19930808,0,300,165
19930809,0,293,126
19930810,160,248,166
19930811,1,246,161
19930812,2,220,123
19930813,0,254,120
19930814,93,235,144
19930815,0,242,125
19930816,0,230,108
19930817,0,245,118
19930818,0,269,114
19930819,172,274,139
19930820,0,251,120
19930821,0,272,128
19930822,182,235,153
19930823,0,239,143
19930824,0,248,132
19930825,0,265,134
19930826,0,241,140
19930827,2,194,147
19930828,0,232,82
19930829,2,239,107
19930830,1,185,113
19930831,95,190,121
19930901,0,225,87
19930902,0,246,102
19930903,0,275,109
19930904,0,270,124
19930905,0,269,148
19930906,40,202,82
19930907,0,182,66
19930908,0,200,59
19930909,0,212,67
19930910,0,240,87
19930911,0,227,103
19930912,0,220,55
19930913,0,249,58
19930914,0,273,124
19930915,0,265,97
19930916,0,274,153
19930917,0,219,64
19930918,0,229,43
19930919,0,253,75
19930920,0,253,90
19930921,0,262,103
19930922,0,220,63
19930923,0,260,52
19930924,0,266,107
19930925,4,248,117
19930926,86,189,84
19930927,0,125,-1
19930928,0,186,23
19930929,0,162,-4
19930930,0,175,14
19931001,0,188,38
19931002,0,213,38
19931003,0,190,62
19931004,47,188,91
19931005,1,162,92
19931006,0,175,42
19931007,0,201,63
19931008,0,161,62
19931009,0,139,-4
19931010,9,125,14
19931011,0,157,33
19931012,0,148,70
19931013,0,136,47
19931014,0,153,-17
19931015,0,151,-17
19931016,0,160,-1
19931017,0,158,5
19931018,0,144,-22
19931019,0,155,0
19931020,0,136,42
19931021,0,152,-11
19931022,0,162,5
19931023,0,165,-6
19931024,0,164,10
19931025,0,135,14
19931026,0,107,-13
19931027,0,93,1
19931028,0,24,-67
19931029,0,37,-103
19931030,0,121,-48
19931031,0,147,-36
19931101,0,144,-57
19931102,0,142,-66
19931103,0,195,-28
19931104,0,186,-11
19931105,0,118,5
19931106,0,76,-43
19931107,0,127,-9
19931108,91,94,54
19931109,35,64,37
19931110,14,64,32
19931111,0,90,-6
19931112,0,122,-27
19931113,0,137,-3
19931114,0,151,-3
19931115,0,57,-48
19931116,0,-47,-139
19931117,0,-97,-178
19931118,0,-46,-146
19931119,5,-36,-107
19931120,0,-85,-160
19931121,0,-13,-187
19931122,0,-65,-160
19931123,0,-56,-208
19931124,0,-3,-164
19931125,0,-8,-101
19931126,0,17,-114
19931127,0,-10,-137
19931128,0,42,-120
19931129,0,7,-101
19931130,0,16,-144
19931201,0,36,-88
19931202,0,-40,-132
19931203,0,-72,-179
19931204,0,-28,-193
19931205,0,2,-177
19931206,0,13,-127
19931207,0,52,-130
19931208,0,3,-106
19931209,0,16,-77
19931210,0,11,-149
19931211,0,-18,-93
19931212,0,-39,-137
19931213,0,-84,-176
19931214,0,-68,-198
19931215,0,-60,-189
19931216,0,-64,-159
19931217,0,-49,-183
19931218,0,-1,-157
19931219,0,-38,-118
19931220,0,-102,-179
19931221,0,-77,-222
19931222,0,-16,-210
19931223,0,-30,-172
19931224,0,43,-139
19931225,0,16,-68
19931226,0,5,-139
19931227,0,48,-127
19931228,0,70,-113
19931229,0,11,-97
19931230,0,-49,-144
19931231,0,-26,-180
19940101,0,30,-152
19940102,0,35,-88
19940103,0,13,-144
19940104,0,-3,-138
19940105,0,-28,-105
19940106,0,-25,-127
19940107,0,37,-148
19940108,0,65,-80
19940109,0,16,-76
19940110,0,33,-115
19940111,0,-16,-126
19940112,0,-13,-103
19940113,0,12,-137
19940114,0,41,-146
19940115,0,44,-137
19940116,0,-47,-122
19940117,0,-85,-157
19940118,0,-71,-218
19940119,0,-76,-197
19940120,0,-66,-185
19940121,0,-43,-182
19940122,0,-19,-178
19940123,0,11,-178
19940124,0,3,-127
19940125,0,-33,-118
19940126,0,-46,-208
19940127,0,-29,-154
19940128,0,13,-175
19940129,0,4,-132
19940130,0,14,-112
19940131,0,17,-113
19940201,0,4,-132
19940202,0,27,-139
19940203,2,8,-91
19940204,0,12,-97
19940205,0,14,-146
19940206,0,34,-150
19940207,0,19,-100
19940208,0,-1,-126
19940209,0,41,-147
19940210,9,-19,-84
19940211,0,-11,-137
19940212,0,-4,-93
19940213,16,-26,-56
19940214,8,-16,-82
19940215,0,7,-139
19940216,0,32,-120
19940217,0,57,-83
19940218,0,61,-57
19940219,0,44,-49
19940220,0,19,-100
19940221,0,77,-96
19940222,0,-1,-72
19940223,0,-6,-72
19940224,0,15,-67
19940225,0,15,-107
19940226,0,1,-65
19940227,0,-38,-150
19940228,0,-8,-137
19940301,0,16,-138
19940302,0,52,-95
19940303,0,55,-88
19940304,0,125,-87
19940305,0,127,-29
19940306,0,130,-46
19940307,0,26,-52
19940308,0,-41,-92
19940309,0,-30,-152
19940310,0,88,-117
19940311,0,11,-49
19940312,0,-16,-94
19940313,0,-37,-148
19940314,0,26,-141
19940315,0,52,-93
19940316,0,61,-65
19940317,0,100,-74
19940318,0,123,-45
19940319,0,127,-55
19940320,0,88,-4
19940321,0,80,-28
19940322,0,54,-57
19940323,0,64,-38
19940324,0,113,-57
19940325,0,62,-85
19940326,0,117,-83
19940327,0,148,-12
19940328,0,152,-15
19940329,0,175,-11
19940330,0,182,14
19940331,11,163,25
19940401,0,182,-7
19940402,0,192,19
19940403,0,190,28
19940404,0,236,29
19940405,0,234,47
19940406,0,225,78
19940407,0,215,86
19940408,77,165,47
19940409,61,57,16
19940410,0,78,26
19940411,5,84,35
19940412,0,84,-26
19940413,0,123,-9
19940414,0,165,-2
19940415,0,191,14
19940416,0,215,24
19940417,0,203,68
19940418,0,149,69
19940419,0,238,89
19940420,0,132,44
19940421,0,184,55
19940422,0,150,92
19940423,0,183,3
19940424,0,195,42
19940425,0,224,59
19940426,0,195,71
19940427,0,217,63
19940428,0,235,107
19940429,0,285,139
19940430,0,340,133
19940501,0,277,153
19940502,126,169,12
19940503,29,95,1
19940504,0,141,17
19940505,0,174,42
19940506,0,198,83
19940507,0,237,101
19940508,0,272,102
19940509,0,245,156
19940510,0,216,75
19940511,0,291,111
19940512,0,274,176
19940513,0,260,127
19940514,0,258,127
19940515,0,278,122
19940516,0,235,112
19940517,0,221,43
19940518,0,290,59
19940519,0,261,158
19940520,0,207,70
19940521,0,270,58
19940522,0,286,111
19940523,0,240,128
19940524,0,231,123
19940525,0,199,68
19940526,0,230,81
19940527,0,266,72
19940528,0,286,117
19940529,0,300,113
19940530,0,314,166
19940531,0,323,125
19940601,0,316,163
19940602,0,282,181
19940603,0,238,85
19940604,0,225,129
19940605,0,250,119
19940606,0,267,121
19940607,0,257,157
19940608,0,259,123
19940609,0,281,122
19940610,24,260,143
19940611,0,272,104
19940612,0,296,123
19940613,0,306,144
19940614,0,297,153
19940615,0,271,172
19940616,12,248,152
19940617,0,286,134
19940618,0,299,147
19940619,0,276,172
19940620,14,240,151
19940621,52,232,137
19940622,6,294,153
19940623,2,284,181
19940624,0,283,156
19940625,0,297,122
19940626,0,284,174
19940627,0,262,176
19940628,113,231,147
19940629,13,238,147
19940630,1,235,164
19940701,11,269,130
19940702,0,270,147
19940703,0,291,153
19940704,0,329,153
19940705,2,330,186
19940706,3,306,181
19940707,47,225,180
19940708,0,287,154
19940709,46,306,166
19940710,2,290,157
19940711,0,275,170
19940712,9,290,143
19940713,6,293,151
19940714,0,323,157
19940715,0,325,190
19940716,0,321,184
19940717,18,320,191
19940718,33,310,173
19940719,0,335,174
19940720,0,304,180
19940721,0,325,193
19940722,0,302,201
19940723,0,281,172
19940724,0,310,166
19940725,168,308,182
19940726,164,242,180
19940727,32,227,161
19940728,0,273,151
19940729,0,305,143
19940730,0,315,162
19940731,0,311,180
19940801,0,334,190
19940802,93,269,166
19940803,0,310,162
19940804,196,283,141
19940805,13,243,141
19940806,23,267,141
19940807,0,238,151
19940808,39,262,147
19940809,0,302,152
19940810,0,263,190
19940811,0,285,150
19940812,49,262,159
19940813,0,226,141
19940814,0,275,127
19940815,0,295,130
19940816,0,289,151
19940817,0,298,198
19940818,0,289,176
19940819,11,252,176
19940820,191,195,134
19940821,0,230,100
19940822,0,266,132
19940823,47,248,167
19940824,0,280,117
19940825,0,270,141
19940826,0,280,132
19940827,0,275,146
19940828,21,262,147
19940829,0,265,147
19940830,0,266,176
19940831,0,265,166
19940901,0,277,169
19940902,0,288,181
19940903,83,244,172
19940904,0,213,104
19940905,0,244,63
19940906,0,288,99
19940907,0,281,174
19940908,92,235,96
19940909,0,184,82
19940910,0,192,68
19940911,0,184,50
19940912,0,220,53
19940913,0,222,96
19940914,0,205,123
19940915,27,175,107
19940916,28,180,101
19940917,0,186,99
19940918,0,208,74
19940919,0,180,55
19940920,0,186,51
19940921,0,184,84
19940922,0,197,33
19940923,0,220,39
19940924,8,178,103
19940925,0,170,73
19940926,0,198,17
19940927,0,201,52
19940928,0,163,54
19940929,0,200,1
19940930,0,234,33
19941001,0,163,57
19941002,0,123,-4
19941003,0,101,-28
19941004,0,143,-40
19941005,0,171,-15
19941006,0,193,-4
19941007,0,182,20
19941008,14,152,89
19941009,8,160,80
19941010,71,146,56
19941011,7,129,57
19941012,0,146,17
19941013,0,178,1
19941014,0,129,80
19941015,0,82,17
19941016,0,43,10
19941017,0,94,-25
19941018,0,66,25
19941019,1,39,-20
19941020,0,81,-56
19941021,0,110,-55
19941022,0,130,-45
19941023,0,163,-22
19941024,0,128,-20
19941025,0,165,-11
19941026,0,102,15
19941027,0,52,-12
19941028,0,81,-91
19941029,0,93,-51
19941030,0,114,-59
19941031,0,134,-55
19941101,0,121,-4
19941102,0,120,-10
19941103,0,144,-21
19941104,50,121,45
19941105,0,139,-2
19941106,0,148,-8
19941107,0,175,-16
19941108,0,171,7
19941109,0,101,-11
19941110,0,161,-14
19941111,0,150,20
19941112,0,105,-25
19941113,12,56,23
19941114,3,27,10
19941115,0,37,-5
19941116,0,73,-6
19941117,0,104,-28
19941118,0,102,-41
19941119,0,110,-55
19941120,0,101,-42
19941121,0,91,-45
19941122,0,116,-37
19941123,0,116,-28
19941124,0,85,-65
19941125,0,93,-56
19941126,0,94,-76
19941127,0,54,-81
19941128,0,64,-104
19941129,0,23,-58
19941130,0,66,-44
19941201,0,15,-97
19941202,0,17,-147
19941203,0,45,-106
19941204,0,50,-97
19941205,0,89,-108
19941206,0,99,-52
19941207,0,114,-35
19941208,0,59,-30
19941209,4,39,-85
19941210,1,5,-55
19941211,0,-16,-89
19941212,0,-37,-140
19941213,0,-26,-151
19941214,0,-40,-148
19941215,0,-41,-156
19941216,0,-10,-150
19941217,0,8,-142
19941218,19,-36,-113
19941219,10,-61,-119
19941220,0,-83,-185
19941221,0,-47,-212
19941222,0,11,-209
19941223,0,8,-150
19941224,0,-57,-156
19941225,0,-47,-165
19941226,0,-54,-185
19941227,0,-40,-177
19941228,0,-23,-165
19941229,0,2,-155
19941230,0,-84,-170
19941231,0,-67,-215
19950101,0,-67,-222
19950102,0,-54,-170
19950103,0,-50,-185
19950104,0,-25,-133
19950105,0,10,-106
19950106,0,30,-133
19950107,0,27,-165
19950108,0,-23,-104
19950109,0,-73,-191
19950110,0,-27,-186
19950111,0,-38,-177
19950112,0,-51,-159
19950113,0,-67,-192
19950114,0,-14,-184
19950115,0,-15,-164
19950116,0,11,-172
19950117,0,0,-145
19950118,0,-74,-145
19950119,1,-35,-144
19950120,0,-36,-118
19950121,0,-60,-147
19950122,0,-40,-112
19950123,0,-59,-158
19950124,0,-11,-170
19950125,0,-42,-175
19950126,0,-16,-171
19950127,0,-13,-151
19950128,0,-11,-179
19950129,0,-19,-130
19950130,0,-7,-175
19950131,0,-16,-176
19950201,0,-16,-156
19950202,0,-53,-160
19950203,0,-75,-195
19950204,0,-42,-208
19950205,0,0,-207
19950206,0,54,-174
19950207,0,51,-130
19950208,0,34,-103
19950209,0,39,-135
19950210,0,78,-120
19950211,0,69,-81
19950212,0,77,-76
19950213,0,14,-101
19950214,0,37,-128
19950215,0,33,-120
19950216,0,55,-127
19950217,0,83,-112
19950218,0,87,-98
19950219,0,65,-50
19950220,0,40,-15
19950221,0,21,-31
19950222,0,23,-86
19950223,0,9,-57
19950224,0,7,-93
19950225,0,38,-125
19950226,0,46,-88
19950227,1,0,-115
19950228,0,81,-130
19950301,0,73,-96
19950302,0,40,-86
19950303,0,19,-118
19950304,0,59,-134
19950305,0,79,-84
19950306,0,99,-58
19950307,0,119,-75
19950308,0,50,-36
19950309,0,32,-117
19950310,0,68,-120
19950311,0,25,-113
19950312,0,109,-105
19950313,0,111,-54
19950314,0,113,-60
19950315,1,74,-30
19950316,0,-29,-104
19950317,0,17,-138
19950318,0,76,-100
19950319,0,121,-86
19950320,0,131,-38
19950321,0,177,-28
19950322,0,165,3
19950323,0,98,24
19950324,0,59,-22
19950325,0,75,-110
19950326,0,146,-78
19950327,0,144,-10
19950328,0,155,35
19950329,0,155,-15
19950330,0,114,10
19950331,0,112,-66
19950401,0,143,-45
19950402,0,64,-100
19950403,0,126,-71
19950404,0,143,-9
19950405,0,152,33
19950406,0,117,-36
19950407,0,149,11
19950408,0,85,-35
19950409,0,82,-79
19950410,0,78,-50
19950411,0,110,-55
19950412,0,173,-37
19950413,0,146,75
19950414,0,189,-14
19950415,0,109,51
19950416,0,154,-6
19950417,0,132,10
19950418,0,120,-55
19950419,0,185,-20
19950420,3,172,64
19950421,0,122,30
19950422,0,106,-12
19950423,0,118,8
19950424,0,154,-35
19950425,0,144,-45
19950426,0,187,65
19950427,0,210,28
19950428,0,208,56
19950429,0,228,4
19950430,0,208,86
19950501,0,192,40
19950502,0,167,-29
19950503,0,136,-7
19950504,0,185,-8
19950505,0,217,38
19950506,0,265,60
19950507,0,282,100
19950508,0,228,99
19950509,7,118,31
19950510,0,152,-9
19950511,0,254,47
19950512,0,203,109
19950513,0,191,62
19950514,3,187,74
19950515,0,250,64
19950516,0,251,116
19950517,0,266,69
19950518,0,236,143
19950519,0,175,84
19950520,0,174,72
19950521,0,199,85
19950522,0,265,66
19950523,0,296,116
19950524,0,263,150
19950525,0,223,105
19950526,0,261,91
19950527,0,287,153
19950528,0,243,100
19950529,0,253,92
19950530,0,301,112
19950531,0,302,117
19950601,0,277,190
19950602,0,272,155
19950603,0,263,119
19950604,0,292,140
19950605,0,316,182
19950606,0,282,174
19950607,6,282,144
19950608,0,307,122
19950609,0,245,145
19950610,0,292,105
19950611,0,297,136
19950612,0,306,159
19950613,2,276,166
19950614,0,244,111
19950615,34,277,132
19950616,53,185,116
19950617,0,230,115
19950618,0,262,108
19950619,0,298,136
19950620,40,254,135
19950621,0,257,182
19950622,0,278,124
19950623,0,306,135
19950624,0,279,161
19950625,0,266,135
19950626,0,306,133
19950627,0,332,181
19950628,0,306,168
19950629,0,289,137
19950630,0,269,132
19950701,0,257,112
19950702,0,278,133
19950703,0,308,146
19950704,0,331,148
19950705,0,321,186
19950706,0,326,185
19950707,0,327,190
19950708,0,344,186
19950709,0,340,186
19950710,0,305,198
19950711,2,270,166
19950712,23,224,166
19950713,302,203,165
19950714,80,252,155
19950715,0,269,174
19950716,11,295,178
19950717,232,206,160
19950718,0,223,147
19950719,0,266,141
19950720,0,294,165
19950721,0,316,187
19950722,0,230,148
19950723,0,268,126
19950724,0,265,176
19950725,0,288,163
19950726,0,313,175
19950727,0,309,213
19950728,290,296,205
19950729,0,256,178
19950730,0,296,171
19950731,18,270,167
19950801,206,172,154
19950802,5,245,156
19950803,0,277,142
19950804,0,296,181
19950805,370,267,154
19950806,0,265,139
19950807,0,283,160
19950808,0,289,174
19950809,0,299,184
19950810,10,272,160
19950811,21,204,135
19950812,0,277,131
19950813,1,253,151
19950814,0,275,143
19950815,35,245,163
19950816,208,238,161
19950817,0,200,131
19950818,0,236,122
19950819,0,253,118
19950820,0,258,128
19950821,0,244,135
19950822,0,253,124
19950823,0,276,128
19950824,0,279,139
19950825,18,246,160
19950826,114,223,145
19950827,0,243,129
19950828,0,218,138
19950829,0,231,132
19950830,0,248,140
19950831,1052,216,158
19950901,5,216,169
19950902,0,211,175
19950903,35,200,169
19950904,0,233,170
19950905,41,218,190
19950906,7,205,118
19950907,14,124,103
19950908,40,146,98
19950909,0,183,90
19950910,0,177,40
19950911,0,198,57
19950912,0,233,104
19950913,0,247,85
19950914,8,249,112
19950915,17,219,125
19950916,0,227,102
19950917,0,237,109
19950918,122,193,125
19950919,0,217,85
19950920,0,234,96
19950921,0,241,105
19950922,0,251,107
19950923,0,131,-3
19950924,0,138,-13
19950925,0,125,-4
19950926,0,153,-12
19950927,0,206,33
19950928,0,219,54
19950929,0,239,55
19950930,0,210,114
19951001,148,187,51
19951002,0,122,28
19951003,0,159,33
19951004,0,131,9
19951005,0,107,-5
19951006,0,164,13
19951007,0,167,26
19951008,0,188,29
19951009,0,208,50
19951010,0,222,73
19951011,0,226,66
19951012,0,219,80
19951013,0,176,94
19951014,0,171,36
19951015,0,205,49
19951016,0,177,66
19951017,0,147,25
19951018,0,159,16
19951019,2,121,72
19951020,0,143,68
19951021,13,111,64
19951022,0,99,45
19951023,0,101,-2
19951024,0,118,-35
19951025,0,152,-5
19951026,0,116,11
19951027,0,157,12
19951028,0,123,6
19951029,0,84,-34
19951030,0,43,-16
19951031,0,81,-46
19951101,0,85,-65
19951102,0,107,-58
19951103,0,124,-29
19951104,0,130,-10
19951105,0,150,-20
19951106,0,91,-44
19951107,0,13,-117
19951108,0,95,-90
19951109,0,88,-21
19951110,0,91,-94
19951111,0,116,-64
19951112,0,101,-48
19951113,0,98,-13
19951114,0,114,-60
19951115,0,101,-48
19951116,0,115,-64
19951117,0,108,-27
19951118,0,47,-40
19951119,0,3,-114
19951120,0,44,-113
19951121,0,34,-100
19951122,0,-20,-88
19951123,0,-15,-150
19951124,0,44,-111
19951125,0,40,-55
19951126,0,44,-116
19951127,0,60,-101
19951128,0,68,-95
19951129,0,66,-74
19951130,0,40,-76
19951201,0,20,-95
19951202,0,-5,-120
19951203,0,-6,-137
19951204,0,2,-95
19951205,0,-22,-155
19951206,0,-18,-163
19951207,0,-4,-175
19951208,0,11,-134
19951209,0,35,-120
19951210,0,21,-78
19951211,0,35,-134
19951212,0,-10,-86
19951213,1,-13,-109
19951214,0,-46,-133
19951215,0,-2,-149
19951216,0,-56,-146
19951217,0,-45,-189
19951218,0,-13,-169
19951219,0,0,-149
19951220,0,29,-155
19951221,0,10,-134
19951222,0,-15,-169
19951223,0,-46,-116
19951224,0,-26,-176
19951225,0,-8,-89
19951226,0,-27,-149
19951227,0,-57,-160
19951228,0,-16,-136
19951229,0,5,-159
19951230,0,10,-108
19951231,0,49,-105
19960101,0,35,-85
19960102,0,5,-118
19960103,0,27,-158
19960104,0,16,-110
19960105,0,38,-101
19960106,0,35,-119
19960107,0,-49,-154
19960108,0,-75,-219
19960109,0,-27,-174
19960110,0,5,-175
19960111,0,35,-112
19960112,17,-3,-93
19960113,0,-68,-166
19960114,0,-79,-193
19960115,0,-82,-191
19960116,0,-91,-210
19960117,0,-95,-193
19960118,0,-87,-198
19960119,0,-43,-198
19960120,0,-61,-190
19960121,0,-31,-187
19960122,0,-18,-158
19960123,0,-47,-208
19960124,0,-39,-166
19960125,0,-5,-163
19960126,0,-47,-130
19960127,0,-17,-163
19960128,0,-11,-149
19960129,0,1,-104
19960130,0,-48,-160
19960131,0,-72,-196
19960201,0,-46,-206
19960202,0,8,-165
19960203,0,13,-144
19960204,0,-15,-147
19960205,0,30,-145
19960206,0,-15,-119
19960207,0,-39,-159
19960208,0,-49,-183
19960209,0,28,-178
19960210,0,40,-147
19960211,0,82,-114
19960212,0,130,-70
19960213,0,130,-53
19960214,0,66,-55
19960215,0,-2,-98
19960216,0,-62,-109
19960217,0,-50,-138
19960218,0,-55,-173
19960219,0,-67,-171
19960220,0,-72,-198
19960221,0,-41,-191
19960222,0,-16,-174
19960223,0,-15,-165
19960224,0,-5,-162
19960225,0,18,-153
19960226,0,-38,-171
19960227,0,42,-172
19960228,0,55,-104
19960229,0,-11,-116
19960301,0,57,-154
19960302,0,46,-113
19960303,0,61,-114
19960304,0,101,-52
19960305,0,154,-70
19960306,0,81,-33
19960307,0,-21,-133
19960308,0,-29,-133
19960309,0,-8,-143
19960310,0,39,-114
19960311,0,37,-109
19960312,0,65,-85
19960313,0,82,-86
19960314,0,98,-57
19960315,0,124,-15
19960316,0,95,-59
19960317,0,12,-99
19960318,0,46,-129
19960319,0,119,-64
19960320,6,87,-9
19960321,0,85,-9
19960322,69,38,-23
19960323,6,-4,-37
19960324,0,35,-87
19960325,0,91,-39
19960326,0,71,-33
19960327,0,101,-15
19960328,0,139,6
19960329,0,142,-7
19960330,0,75,-23
19960331,0,22,-55
19960401,0,28,-94
19960402,0,44,-80
19960403,0,81,-54
19960404,0,139,-50
19960405,21,108,5
19960406,0,96,-15
19960407,0,106,-16
19960408,0,98,-24
19960409,0,96,-18
19960410,0,121,-29
19960411,0,121,24
19960412,6,79,28
19960413,64,92,18
19960414,0,107,-4
19960415,0,161,26
19960416,0,138,37
19960417,0,96,-2
19960418,0,86,27
19960419,0,112,-19
19960420,0,119,-14
19960421,0,182,-6
19960422,0,239,39
19960423,0,209,70
19960424,0,162,21
19960425,0,220,6
19960426,0,237,85
19960427,9,180,81
19960428,3,182,96
19960429,0,238,60
19960430,0,189,112
19960501,0,161,9
19960502,0,170,80
19960503,91,208,70
19960504,0,250,60
19960505,31,215,124
19960506,0,167,80
19960507,0,132,31
19960508,0,187,26
19960509,0,162,49
19960510,0,126,21
19960511,0,167,14
19960512,0,200,39
19960513,0,222,76
19960514,0,208,133
19960515,8,159,92
19960516,36,182,78
19960517,0,224,75
19960518,0,219,125
19960519,0,246,110
19960520,0,251,100
19960521,0,264,130
19960522,6,233,108
19960523,2,184,99
19960524,0,256,84
19960525,0,288,139
19960526,0,262,120
19960527,0,271,125
19960528,0,273,115
19960529,0,280,155
19960530,1,273,164
19960531,23,229,150
19960601,0,239,110
19960602,0,270,120
19960603,0,255,165
19960604,5,177,124
19960605,7,228,100
19960606,70,208,88
19960607,0,249,131
19960608,0,250,128
19960609,0,296,115
19960610,0,250,143
19960611,0,297,96
19960612,0,316,159
19960613,0,303,184
19960614,0,329,179
19960615,0,286,160
19960616,0,253,166
19960617,0,289,126
19960618,110,260,146
19960619,0,181,114
19960620,0,237,115
19960621,0,276,110
19960622,0,254,170
19960623,0,263,136
19960624,0,294,130
19960625,1,297,148
19960626,0,287,165
19960627,0,291,150
19960628,1,285,170
19960629,0,299,164
19960630,0,329,136
19960701,0,335,167
19960702,63,306,159
19960703,22,266,143
19960704,0,316,168
19960705,1,312,155
19960706,0,332,171
19960707,0,291,205
19960708,0,253,177
19960709,56,224,153
19960710,3,268,141
19960711,0,273,142
19960712,0,276,155
19960713,6,275,147
19960714,83,265,158
19960715,0,272,131
19960716,0,277,164
19960717,0,288,156
19960718,0,307,167
19960719,1,303,175
19960720,0,282,160
19960721,0,308,146
19960722,0,330,161
19960723,0,339,197
19960724,8,296,202
19960725,4,312,219
19960726,0,302,216
19960727,384,253,199
19960728,96,253,176
19960729,0,257,190
19960730,2,257,172
19960731,156,267,171
19960801,56,239,154
19960802,0,237,152
19960803,0,282,150
19960804,0,256,209
19960805,0,283,187
19960806,0,307,198
19960807,1,272,205
19960808,36,254,166
19960809,8,217,185
19960810,0,264,168
19960811,0,260,145
19960812,0,275,143
19960813,0,292,142
19960814,0,320,148
19960815,0,313,175
19960816,0,307,190
19960817,0,305,187
19960818,0,312,200
19960819,3,243,158
19960820,67,229,170
19960821,42,217,181
19960822,23,181,94
19960823,75,137,105
19960824,96,155,132
19960825,0,197,135
19960826,0,240,135
19960827,0,256,129
19960828,34,266,134
19960829,0,282,116
19960830,0,292,127
19960831,0,281,130
19960901,6,223,100
19960902,0,202,97
19960903,0,214,79
19960904,0,226,95
19960905,0,239,113
19960906,16,248,115
19960907,44,224,117
19960908,0,223,115
19960909,0,253,84
19960910,0,248,114
19960911,0,284,115
19960912,0,278,135
19960913,0,296,104
19960914,2,230,141
19960915,0,231,114
19960916,0,203,70
19960917,0,236,72
19960918,0,217,95
19960919,0,207,35
19960920,0,243,51
19960921,0,262,89
19960922,0,264,80
19960923,0,272,74
19960924,0,277,90
19960925,0,275,104
19960926,0,248,103
19960927,0,187,125
19960928,80,229,85
19960929,2,190,114
19960930,0,221,110
19961001,244,169,94
19961002,0,190,36
19961003,0,219,51
19961004,49,164,17
19961005,0,97,7
19961006,0,123,12
19961007,0,145,2
19961008,0,173,11
19961009,0,174,21
19961010,0,194,32
19961011,7,198,80
19961012,38,197,65
19961013,22,165,62
19961014,0,180,52
19961015,0,190,24
19961016,63,135,85
19961017,0,186,36
19961018,0,203,37
19961019,0,170,56
19961020,0,187,50
19961021,0,145,80
19961022,12,120,32
19961023,0,111,-9
19961024,0,132,-14
19961025,0,73,-44
19961026,0,157,-30
19961027,0,177,13
19961028,0,168,31
19961029,0,167,33
19961030,0,199,11
19961031,0,99,7
19961101,0,90,-18
19961102,0,129,-19
19961103,37,114,-10
19961104,27,119,7
19961105,0,73,-5
19961106,0,56,-24
19961107,0,41,23
19961108,0,116,11
19961109,0,144,-18
19961110,0,130,-8
19961111,0,53,-60
19961112,0,-4,-111
19961113,0,21,-89
19961114,0,8,-75
19961115,11,37,-77
19961116,19,-18,-95
19961117,0,-10,-97
19961118,0,35,-98
19961119,0,45,-45
19961120,0,39,-47
19961121,0,21,-63
19961122,0,20,-75
19961123,0,50,-93
19961124,0,58,-74
19961125,0,48,-57
19961126,0,-5,-110
19961127,0,5,-139
19961128,0,-51,-124
19961129,0,-62,-158
19961130,0,-53,-159
19961201,0,14,-162
19961202,0,40,-134
19961203,0,33,-108
19961204,0,-28,-126
19961205,0,-107,-182
19961206,0,-44,-116
19961207,0,-7,-153
19961208,0,-28,-103
19961209,0,-21,-83
19961210,0,-3,-105
19961211,0,11,-101
19961212,0,37,-104
19961213,0,59,-79
19961214,0,66,-112
19961215,0,6,-69
19961216,0,-26,-129
19961217,0,-75,-201
19961218,0,-40,-194
19961219,0,-4,-166
19961220,0,-2,-105
19961221,0,38,-80
19961222,0,25,-126
19961223,0,76,-85
19961224,0,61,-46
19961225,0,72,-101
19961226,0,58,-104
19961227,0,67,-94
19961228,0,69,-93
19961229,0,99,-90
19961230,0,68,-13
19961231,0,38,-131
19970101,0,-61,-203
19970102,0,13,-158
19970103,0,30,-99
19970104,13,-7,-172
19970105,0,-44,-217
19970106,0,-18,-203
19970107,0,10,-174
19970108,2,-26,-90
19970109,0,-15,-184
19970110,0,3,-156
19970111,0,49,-137
19970112,0,52,-119
19970113,0,-23,-185
19970114,0,-42,-148
19970115,0,-4,-170
19970116,0,-26,-135
19970117,0,-49,-199
19970118,0,26,-175
19970119,0,56,-137
19970120,0,57,-102
19970121,0,13,-113
19970122,0,-36,-115
19970123,0,-42,-179
19970124,0,-24,-200
19970125,0,-11,-164
19970126,0,7,-124
19970127,0,-11,-98
19970128,0,9,-135
19970129,0,44,-135
19970130,0,28,-111
19970131,0,50,-134
19970201,0,45,-108
19970202,0,-1,-98
19970203,37,-4,-41
19970204,3,-17,-94
19970205,0,-36,-177
19970206,0,2,-129
19970207,0,30,-147
19970208,0,22,-130
19970209,0,-34,-134
19970210,0,-51,-176
19970211,0,-4,-175
19970212,0,6,-148
19970213,0,35,-150
19970214,0,19,-78
19970215,0,-22,-142
19970216,0,6,-155
19970217,0,25,-126
19970218,0,34,-131
19970219,0,54,-128
19970220,0,54,-92
19970221,0,42,-91
19970222,0,80,-63
19970223,0,71,-80
19970224,0,73,-73
19970225,0,93,-61
19970226,0,66,-34
19970227,0,38,-15
19970228,0,43,-96
19970301,0,-11,-87
19970302,0,30,-129
19970303,0,89,-109
19970304,0,126,-73
19970305,0,81,-37
19970306,0,91,-43
19970307,0,133,-67
19970308,0,136,-52
19970309,0,190,-16
19970310,0,135,-30
19970311,0,132,17
19970312,7,144,65
19970313,70,99,19
19970314,2,66,8
19970315,0,109,-11
19970316,0,129,-12
19970317,0,76,18
19970318,52,62,4
19970319,0,78,5
19970320,25,82,5
19970321,0,93,15
19970322,0,91,-7
19970323,0,103,-1
19970324,0,126,35
19970325,0,100,-9
19970326,0,111,-16
19970327,0,142,29
19970328,0,156,16
19970329,0,145,54
19970330,0,204,-9
19970331,0,180,56
19970401,0,191,46
19970402,0,108,29
19970403,0,102,25
19970404,0,138,-16
19970405,0,166,-10
19970406,21,208,16
19970407,56,108,-5
19970408,0,36,-37
19970409,0,58,-37
19970410,0,104,-4
19970411,0,132,-16
19970412,0,165,26
19970413,0,162,16
19970414,0,167,36
19970415,0,155,55
19970416,0,153,31
19970417,0,158,7
19970418,0,203,26
19970419,0,215,76
19970420,0,167,51
19970421,0,164,39
19970422,0,174,75
19970423,0,150,71
19970424,0,181,-25
19970425,0,191,28
19970426,0,229,55
19970427,0,240,92
19970428,0,195,108
19970429,0,248,60
19970430,0,287,67
19970501,0,309,110
19970502,0,307,121
19970503,0,314,145
19970504,0,296,131
19970505,6,295,135
19970506,2,288,147
19970507,0,184,36
19970508,0,203,54
19970509,9,204,102
19970510,6,152,92
19970511,0,212,90
19970512,107,200,126
19970513,46,226,115
19970514,0,203,111
19970515,0,186,72
19970516,0,222,65
19970517,0,265,100
19970518,0,233,77
19970519,0,196,64
19970520,0,208,72
19970521,0,238,90
19970522,0,241,145
19970523,0,254,91
19970524,0,261,105
19970525,13,238,135
19970526,26,253,68
19970527,0,211,89
19970528,0,215,55
19970529,0,196,82
19970530,0,250,118
19970531,0,219,114
19970601,0,205,39
19970602,14,205,106
19970603,0,259,65
19970604,0,319,163
19970605,0,303,153
19970606,3,320,185
19970607,0,227,92
19970608,0,216,54
19970609,0,221,84
19970610,0,256,108
19970611,0,296,98
19970612,0,299,125
19970613,0,299,142
19970614,0,289,176
19970615,0,294,146
19970616,0,266,168
19970617,0,275,115
19970618,0,294,110
19970619,0,310,144
19970620,0,327,160
19970621,0,317,165
19970622,0,320,166
19970623,0,323,162
19970624,0,319,161
19970625,0,338,165
19970626,0,327,209
19970627,37,292,188
19970628,0,293,160
19970629,0,314,186
19970630,0,297,186
19970701,38,277,205
19970702,44,229,148
19970703,13,212,148
19970704,0,261,140
19970705,0,285,149
19970706,8,313,167
19970707,0,314,156
19970708,0,328,175
19970709,0,320,175
19970710,0,295,180
19970711,0,303,173
19970712,0,301,162
19970713,0,308,180
19970714,0,320,165
19970715,0,304,219
19970716,0,316,190
19970717,48,244,162
19970718,25,274,165
19970719,1,312,152
19970720,0,341,173
19970721,0,355,190
19970722,0,368,226
19970723,0,334,222
19970724,0,334,214
19970725,131,315,200
19970726,93,231,187
19970727,0,285,188
19970728,0,295,203
19970729,58,244,170
19970730,22,213,167
19970731,61,188,150
19970801,0,260,135
19970802,0,275,143
19970803,0,263,182
19970804,0,282,200
19970805,12,272,216
19970806,39,239,198
19970807,0,282,181
19970808,0,272,154
19970809,1,269,132
19970810,0,294,128
19970811,0,339,151
19970812,0,323,196
19970813,82,291,186
19970814,77,234,155
19970815,0,221,141
19970816,0,250,129
19970817,0,272,136
19970818,0,296,136
19970819,0,299,141
19970820,0,305,139
19970821,0,314,150
19970822,0,311,161
19970823,0,323,151
19970824,0,332,164
19970825,0,333,181
19970826,0,331,207
19970827,0,304,195
19970828,0,306,170
19970829,0,321,204
19970830,0,317,205
19970831,17,259,155
19970901,0,169,62
19970902,0,220,58
19970903,0,273,81
19970904,0,306,104
19970905,0,316,157
19970906,0,309,146
19970907,0,329,159
19970908,0,324,174
19970909,0,268,173
19970910,0,230,134
19970911,8,169,101
19970912,0,213,103
19970913,0,195,106
19970914,0,197,81
19970915,4,184,96
19970916,0,159,31
19970917,0,152,69
19970918,0,181,20
19970919,0,136,32
19970920,0,138,-10
19970921,0,184,-13
19970922,0,205,27
19970923,0,212,45
19970924,0,164,61
19970925,0,121,33
19970926,0,147,-11
19970927,0,188,2
19970928,0,206,23
19970929,0,227,43
19970930,0,240,55
19971001,0,242,95
19971002,0,160,17
19971003,0,89,-36
19971004,0,118,-36
19971005,0,165,-26
19971006,0,154,20
19971007,0,190,18
19971008,0,210,10
19971009,0,206,41
19971010,0,214,19
19971011,0,209,20
19971012,0,199,28
19971013,0,191,24
19971014,0,197,6
19971015,0,169,50
19971016,0,164,-9
19971017,0,174,9
19971018,0,190,26
19971019,0,183,73
19971020,0,199,46
19971021,0,220,23
19971022,0,180,53
19971023,0,93,-36
19971024,0,20,-75
19971025,0,53,-95
19971026,0,68,-114
19971027,0,74,-80
19971028,0,83,-83
19971029,0,103,-52
19971030,0,93,-56
19971031,0,106,-56
19971101,0,128,-27
19971102,0,104,-44
19971103,0,105,0
19971104,0,117,-73
19971105,0,138,-51
19971106,0,129,-41
19971107,0,134,-40
19971108,0,139,-19
19971109,0,129,-40
19971110,53,75,38
19971111,53,63,-17
19971112,1,14,-22
19971113,0,60,-42
19971114,0,87,-45
19971115,1,38,-123
19971116,0,-64,-156
19971117,0,6,-144
19971118,0,13,-118
19971119,0,52,-99
19971120,0,47,-72
19971121,0,73,-88
19971122,0,69,-67
19971123,0,129,-35
19971124,0,98,-41
19971125,0,28,-70
19971126,0,1,-134
19971127,0,21,-94
19971128,0,26,-74
19971129,0,40,-88
19971130,0,-16,-126
19971201,0,-69,-195
19971202,0,-23,-185
19971203,0,14,-120
19971204,0,40,-113
19971205,0,-14,-74
19971206,0,-3,-67
19971207,0,-67,-135
19971208,0,-25,-156
19971209,0,-91,-178
19971210,0,-51,-188
19971211,0,-38,-166
19971212,0,-10,-174
19971213,0,-16,-155
19971214,0,37,-150
19971215,0,42,-117
19971216,0,16,-50
19971217,0,42,-97
19971218,0,89,-95
19971219,0,44,-75
19971220,0,53,-88
19971221,0,45,-90
19971222,0,37,-114
19971223,0,30,-109
19971224,0,-9,-88
19971225,0,-6,-112
19971226,0,4,-134
19971227,0,-10,-109
19971228,0,-3,-134
19971229,0,5,-118
19971230,0,34,-132
19971231,0,-10,-78
19980101,0,10,-127
19980102,0,-9,-119
19980103,0,-68,-188
19980104,0,-69,-216
19980105,0,-27,-146
19980106,0,-27,-169
19980107,0,-13,-131
19980108,0,34,-159
19980109,0,14,-112
19980110,0,0,-78
19980111,0,17,-62
19980112,0,29,-133
19980113,0,-19,-116
19980114,16,-68,-165
19980115,4,-50,-171
19980116,3,-59,-155
19980117,0,-149,-252
19980118,0,-148,-264
19980119,0,-106,-254
19980120,0,-68,-195
19980121,0,-45,-201
19980122,0,-70,-195
19980123,0,-83,-196
19980124,0,-65,-225
19980125,0,-25,-220
19980126,0,-16,-154
19980127,0,-59,-123
19980128,0,-24,-194
19980129,0,58,-155
19980130,0,14,-121
19980131,0,23,-101
19980201,0,-21,-86
19980202,0,2,-73
19980203,0,-44,-153
19980204,0,-33,-172
19980205,0,-8,-172
19980206,0,5,-110
19980207,0,-47,-169
19980208,0,37,-141
19980209,0,9,-118
19980210,0,105,-106
19980211,0,88,7
19980212,0,34,-26
19980213,0,10,-76
19980214,0,73,-93
19980215,0,94,-64
19980216,0,106,-52
19980217,2,40,-13
19980218,0,0,-36
19980219,3,7,-29
19980220,4,24,-27
19980221,0,63,-58
19980222,1,55,-13
19980223,0,68,-8
19980224,80,80,-1
19980225,5,50,-11
19980226,0,70,-56
19980227,0,58,-64
19980228,0,83,-46
19980301,0,84,-30
19980302,0,95,-26
19980303,0,109,-39
19980304,0,131,4
19980305,0,136,-8
19980306,0,108,2
19980307,0,76,-14
19980308,1,12,-29
19980309,2,54,-9
19980310,0,27,-23
19980311,0,58,-81
19980312,0,62,-54
19980313,2,49,-13
19980314,4,32,-102
19980315,2,76,-36
19980316,0,125,-9
19980317,0,191,-1
19980318,0,140,-74
19980319,0,-64,-130
19980320,0,-59,-126
19980321,0,4,-150
19980322,0,35,-86
19980323,0,72,-67
19980324,0,102,-60
19980325,0,119,-33
19980326,0,140,-6
19980327,0,143,19
19980328,0,173,22
19980329,0,139,29
19980330,0,119,4
19980331,27,70,0
19980401,40,96,-1
19980402,0,153,-8
19980403,0,189,43
19980404,0,158,68
19980405,0,155,47
19980406,2,142,69
19980407,0,196,35
19980408,0,217,53
19980409,0,265,86
19980410,0,212,111
19980411,2,125,50
19980412,0,191,16
19980413,0,146,15
19980414,0,200,24
19980415,0,189,70
19980416,0,166,25
19980417,0,256,50
19980418,0,285,111
19980419,0,284,107
19980420,0,292,108
19980421,0,284,145
19980422,0,245,145
19980423,0,154,15
19980424,0,157,-18
19980425,0,241,36
19980426,0,278,101
19980427,0,291,165
19980428,0,254,137
19980429,0,163,105
19980430,61,154,110
19980501,0,179,91
19980502,0,172,30
19980503,0,229,76
19980504,0,250,103
19980505,22,220,103
19980506,6,217,90
19980507,0,201,86
19980508,30,190,102
19980509,163,112,87
19980510,0,109,54
19980511,4,184,59
19980512,0,219,69
19980513,0,214,107
19980514,0,217,109
19980515,26,195,95
19980516,0,206,88
19980517,0,256,92
19980518,0,283,120
19980519,0,290,138
19980520,0,256,166
19980521,165,184,61
19980522,0,187,55
19980523,0,166,108
19980524,0,177,46
19980525,0,213,60
19980526,0,234,91
19980527,0,203,117
19980528,0,190,18
19980529,0,230,82
19980530,0,238,96
19980531,0,225,102
19980601,0,239,146
19980602,0,253,104
19980603,0,222,93
19980604,0,230,101
19980605,0,267,98
19980606,0,299,127
19980607,0,269,164
19980608,0,266,116
19980609,0,273,141
19980610,0,276,136
19980611,386,250,133
19980612,16,214,132
19980613,0,274,141
19980614,0,291,159
19980615,34,288,183
19980616,0,308,166
19980617,0,276,178
19980618,0,244,118
19980619,0,297,125
19980620,0,299,146
19980621,0,335,164
19980622,0,312,226
19980623,0,293,184
19980624,0,289,152
19980625,0,296,150
19980626,0,332,171
19980627,0,348,167
19980628,0,348,196
19980629,5,349,196
19980630,44,265,171
19980701,0,284,127
19980702,0,321,155
19980703,0,328,179
19980704,70,296,193
19980705,329,214,163
19980706,0,246,147
19980707,0,272,156
19980708,0,276,177
19980709,0,273,171
19980710,0,254,191
19980711,0,245,167
19980712,191,225,177
19980713,0,280,151
19980714,0,303,181
19980715,13,277,191
19980716,95,247,159
19980717,11,307,166
19980718,0,300,154
19980719,0,313,166
19980720,0,331,176
19980721,0,291,165
19980722,0,274,176
19980723,0,294,156
19980724,0,324,168
19980725,0,329,179
19980726,0,295,201
19980727,330,250,168
19980728,72,281,158
19980729,0,287,179
19980730,0,271,175
19980731,0,284,177
19980801,11,281,166
19980802,0,303,151
19980803,40,274,170
19980804,79,289,156
19980805,0,301,154
19980806,2,249,169
19980807,0,244,136
19980808,0,267,147
19980809,0,266,164
19980810,0,286,139
19980811,0,249,160
19980812,0,291,129
19980813,0,295,159
19980814,0,267,167
19980815,0,257,176
19980816,0,276,151
19980817,0,281,166
19980818,0,292,136
19980819,0,300,160
19980820,0,273,188
19980821,0,280,180
19980822,0,297,168
19980823,0,289,171
19980824,43,253,156
19980825,0,245,128
19980826,0,250,121
19980827,0,264,99
19980828,0,270,148
19980829,0,283,115
19980830,0,272,112
19980831,0,257,102
19980901,0,279,107
19980902,29,278,126
19980903,0,304,111
19980904,0,306,131
19980905,0,320,143
19980906,0,328,141
19980907,0,337,136
19980908,0,343,141
19980909,0,350,166
19980910,0,317,161
19980911,0,294,166
19980912,0,268,157
19980913,0,261,171
19980914,1,227,125
19980915,0,214,117
19980916,39,175,125
19980917,0,230,106
19980918,16,182,76
19980919,49,111,67
19980920,0,158,27
19980921,0,184,34
19980922,0,184,86
19980923,0,230,55
19980924,0,245,76
19980925,0,255,145
19980926,0,242,70
19980927,0,272,69
19980928,0,288,88
19980929,0,283,129
19980930,0,238,115
19981001,0,187,90
19981002,0,160,48
19981003,0,207,24
19981004,0,205,50
19981005,0,226,66
19981006,0,240,68
19981007,0,251,76
19981008,0,238,86
19981009,0,228,121
19981010,1,220,85
19981011,0,191,101
19981012,90,163,56
19981013,0,76,32
19981014,0,127,-11
19981015,0,181,-6
19981016,0,137,69
19981017,0,140,2
19981018,0,136,17
19981019,0,161,-7
19981020,0,179,10
19981021,0,148,27
19981022,0,123,-29
19981023,0,160,-11
19981024,0,143,39
19981025,50,98,15
19981026,0,92,-8
19981027,0,137,-24
19981028,0,140,-2
19981029,0,132,25
19981030,0,118,-7
19981031,0,109,-20
19981101,0,131,4
19981102,0,147,-10
19981103,0,163,8
19981104,0,161,-19
19981105,0,157,3
19981106,0,116,-42
19981107,0,143,-1
19981108,0,135,1
19981109,0,130,-32
19981110,0,129,-27
19981111,0,131,-27
19981112,0,154,-20
19981113,0,177,-10
19981114,0,166,-32
19981115,0,93,-16
19981116,0,25,-73
19981117,0,-33,-111
19981118,0,28,-130
19981119,0,67,-92
19981120,0,94,-51
19981121,0,69,-7
19981122,0,108,-60
19981123,0,89,17
19981124,0,93,-55
19981125,0,104,-42
19981126,0,70,-48
19981127,0,49,-78
19981128,0,89,-92
19981129,0,89,-87
19981130,0,85,-83
19981201,0,-10,-127
19981202,0,-38,-141
19981203,0,65,-120
19981204,0,24,-56
19981205,0,55,-108
19981206,0,6,-81
19981207,0,-25,-137
19981208,0,-30,-153
19981209,0,-16,-165
19981210,0,10,-117
19981211,0,28,-144
19981212,0,28,-84
19981213,0,10,-95
19981214,0,24,-91
19981215,0,52,-80
19981216,0,64,-112
19981217,0,63,-86
19981218,0,47,-55
19981219,0,73,-93
19981220,0,125,-76
19981221,0,58,-55
19981222,0,39,-75
19981223,0,25,-123
19981224,0,45,-101
19981225,0,20,-93
19981226,0,55,-117
19981227,0,6,-61
19981228,0,-28,-134
19981229,0,-30,-140
19981230,0,4,-132
19981231,0,24,-142
19990101,0,11,-91
19990102,0,42,-123
19990103,0,55,-130
19990104,0,-2,-113
19990105,0,-24,-91
19990106,0,-55,-133
19990107,0,-74,-195
19990108,0,-71,-194
19990109,0,-46,-180
19990110,0,-52,-141
19990111,0,-58,-211
19990112,0,-56,-142
19990113,0,-102,-200
19990114,0,-74,-201
19990115,0,-16,-197
19990116,0,-16,-193
19990117,0,20,-160
19990118,0,-25,-125
19990119,0,-65,-134
19990120,0,-16,-208
19990121,0,42,-153
19990122,0,75,-121
19990123,0,63,-137
19990124,0,25,-52
19990125,0,56,-110
19990126,0,58,-72
19990127,0,48,-96
19990128,0,45,-65
19990129,0,24,-112
19990130,0,42,-104
19990131,0,27,-108
19990201,0,-25,-129
19990202,0,-19,-143
19990203,0,15,-159
19990204,0,40,-146
19990205,0,56,-110
19990206,0,35,-95
19990207,0,41,-142
19990208,0,87,-90
19990209,0,40,-62
19990210,0,16,-76
19990211,0,20,-78
19990212,0,57,-136
19990213,0,79,-63
19990214,0,37,-58
19990215,0,75,-109
19990216,0,70,-40
19990217,0,27,-92
19990218,0,-83,-174
19990219,0,-25,-182
19990220,0,29,-150
19990221,0,59,-125
19990222,0,87,-101
19990223,0,111,-83
19990224,0,50,-79
19990225,0,44,-76
19990226,0,36,-58
19990227,0,4,-155
19990228,0,84,-78
19990301,0,84,-75
19990302,0,93,-53
19990303,0,136,-59
19990304,0,74,3
19990305,0,100,-91
19990306,0,48,-65
19990307,1,73,-111
19990308,0,45,-82
19990309,0,50,-66
19990310,0,70,-75
19990311,0,128,-63
19990312,0,114,-37
19990313,0,102,-14
19990314,0,132,-36
19990315,0,165,-3
19990316,0,132,18
19990317,0,105,35
19990318,0,82,-16
19990319,5,34,-8
19990320,0,34,-32
19990321,0,-1,-126
19990322,0,97,-91
19990323,0,136,-22
19990324,0,165,-20
19990325,0,100,-7
19990326,0,60,-14
19990327,0,73,-72
19990328,0,115,-61
19990329,0,131,11
19990330,0,177,-24
19990331,0,139,31
19990401,0,76,-23
19990402,0,96,-60
19990403,0,118,12
19990404,0,135,11
19990405,0,127,-16
19990406,0,195,-20
19990407,0,185,20
19990408,0,193,67
19990409,0,222,31
19990410,0,175,90
19990411,0,145,35
19990412,0,116,-39
19990413,0,175,-8
19990414,0,203,31
19990415,0,190,24
19990416,0,203,46
19990417,0,226,48
19990418,0,210,62
19990419,0,234,69
19990420,0,247,92
19990421,0,265,71
19990422,0,227,135
19990423,0,242,77
19990424,20,201,121
19990425,25,125,6
19990426,15,77,-5
19990427,0,142,17
19990428,0,172,10
19990429,0,209,59
19990430,0,189,39
19990501,0,232,95
19990502,6,177,106
19990503,0,192,77
19990504,0,214,61
19990505,0,210,78
19990506,0,232,87
19990507,0,241,81
19990508,0,260,108
19990509,0,241,100
19990510,0,268,74
19990511,0,285,98
19990512,0,287,134
19990513,0,270,133
19990514,0,276,125
19990515,0,245,131
19990516,34,205,133
19990517,159,160,97
19990518,0,156,49
19990519,0,198,61
19990520,0,244,89
19990521,4,245,134
19990522,0,234,119
19990523,0,182,77
19990524,0,174,73
19990525,0,170,66
19990526,0,252,102
19990527,0,284,119
19990528,0,285,130
19990529,0,282,148
19990530,0,273,154
19990531,24,244,112
19990601,0,243,110
19990602,0,266,116
19990603,0,293,145
19990604,0,301,154
19990605,0,273,147
19990606,2,281,162
19990607,0,286,162
19990608,0,281,178
19990609,0,301,166
19990610,26,286,156
19990611,0,316,151
19990612,0,327,174
19990613,0,315,216
19990614,104,282,153
19990615,0,205,170
19990616,21,248,152
19990617,0,290,127
19990618,0,285,152
19990619,0,301,159
19990620,0,277,160
19990621,0,267,160
19990622,0,228,135
19990623,0,257,112
19990624,0,278,136
19990625,0,306,142
19990626,0,323,174
19990627,0,321,180
19990628,0,307,182
19990629,0,293,194
19990630,22,289,184
19990701,11,267,174
19990702,0,261,130
19990703,51,225,145
19990704,0,242,153
19990705,0,277,161
19990706,0,256,169
19990707,13,281,161
19990708,0,298,153
19990709,0,322,172
19990710,122,290,157
19990711,0,217,161
19990712,72,265,133
19990713,0,207,173
19990714,0,259,153
19990715,0,292,161
19990716,11,307,163
19990717,6,325,187
19990718,158,327,184
19990719,0,301,176
19990720,0,284,177
19990721,0,277,165
19990722,0,297,184
19990723,0,324,186
19990724,0,341,189
19990725,0,361,207
19990726,0,350,225
19990727,0,355,221
19990728,0,367,232
19990729,0,356,206
19990730,0,367,211
19990731,1,324,213
19990801,0,322,186
19990802,0,335,179
19990803,0,332,187
19990804,0,333,211
19990805,0,322,212
19990806,167,281,186
19990807,0,291,174
19990808,18,284,167
19990809,0,264,128
19990810,0,289,130
19990811,0,320,166
19990812,0,320,168
19990813,0,313,199
19990814,0,302,188
19990815,0,307,194
19990816,0,320,211
19990817,58,247,189
19990818,8,249,132
19990819,0,271,123
19990820,0,255,113
19990821,0,260,117
19990822,0,294,127
19990823,0,303,133
19990824,0,275,161
19990825,0,240,154
19990826,0,265,150
19990827,0,294,148
19990828,0,313,160
19990829,0,323,135
19990830,0,331,168
19990831,0,315,148
19990901,0,303,172
19990902,4,266,159
19990903,0,238,159
19990904,0,259,135
19990905,29,274,156
19990906,0,285,135
19990907,0,317,148
19990908,0,278,199
19990909,0,283,125
19990910,59,251,154
19990911,0,231,117
19990912,0,242,95
19990913,3,230,147
19990914,0,251,100
19990915,0,262,135
19990916,0,254,94
19990917,0,223,125
19990918,70,195,120
19990919,0,192,81
19990920,94,172,93
19990921,0,147,41
19990922,0,169,27
19990923,0,215,61
19990924,0,207,90
19990925,0,261,99
19990926,0,238,151
19990927,0,165,127
19990928,0,185,94
19990929,0,197,74
19990930,1,180,92
19991001,0,164,78
19991002,0,137,30
19991003,0,152,20
19991004,0,164,68
19991005,0,185,55
19991006,0,177,33
19991007,0,207,34
19991008,0,215,59
19991009,56,171,85
19991010,0,141,51
19991011,0,189,27
19991012,0,190,40
19991013,0,130,11
19991014,0,156,33
19991015,0,86,-5
19991016,0,117,-42
19991017,0,126,-35
19991018,0,159,7
19991019,0,166,31
19991020,0,164,-4
19991021,0,186,5
19991022,0,193,24
19991023,0,209,27
19991024,0,206,33
19991025,0,162,67
19991026,0,184,20
19991027,0,152,31
19991028,0,78,-65
19991029,0,72,-70
19991030,10,58,-12
19991031,0,35,-35
19991101,0,66,-48
19991102,0,98,-58
19991103,0,135,-54
19991104,0,154,-11
19991105,0,150,5
19991106,0,98,32
19991107,0,102,-31
19991108,0,122,-25
19991109,35,90,41
19991110,0,95,21
19991111,0,122,-25
19991112,0,150,-32
19991113,0,84,4
19991114,0,30,-71
19991115,0,61,-50
19991116,0,41,-34
19991117,0,55,-60
19991118,0,65,-91
19991119,0,64,-59
19991120,0,103,-71
19991121,0,132,-72
19991122,0,143,-55
19991123,0,74,-10
19991124,0,47,-44
19991125,0,-7,-122
19991126,0,-59,-175
19991127,0,-39,-133
19991128,0,-14,-139
19991129,0,12,-158
19991130,0,26,-141
19991201,0,40,-131
19991202,0,51,-68
19991203,8,17,-60
19991204,0,-13,-105
19991205,0,1,-117
19991206,0,17,-155
19991207,0,5,-133
19991208,0,30,-56
19991209,0,71,-109
19991210,0,41,-92
19991211,0,51,-110
19991212,0,51,-75
19991213,0,1,-48
19991214,0,15,-79
19991215,0,-4,-97
19991216,0,-18,-147
19991217,0,-49,-144
19991218,0,-88,-198
19991219,0,-113,-224
19991220,0,-98,-181
19991221,0,-100,-223
19991222,0,-51,-189
19991223,0,0,-129
19991224,0,32,-121
19991225,0,50,-65
19991226,0,38,-118
19991227,0,-20,-102
19991228,0,33,-161
19991229,0,31,-85
19991230,0,18,-126
19991231,0,53,-115
20000101,0,0,-82
20000102,0,45,-135
20000103,0,67,-96
20000104,0,14,-62
20000105,0,-30,-111
20000106,0,-109,-199
20000107,0,-55,-204
20000108,0,10,-152
20000109,0,34,-117
20000110,8,27,-96
20000111,23,-27,-95
20000112,0,-45,-177
20000113,0,-44,-169
20000114,0,-38,-185
20000115,0,-46,-158
20000116,0,-47,-176
20000117,0,-20,-173
20000118,0,-70,-146
20000119,0,-53,-244
20000120,0,-27,-192
20000121,47,-51,-94
20000122,0,-52,-202
20000123,0,-116,-234
20000124,0,-112,-229
20000125,0,-140,-257
20000126,0,-132,-288
20000127,0,-76,-243
20000128,0,-82,-228
20000129,0,-119,-241
20000130,0,-117,-273
20000131,0,-123,-227
20000201,0,-86,-197
20000202,0,-98,-271
20000203,0,-43,-235
20000204,0,-48,-181
20000205,0,-7,-154
20000206,0,-47,-150
20000207,0,-31,-185
20000208,0,14,-186
20000209,0,24,-153
20000210,0,16,-107
20000211,0,54,-125
20000212,0,53,-106
20000213,0,-3,-95
20000214,0,-43,-136
20000215,0,8,-164
20000216,0,57,-126
20000217,0,72,-120
20000218,0,47,-23
20000219,0,-10,-99
20000220,0,34,-129
20000221,0,56,-95
20000222,0,33,-76
20000223,0,16,-109
20000224,2,-19,-73
20000225,0,-10,-105
20000226,0,38,-101
20000227,0,50,-117
20000228,0,70,-106
20000229,0,86,-88
20000301,0,98,-70
20000302,0,55,-14
20000303,0,64,-88
20000304,0,30,-70
20000305,0,47,-52
20000306,0,38,-116
20000307,0,21,-111
20000308,0,54,-128
20000309,0,84,-92
20000310,0,84,-34
20000311,0,87,-85
20000312,0,100,-52
20000313,0,118,-45
20000314,0,68,-26
20000315,0,85,-73
20000316,0,90,-79
20000317,0,131,-80
20000318,0,85,-42
20000319,0,144,-33
20000320,0,115,26
20000321,0,115,-48
20000322,0,84,-11
20000323,0,55,-83
20000324,0,97,-89
20000325,0,114,-59
20000326,0,137,-27
20000327,0,103,17
20000328,0,150,-40
20000329,0,213,5
20000330,0,188,31
20000331,0,184,58
20000401,0,169,38
20000402,0,163,41
20000403,0,175,30
20000404,0,125,-13
20000405,0,131,-71
20000406,0,89,3
20000407,0,172,-51
20000408,0,192,61
20000409,0,156,-81
20000410,0,121,-64
20000411,0,180,0
20000412,0,211,39
20000413,0,165,49
20000414,0,92,18
20000415,0,145,-24
20000416,0,194,-11
20000417,0,204,53
20000418,0,217,72
20000419,0,190,48
20000420,0,160,28
20000421,0,151,14
20000422,0,144,-13
20000423,0,183,7
20000424,0,162,72
20000425,0,135,23
20000426,0,163,12
20000427,0,207,18
20000428,0,225,64
20000429,0,180,51
20000430,0,220,32
20000501,0,246,55
20000502,0,245,74
20000503,0,257,53
20000504,0,231,125
20000505,0,210,102
20000506,0,231,70
20000507,0,237,95
20000508,0,217,115
20000509,0,181,47
20000510,0,240,42
20000511,0,215,110
20000512,0,224,51
20000513,0,274,78
20000514,5,229,129
20000515,0,230,105
20000516,0,240,110
20000517,0,196,101
20000518,0,196,71
20000519,0,267,69
20000520,0,306,115
20000521,0,320,113
20000522,0,320,134
20000523,0,319,149
20000524,0,295,159
20000525,0,285,152
20000526,17,169,76
20000527,0,217,51
20000528,0,253,76
20000529,0,244,97
20000530,0,276,148
20000531,0,292,143
20000601,0,284,152
20000602,111,253,147
20000603,15,146,116
20000604,0,188,132
20000605,0,253,126
20000606,24,235,140
20000607,41,230,125
20000608,0,270,107
20000609,0,282,143
20000610,0,300,155
20000611,0,299,156
20000612,0,297,169
20000613,0,304,180
20000614,25,274,176
20000615,0,282,127
20000616,4,297,174
20000617,0,261,174
20000618,0,226,151
20000619,2,217,147
20000620,165,254,155
20000621,1,261,147
20000622,0,291,154
20000623,80,284,194
20000624,0,234,146
20000625,16,204,135
20000626,0,265,135
20000627,33,291,166
20000628,28,255,150
20000629,0,267,164
20000630,0,304,139
20000701,0,328,176
20000702,0,318,195
20000703,21,286,171
20000704,11,277,161
20000705,0,287,171
20000706,0,307,177
20000707,0,275,192
20000708,15,299,145
20000709,0,341,164
20000710,0,340,189
20000711,0,331,185
20000712,0,315,169
20000713,0,323,188
20000714,0,326,182
20000715,0,311,194
20000716,0,324,198
20000717,0,339,214
20000718,0,342,215
20000719,0,348,223
20000720,0,373,239
20000721,0,361,232
20000722,1,327,195
20000723,0,331,225
20000724,0,345,207
20000725,160,320,184
20000726,0,330,205
20000727,0,309,199
20000728,2,246,178
20000729,0,245,130
20000730,0,275,140
20000731,0,306,148
20000801,9,278,157
20000802,0,286,125
20000803,0,286,156
20000804,42,260,150
20000805,14,196,148
20000806,4,253,164
20000807,287,239,157
20000808,0,271,132
20000809,0,289,158
20000810,0,296,178
20000811,51,281,178
20000812,0,279,184
20000813,0,279,173
20000814,0,278,184
20000815,0,301,154
20000816,2,276,165
20000817,60,209,131
20000818,0,264,134
20000819,0,270,140
20000820,0,287,144
20000821,0,250,162
20000822,12,276,149
20000823,0,276,125
20000824,0,291,136
20000825,0,287,179
20000826,0,298,142
20000827,0,284,147
20000828,0,283,121
20000829,0,256,137
20000830,0,295,126
20000831,0,301,131
20000901,0,297,146
20000902,0,279,167
20000903,0,251,138
20000904,89,157,113
20000905,0,159,83
20000906,0,174,65
20000907,0,202,51
20000908,0,222,74
20000909,17,207,108
20000910,0,219,88
20000911,0,222,104
20000912,0,224,80
20000913,0,241,84
20000914,0,244,78
20000915,0,266,82
20000916,0,277,98
20000917,0,279,109
20000918,0,266,109
20000919,0,253,105
20000920,0,248,99
20000921,0,233,104
20000922,0,247,118
20000923,0,222,94
20000924,58,207,84
20000925,0,209,69
20000926,147,174,105
20000927,1,192,112
20000928,0,171,115
20000929,0,189,112
20000930,0,187,73
20001001,0,198,104
20001002,0,212,80
20001003,0,226,75
20001004,0,230,80
20001005,0,241,99
20001006,0,242,107
20001007,0,176,95
20001008,0,130,41
20001009,4,156,68
20001010,0,148,49
20001011,0,72,-2
20001012,0,74,-36
20001013,0,92,-28
20001014,0,138,-17
20001015,0,159,-3
20001016,0,157,18
20001017,0,169,19
20001018,0,127,59
20001019,0,100,27
20001020,0,135,-7
20001021,0,162,-14
20001022,0,178,73
20001023,0,132,61
20001024,0,65,-14
20001025,0,133,-53
20001026,0,138,-30
20001027,0,114,1
20001028,0,72,13
20001029,0,72,-62
20001030,0,60,-27
20001031,0,69,-71
20001101,0,135,-60
20001102,0,172,-23
20001103,0,113,30
20001104,0,117,-62
20001105,0,118,-27
20001106,0,48,-59
20001107,0,-34,-140
20001108,0,58,-63
20001109,0,0,-83
20001110,0,-29,-144
20001111,0,-10,-128
20001112,0,40,-127
20001113,0,57,-111
20001114,0,51,-92
20001115,0,25,-67
20001116,0,21,-47
20001117,0,41,-117
20001118,0,-4,-68
20001119,3,-19,-74
20001120,4,10,-100
20001121,0,66,-108
20001122,0,66,-95
20001123,0,118,-80
20001124,0,116,-81
20001125,0,40,-43
20001126,0,42,-100
20001127,0,43,-107
20001128,0,66,-99
20001129,0,38,-109
20001130,0,81,-104
20001201,0,12,-88
20001202,0,-10,-96
20001203,0,52,-128
20001204,0,16,-46
20001205,0,85,-107
20001206,0,62,-57
20001207,0,61,-84
20001208,0,88,-96
20001209,0,19,-77
20001210,0,-40,-170
20001211,0,-41,-163
20001212,0,-6,-163
20001213,0,-12,-120
20001214,0,34,-118
20001215,0,5,-105
20001216,0,52,-127
20001217,0,57,-110
20001218,0,-3,-111
20001219,0,-5,-83
20001220,0,20,-85
20001221,0,41,-101
20001222,0,-24,-85
20001223,0,12,-122
20001224,0,30,-66
20001225,0,50,-105
20001226,0,45,-98
20001227,0,16,-118
20001228,0,43,-106
20001229,0,34,-110
20001230,0,8,-76
20001231,0,25,-119
20010101,0,-25,-91
20010102,0,-22,-126
20010103,0,-28,-153
20010104,0,11,-122
20010105,0,26,-122
20010106,4,12,-50
20010107,0,-15,-68
20010108,0,-38,-115
20010109,0,-7,-169
20010110,0,-25,-109
20010111,0,-4,-155
20010112,0,-30,-93
20010113,5,-60,-198
20010114,0,-83,-228
20010115,0,-40,-167
20010116,0,-20,-140
20010117,0,56,-148
20010118,0,-3,-86
20010119,0,7,-135
20010120,0,62,-151
20010121,0,63,-133
20010122,0,57,-122
20010123,0,18,-60
20010124,0,-34,-132
20010125,0,-13,-102
20010126,0,-15,-135
20010127,0,-52,-137
20010128,0,-47,-204
20010129,0,-20,-137
20010130,0,18,-138
20010131,0,-37,-123
20010201,0,0,-153
20010202,0,11,-134
20010203,0,34,-92
20010204,0,60,-102
20010205,0,52,-72
20010206,0,-51,-156
20010207,0,-58,-204
20010208,0,-16,-189
20010209,0,5,-144
20010210,0,36,-137
20010211,0,-21,-132
20010212,0,-4,-89
20010213,0,7,-126
20010214,0,10,-116
20010215,0,-10,-129
20010216,0,44,-129
20010217,0,80,-56
20010218,0,102,-70
20010219,0,105,-78
20010220,0,93,-11
20010221,0,140,-78
20010222,0,95,-53
20010223,0,6,-87
20010224,0,-5,-165
20010225,0,42,-129
20010226,2,35,-35
20010227,0,57,-54
20010228,0,69,-52
20010301,0,108,-84
20010302,0,66,-55
20010303,0,-8,-98
20010304,0,89,-120
20010305,0,31,-36
20010306,0,-34,-130
20010307,0,-51,-160
20010308,0,21,-152
20010309,0,96,-108
20010310,0,85,-58
20010311,0,116,-56
20010312,0,180,-71
20010313,0,158,7
20010314,0,63,-79
20010315,0,77,-75
20010316,0,75,-15
20010317,0,96,6
20010318,0,117,-46
20010319,0,118,20
20010320,0,150,-1
20010321,0,121,5
20010322,0,113,-16
20010323,0,144,4
20010324,0,111,25
20010325,0,67,-50
20010326,0,85,-53
20010327,0,7,-139
20010328,0,45,-104
20010329,0,164,-40
20010330,0,169,-11
20010331,0,167,3
20010401,0,216,19
20010402,0,215,32
20010403,0,227,73
20010404,0,214,83
20010405,0,147,20
20010406,0,170,20
20010407,0,139,54
20010408,0,178,21
20010409,24,20,-54
20010410,0,37,-39
20010411,0,102,-45
20010412,0,139,-18
20010413,0,104,-17
20010414,0,150,-44
20010415,0,187,-4
20010416,0,226,22
20010417,0,248,61
20010418,0,259,74
20010419,0,199,68
20010420,0,157,75
20010421,0,169,-6
20010422,19,169,38
20010423,191,115,35
20010424,0,102,26
20010425,73,89,30
20010426,0,138,2
20010427,0,170,45
20010428,0,171,58
20010429,0,122,60
20010430,0,183,34
20010501,0,231,73
20010502,0,203,100
20010503,0,187,107
20010504,0,227,61
20010505,0,273,111
20010506,0,210,118
20010507,0,213,72
20010508,0,187,65
20010509,0,233,75
20010510,0,252,117
20010511,0,275,103
20010512,0,279,115
20010513,0,253,131
20010514,0,193,112
20010515,0,211,59
20010516,0,240,84
20010517,0,246,85
20010518,0,263,91
20010519,0,283,95
20010520,0,304,139
20010521,0,326,136
20010522,0,320,154
20010523,36,240,100
20010524,0,214,65
20010525,0,207,100
20010526,0,211,75
20010527,0,247,99
20010528,0,263,106
20010529,0,237,134
20010530,0,196,66
20010531,0,246,67
20010601,0,280,88
20010602,0,291,125
20010603,0,289,147
20010604,0,307,149
20010605,0,325,161
20010606,0,295,194
20010607,0,293,167
20010608,0,291,189
20010609,41,234,134
20010610,0,257,126
20010611,12,256,167
20010612,0,281,125
20010613,0,297,131
20010614,0,276,187
20010615,0,266,133
20010616,0,256,101
20010617,0,266,141
20010618,2,276,143
20010619,0,265,125
20010620,0,279,141
20010621,0,274,150
20010622,0,297,139
20010623,26,291,169
20010624,0,301,151
20010625,0,313,162
20010626,0,310,189
20010627,0,290,160
20010628,28,263,171
20010629,0,320,123
20010630,0,312,187
20010701,0,305,198
20010702,0,317,165
20010703,0,278,198
20010704,0,338,143
20010705,0,336,207
20010706,0,337,225
20010707,0,313,199
20010708,24,322,204
20010709,5,239,144
20010710,0,286,168
20010711,0,337,144
20010712,0,348,202
20010713,0,361,176
20010714,0,368,187
20010715,0,352,204
20010716,0,342,219
20010717,1,320,221
20010718,9,262,179
20010719,0,292,141
20010720,14,272,187
20010721,19,308,157
20010722,0,350,173
20010723,0,340,221
20010724,204,254,149
20010725,0,283,169
20010726,8,236,170
20010727,0,274,147
20010728,0,305,173
20010729,63,305,189
20010730,0,310,176
20010731,0,323,178
20010801,0,327,200
20010802,0,313,196
20010803,0,311,189
20010804,0,316,196
20010805,0,293,207
20010806,0,334,163
20010807,33,293,194
20010808,0,304,164
20010809,0,328,157
20010810,8,311,181
20010811,0,301,170
20010812,27,295,170
20010813,76,239,160
20010814,0,244,150
20010815,2,265,155
20010816,52,275,172
20010817,0,255,131
20010818,225,229,129
20010819,0,248,99
20010820,0,278,132
20010821,0,286,147
20010822,0,291,141
20010823,0,285,158
20010824,0,291,142
20010825,9,276,131
20010826,0,233,124
20010827,30,196,145
20010828,133,236,133
20010829,104,215,133
20010830,14,219,146
20010831,0,212,145
20010901,6,238,139
20010902,0,223,148
20010903,78,194,141
20010904,0,238,125
20010905,0,229,127
20010906,0,261,129
20010907,459,223,122
20010908,0,228,89
20010909,0,230,103
20010910,0,227,120
20010911,0,220,116
20010912,0,235,139
20010913,0,213,129
20010914,0,206,157
20010915,0,235,145
20010916,21,190,121
20010917,0,213,104
20010918,75,171,82
20010919,11,137,79
20010920,0,177,56
20010921,12,139,74
20010922,6,129,94
20010923,0,174,84
20010924,0,178,56
20010925,0,204,65
20010926,0,205,119
20010927,0,206,106
20010928,83,166,97
20010929,28,176,95
20010930,0,193,66
20011001,0,213,67
20011002,4,169,57
20011003,0,103,-19
20011004,0,159,-3
20011005,0,193,45
20011006,0,162,101
20011007,0,198,78
20011008,255,152,77
20011009,0,157,7
20011010,0,164,45
20011011,0,188,55
20011012,0,143,99
20011013,0,109,68
20011014,103,117,63
20011015,0,138,37
20011016,0,139,21
20011017,0,167,21
20011018,0,160,35
20011019,0,141,66
20011020,0,151,76
20011021,0,189,53
20011022,0,183,54
20011023,0,207,55
20011024,0,182,67
20011025,0,172,55
20011026,0,176,85
20011027,0,135,70
20011028,0,124,6
20011029,0,156,25
20011030,0,112,30
20011031,0,67,-19
20011101,0,108,-32
20011102,0,138,23
20011103,3,109,35
20011104,0,63,-8
20011105,0,67,-53
20011106,0,118,-44
20011107,0,112,-16
20011108,0,86,-33
20011109,0,100,-40
20011110,0,105,-31
20011111,0,105,-36
20011112,0,84,-23
20011113,0,31,-75
20011114,0,65,-41
20011115,0,81,-71
20011116,0,65,-68
20011117,0,88,-66
20011118,0,71,-73
20011119,0,80,-66
20011120,0,99,-72
20011121,0,112,-52
20011122,0,87,-55
20011123,0,68,-36
20011124,0,25,-90
20011125,0,-35,-143
20011126,0,-11,-126
20011127,0,54,-111
20011128,0,26,-55
20011129,0,38,-89
20011130,0,73,-87
20011201,0,-19,-104
20011202,0,-30,-105
20011203,0,7,-124
20011204,6,-25,-104
20011205,0,-72,-124
20011206,0,-28,-174
20011207,12,-34,-100
20011208,0,-40,-148
20011209,0,0,-136
20011210,0,-4,-78
20011211,3,-33,-106
20011212,0,-105,-180
20011213,0,-95,-186
20011214,0,-19,-192
20011215,0,-30,-137
20011216,0,17,-113
20011217,0,-4,-122
20011218,0,-7,-87
20011219,6,-24,-97
20011220,0,-76,-169
20011221,0,-30,-186
20011222,0,-14,-168
20011223,0,-19,-163
20011224,0,-39,-173
20011225,0,-19,-158
20011226,0,-51,-147
20011227,0,-41,-151
20011228,0,-5,-127
20011229,0,-2,-122
20011230,0,17,-70
20011231,0,-4,-105
20020101,0,5,-111
20020102,0,26,-117
20020103,0,9,-122
20020104,0,55,-63
20020105,0,81,-70
20020106,0,16,-56
20020107,0,42,-120
20020108,0,68,-100
20020109,0,57,-68
20020110,0,95,-71
20020111,0,136,-65
20020112,0,47,-62
20020113,0,88,-72
20020114,0,27,-58
20020115,0,-5,-58
20020116,0,-4,-109
20020117,1,-20,-113
20020118,2,-19,-82
20020119,0,-44,-84
20020120,0,-52,-135
20020121,0,-24,-147
20020122,0,-13,-166
20020123,0,17,-136
20020124,0,24,-126
20020125,0,-14,-121
20020126,0,-14,-153
20020127,0,-14,-144
20020128,0,-36,-141
20020129,0,-29,-135
20020130,0,-9,-148
20020131,0,-15,-95
20020201,0,17,-133
20020202,0,59,-124
20020203,0,49,-90
20020204,0,37,-116
20020205,0,52,-117
20020206,0,56,-117
20020207,0,17,-73
20020208,0,14,-129
20020209,0,-11,-65
20020210,0,36,-107
20020211,0,63,-103
20020212,0,85,-39
20020213,0,47,-50
20020214,2,47,-30
20020215,6,39,-19
20020216,0,70,-32
20020217,0,102,-71
20020218,0,81,-63
20020219,0,111,-75
20020220,0,86,-14
20020221,0,105,-72
20020222,0,53,1
20020223,0,75,-14
20020224,0,44,1
20020225,3,21,-37
20020226,0,30,-103
20020227,0,52,-66
20020228,0,104,-65
20020301,0,86,-44
20020302,26,49,-55
20020303,15,23,-6
20020304,20,16,-44
20020305,0,35,-66
20020306,0,44,-51
20020307,0,69,-90
20020308,0,141,-50
20020309,0,105,-19
20020310,0,119,-36
20020311,0,154,-3
20020312,0,134,8
20020313,4,130,-40
20020314,0,117,2
20020315,0,118,-17
20020316,0,61,-21
20020317,0,56,-57
20020318,0,132,-69
20020319,0,178,-13
20020320,0,72,-23
20020321,0,43,-23
20020322,0,43,-60
20020323,0,63,-55
20020324,0,119,-56
20020325,0,158,-27
20020326,0,145,-14
20020327,1,127,45
20020328,0,166,42
20020329,0,135,41
20020330,0,176,-7
20020331,0,233,11
20020401,0,244,53
20020402,0,230,63
20020403,39,193,103
20020404,126,128,54
20020405,0,165,26
20020406,0,137,16
20020407,0,56,-27
20020408,0,30,-53
20020409,0,66,-38
20020410,0,107,-50
20020411,0,145,16
20020412,0,214,23
20020413,0,261,72
20020414,0,204,71
20020415,0,111,31
20020416,0,73,-22
20020417,0,109,-48
20020418,0,173,-13
20020419,0,223,24
20020420,0,254,94
20020421,0,223,113
20020422,3,117,54
20020423,0,85,0
20020424,0,134,-17
20020425,0,132,79
20020426,0,163,72
20020427,0,161,66
20020428,41,110,49
20020429,16,166,69
20020430,0,181,66
20020501,86,149,76
20020502,3,159,43
20020503,12,199,65
20020504,0,207,97
20020505,13,172,83
20020506,0,180,99
20020507,1,199,97
20020508,0,176,102
20020509,0,184,109
20020510,25,238,94
20020511,0,265,104
20020512,166,263,137
20020513,78,189,114
20020514,97,152,105
20020515,26,201,73
20020516,0,191,78
20020517,0,205,99
20020518,0,199,131
20020519,1,205,127
20020520,0,191,124
20020521,0,170,93
20020522,0,203,77
20020523,0,204,96
20020524,0,233,119
20020525,4,246,109
20020526,0,239,113
20020527,0,246,92
20020528,0,281,114
20020529,0,286,150
20020530,0,295,138
20020531,0,314,135
20020601,0,326,159
20020602,0,333,193
20020603,0,322,176
20020604,0,332,166
20020605,0,308,165
20020606,0,341,150
20020607,24,308,161
20020608,438,174,114
20020609,4,209,137
20020610,0,192,122
20020611,0,258,119
20020612,0,280,108
20020613,0,304,143
20020614,0,296,148
20020615,0,322,166
20020616,0,325,180
20020617,0,304,190
20020618,288,271,151
20020619,0,261,149
20020620,3,281,174
20020621,292,211,142
20020622,0,231,125
20020623,0,274,161
20020624,0,274,176
20020625,0,285,154
20020626,0,286,164
20020627,0,289,163
20020628,0,315,175
20020629,0,321,166
20020630,0,305,183
20020701,0,311,181
20020702,66,313,163
20020703,119,243,154
20020704,0,256,169
20020705,0,245,171
20020706,0,288,164
20020707,0,305,174
20020708,0,323,175
20020709,0,337,196
20020710,23,311,161
20020711,5,316,157
20020712,1,326,204
20020713,9,256,169
20020714,0,328,159
20020715,0,347,199
20020716,0,327,175
20020717,0,309,172
20020718,0,283,164
20020719,0,254,167
20020720,0,276,142
20020721,0,273,141
20020722,0,286,140
20020723,121,232,141
20020724,23,287,156
20020725,0,267,166
20020726,0,267,155
20020727,0,257,165
20020728,2,257,150
20020729,0,300,161
20020730,0,289,201
20020731,275,251,177
20020801,0,307,194
20020802,0,320,207
20020803,87,332,199
20020804,0,345,203
20020805,7,301,170
20020806,0,249,103
20020807,0,254,133
20020808,0,270,145
20020809,161,286,144
20020810,242,234,112
20020811,2,220,123
20020812,0,208,133
20020813,0,226,132
20020814,10,205,142
20020815,0,274,120
20020816,3,263,132
20020817,0,286,145
20020818,0,300,146
20020819,0,275,139
20020820,0,256,149
20020821,0,299,148
20020822,1,321,164
20020823,12,340,153
20020824,0,334,165
20020825,48,300,166
20020826,0,313,134
20020827,0,324,131
20020828,0,304,170
20020829,0,304,113
20020830,0,332,143
20020831,9,309,178
20020901,0,311,171
20020902,125,243,132
20020903,0,207,133
20020904,57,182,123
20020905,11,146,109
20020906,0,200,139
20020907,0,227,157
20020908,0,259,171
20020909,0,266,169
20020910,28,220,140
20020911,67,143,94
20020912,127,106,80
20020913,0,163,77
20020914,0,175,48
20020915,0,218,79
20020916,0,255,84
20020917,0,244,112
20020918,0,191,87
20020919,1,143,64
20020920,0,184,20
20020921,0,202,20
20020922,0,213,30
20020923,0,225,43
20020924,0,245,74
20020925,0,254,71
20020926,0,204,112
20020927,0,172,35
20020928,0,181,17
20020929,0,209,28
20020930,0,218,61
20021001,0,200,24
20021002,0,242,62
20021003,0,247,89
20021004,0,181,75
20021005,0,116,5
20021006,0,133,-1
20021007,0,181,-19
20021008,0,247,10
20021009,0,233,53
20021010,0,180,74
20021011,0,211,24
20021012,0,167,37
20021013,0,214,16
20021014,0,204,65
20021015,0,256,53
20021016,0,254,73
20021017,0,185,76
20021018,0,120,33
20021019,0,142,-1
20021020,0,83,3
20021021,8,3,-56
20021022,0,59,-38
20021023,0,96,2
20021024,1,62,-25
20021025,0,45,-41
20021026,0,118,-45
20021027,0,126,-11
20021028,0,127,-66
20021029,0,151,-30
20021030,0,71,-43
20021031,1,12,-91
20021101,0,15,-97
20021102,0,61,-86
20021103,0,94,-64
20021104,0,134,-59
20021105,0,149,-36
20021106,0,110,11
20021107,0,72,-83
20021108,0,91,-82
20021109,0,139,-58
20021110,0,116,5
20021111,0,82,-34
20021112,0,78,-70
20021113,0,72,-80
20021114,0,66,-88
20021115,0,89,-77
20021116,0,23,-57
20021117,0,42,-129
20021118,0,55,-47
20021119,0,34,-57
20021120,0,54,-61
20021121,0,114,-68
20021122,0,62,-31
20021123,0,29,-46
20021124,8,21,-81
20021125,0,1,-99
20021126,0,68,-116
20021127,0,81,-101
20021128,0,35,-75
20021129,0,50,-59
20021130,0,80,-104
20021201,0,79,-46
20021202,0,79,-59
20021203,0,120,-68
20021204,0,43,-62
20021205,0,-15,-79
20021206,2,-24,-81
20021207,0,-66,-126
20021208,0,-40,-147
20021209,0,-2,-160
20021210,0,4,-144
20021211,0,11,-149
20021212,0,38,-145
20021213,0,73,-115
20021214,0,49,-103
20021215,0,27,-67
20021216,0,55,-112
20021217,0,37,-84
20021218,0,43,-88
20021219,0,33,-83
20021220,0,8,-22
20021221,5,-11,-54
20021222,22,-35,-124
20021223,0,-88,-183
20021224,0,-147,-235
20021225,0,-126,-260
20021226,0,-98,-274
20021227,0,-80,-263
20021228,0,-80,-228
20021229,0,-73,-215
20021230,0,-90,-206
20021231,0,-47,-215
20030101,0,-60,-199
20030102,0,-116,-184
20030103,0,-114,-250
20030104,0,-116,-258
20030105,0,-51,-214
20030106,0,-55,-206
20030107,0,-32,-191
20030108,0,-29,-197
20030109,0,-21,-175
20030110,0,-4,-156
20030111,0,18,-143
20030112,0,32,-126
20030113,0,4,-104
20030114,0,21,-151
20030115,0,60,-138
20030116,0,49,-91
20030117,0,48,-136
20030118,0,26,-86
20030119,0,51,-111
20030120,0,54,-131
20030121,0,-9,-86
20030122,0,21,-96
20030123,0,34,-139
20030124,0,42,-129
20030125,0,7,-56
20030126,8,-33,-142
20030127,0,-38,-191
20030128,0,-9,-148
20030129,0,35,-150
20030130,0,6,-106
20030131,0,29,-107
20030201,0,47,-131
20030202,0,43,-107
20030203,0,9,-96
20030204,0,1,-156
20030205,0,20,-147
20030206,0,59,-135
20030207,0,71,-95
20030208,0,68,-106
20030209,0,-63,-159
20030210,0,-57,-204
20030211,0,-36,-185
20030212,0,12,-137
20030213,0,41,-150
20030214,0,53,-48
20030215,0,56,-121
20030216,23,0,-65
20030217,0,60,-93
20030218,0,67,-100
20030219,0,103,-79
20030220,0,74,0
20030221,1,43,-8
20030222,0,86,-57
20030223,0,109,-61
20030224,0,130,-58
20030225,0,69,-55
20030226,0,90,-81
20030227,2,76,9
20030228,0,92,-71
20030301,0,148,-40
20030302,0,77,-30
20030303,0,-24,-112
20030304,17,-22,-56
20030305,8,-30,-85
20030306,2,-5,-86
20030307,0,25,-73
20030308,0,45,-87
20030309,0,86,-75
20030310,0,86,-14
20030311,0,19,-79
20030312,0,42,-104
20030313,14,33,-6
20030314,4,22,-9
20030315,29,8,-11
20030316,0,52,-33
20030317,0,69,-38
20030318,0,88,-26
20030319,0,117,-26
20030320,0,54,-62
20030321,0,77,-78
20030322,11,115,10
20030323,9,85,-8
20030324,0,145,-32
20030325,0,184,-12
20030326,0,121,2
20030327,0,116,-20
20030328,0,193,-24
20030329,0,246,35
20030330,0,263,54
20030331,0,217,96
20030401,94,136,31
20030402,0,86,35
20030403,0,115,-10
20030404,0,146,19
20030405,0,166,35
20030406,22,132,8
20030407,0,145,-1
20030408,0,174,20
20030409,0,141,54
20030410,52,104,-14
20030411,0,111,15
20030412,0,79,-6
20030413,0,134,0
20030414,0,196,35
20030415,0,279,47
20030416,0,241,96
20030417,0,199,12
20030418,0,101,-35
20030419,0,110,15
20030420,0,107,-40
20030421,63,79,44
20030422,0,137,27
20030423,0,142,41
20030424,0,179,22
20030425,0,193,75
20030426,0,208,42
20030427,0,238,58
20030428,0,200,112
20030429,0,188,61
20030430,0,273,56
20030501,0,282,79
20030502,0,293,110
20030503,0,291,127
20030504,0,247,143
20030505,213,196,99
20030506,103,115,77
20030507,0,116,34
20030508,0,169,15
20030509,0,177,73
20030510,0,232,67
20030511,0,259,99
20030512,0,274,102
20030513,0,215,134
20030514,0,221,83
20030515,0,201,129
20030516,64,183,87
20030517,4,166,69
20030518,5,177,66
20030519,0,199,62
20030520,0,225,81
20030521,0,243,87
20030522,1,282,109
20030523,0,254,136
20030524,0,282,93
20030525,0,286,163
20030526,0,251,169
20030527,110,186,110
20030528,0,243,95
20030529,0,276,112
20030530,0,268,159
20030531,254,215,122
20030601,1,193,106
20030602,0,211,125
20030603,0,256,102
20030604,0,272,134
20030605,0,260,139
20030606,0,296,135
20030607,0,295,137
20030608,0,271,152
20030609,0,236,118
20030610,0,228,70
20030611,0,201,54
20030612,0,202,99
20030613,0,238,75
20030614,0,279,161
20030615,0,290,141
20030616,0,304,139
20030617,0,321,152
20030618,32,328,169
20030619,61,310,169
20030620,1,298,152
20030621,3,295,169
20030622,28,306,157
20030623,0,290,160
20030624,0,311,175
20030625,91,275,148
20030626,0,243,138
20030627,0,260,142
20030628,0,245,109
20030629,126,225,134
20030630,22,200,140
20030701,0,232,153
20030702,0,306,144
20030703,0,300,183
20030704,0,286,158
20030705,16,253,144
20030706,48,261,140
20030707,3,237,116
20030708,0,254,123
20030709,0,253,153
20030710,0,271,144
20030711,1,253,177
20030712,0,245,154
20030713,12,220,174
20030714,0,246,150
20030715,112,267,150
20030716,158,192,169
20030717,33,284,150
20030718,0,272,155
20030719,0,278,161
20030720,0,310,151
20030721,0,308,164
20030722,38,295,157
20030723,0,289,162
20030724,0,332,185
20030725,0,327,202
20030726,0,304,224
20030727,0,294,177
20030728,0,322,181
20030729,0,317,218
20030730,98,277,190
20030731,18,242,169
20030801,0,272,162
20030802,0,266,184
20030803,0,286,146
20030804,0,286,171
20030805,0,312,171
20030806,0,314,175
20030807,123,317,194
20030808,0,271,173
20030809,0,248,162
20030810,0,241,149
20030811,0,256,110
20030812,0,264,152
20030813,0,297,143
20030814,0,257,167
20030815,11,244,112
20030816,0,299,102
20030817,0,323,132
20030818,0,315,159
20030819,0,320,174
20030820,0,290,167
20030821,334,253,164
20030822,0,236,126
20030823,7,264,183
20030824,0,287,170
20030825,0,248,175
20030826,0,269,137
20030827,0,291,146
20030828,1,250,165
20030829,86,213,125
20030830,2,175,111
20030831,24,208,123
20030901,0,248,129
20030902,0,278,116
20030903,0,261,120
20030904,6,207,130
20030905,0,210,113
20030906,0,258,103
20030907,0,246,95
20030908,0,210,104
20030909,0,210,51
20030910,0,255,52
20030911,0,274,114
20030912,0,308,115
20030913,0,318,144
20030914,0,303,130
20030915,0,289,148
20030916,0,248,165
20030917,111,265,147
20030918,0,227,133
20030919,3,187,112
20030920,12,225,74
20030921,1,230,84
20030922,0,264,103
20030923,0,277,97
20030924,0,261,110
20030925,112,190,145
20030926,145,168,118
20030927,12,185,104
20030928,175,152,84
20030929,176,125,65
20030930,0,138,55
20031001,0,150,31
20031002,0,128,43
20031003,0,151,17
20031004,0,145,36
20031005,0,177,34
20031006,0,205,34
20031007,0,230,72
20031008,0,208,66
20031009,0,187,92
20031010,50,116,51
20031011,15,92,37
20031012,0,90,-4
20031013,0,70,13
20031014,0,69,-43
20031015,0,79,-48
20031016,0,124,-54
20031017,0,142,12
20031018,0,162,-4
20031019,37,112,38
20031020,0,137,9
20031021,0,103,11
20031022,0,125,-36
20031023,0,167,-17
20031024,0,140,7
20031025,0,152,3
20031026,0,184,16
20031027,0,166,26
20031028,0,210,6
20031029,0,187,37
20031030,0,188,12
20031031,0,208,26
20031101,0,179,26
20031102,0,77,-25
20031103,0,147,-54
20031104,0,156,15
20031105,0,135,27
20031106,26,81,-70
20031107,5,-69,-124
20031108,0,-37,-141
20031109,8,-29,-87
20031110,3,-24,-87
20031111,3,-15,-98
20031112,0,23,-104
20031113,0,55,-82
20031114,0,57,-44
20031115,0,42,-78
20031116,0,63,-53
20031117,0,30,6
20031118,0,31,7
20031119,23,35,-4
20031120,0,3,-55
20031121,0,-3,-121
20031122,0,63,-94
20031123,0,43,-55
20031124,0,83,-66
20031125,0,23,-37
20031126,0,52,-69
20031127,0,53,-58
20031128,0,3,-87
20031129,0,80,-113
20031130,0,49,-87
20031201,0,4,-82
20031202,0,19,-102
20031203,0,47,-108
20031204,0,48,-73
20031205,0,-11,-91
20031206,0,-79,-200
20031207,0,-23,-149
20031208,0,-6,-154
20031209,0,15,-109
20031210,0,-17,-127
20031211,0,-11,-149
20031212,0,6,-131
20031213,0,30,-130
20031214,0,53,-132
20031215,0,-8,-97
20031216,0,-26,-126
20031217,0,-10,-156
20031218,0,-45,-154
20031219,0,-36,-172
20031220,0,2,-167
20031221,0,-5,-153
20031222,0,28,-144
20031223,0,13,-113
20031224,0,-31,-113
20031225,0,-53,-176
20031226,0,-12,-175
20031227,0,-5,-145
20031228,0,-27,-96
20031229,0,-16,-133
20031230,0,3,-127
20031231,0,-1,-102
20040101,0,-39,-89
20040102,0,12,-141
20040103,0,29,-137
20040104,0,27,-144
20040105,0,11,-145
20040106,0,21,-118
20040107,0,-18,-122
20040108,0,9,-72
20040109,0,2,-142
20040110,0,-20,-83
20040111,0,-31,-124
20040112,0,-43,-192
20040113,0,18,-153
20040114,0,-4,-82
20040115,0,-3,-121
20040116,0,-28,-134
20040117,0,-56,-164
20040118,0,-74,-212
20040119,0,-43,-192
20040120,0,-72,-173
20040121,0,-39,-180
20040122,0,-61,-153
20040123,0,-97,-188
20040124,0,-57,-213
20040125,0,2,-189
20040126,0,-43,-178
20040127,0,12,-184
20040128,0,28,-158
20040129,0,67,-97
20040130,0,22,-104
20040131,0,-41,-112
20040201,0,-86,-191
20040202,0,-67,-204
20040203,0,-59,-136
20040204,1,-83,-142
20040205,0,-46,-178
20040206,0,-35,-164
20040207,0,-8,-154
20040208,0,21,-143
20040209,0,51,-129
20040210,0,40,-139
20040211,0,46,-52
20040212,0,44,-64
20040213,0,46,-65
20040214,0,97,-109
20040215,0,102,-89
20040216,0,69,-44
20040217,0,125,-74
20040218,0,155,-62
20040219,0,107,-5
20040220,0,70,8
20040221,0,42,-90
20040222,0,57,-94
20040223,0,49,-49
20040224,0,67,-81
20040225,0,43,-91
20040226,0,75,-58
20040227,0,110,-66
20040228,0,68,-79
20040229,0,65,-51
20040301,0,30,-104
20040302,0,-16,-77
20040303,0,19,-125
20040304,3,27,-87
20040305,0,-17,-111
20040306,0,4,-170
20040307,0,75,-119
20040308,0,152,-26
20040309,0,196,29
20040310,0,91,-3
20040311,0,66,-21
20040312,0,123,-63
20040313,0,122,-69
20040314,0,201,5
20040315,0,137,52
20040316,0,92,-14
20040317,0,-2,-95
20040318,0,90,-63
20040319,0,91,-3
20040320,0,90,-13
20040321,14,98,2
20040322,0,114,12
20040323,0,72,-41
20040324,0,91,-16
20040325,0,132,-23
20040326,0,171,14
20040327,0,135,44
20040328,0,144,-11
20040329,0,69,-14
20040330,0,141,-60
20040331,0,96,42
20040401,0,124,-31
20040402,0,160,-40
20040403,0,132,-41
20040404,0,235,3
20040405,0,213,99
20040406,0,137,-4
20040407,0,119,-52
20040408,0,191,-9
20040409,0,198,16
20040410,0,219,26
20040411,0,209,63
20040412,0,147,76
20040413,0,137,30
20040414,0,173,18
20040415,0,199,50
20040416,0,227,56
20040417,0,243,72
20040418,0,254,63
20040419,0,279,91
20040420,0,292,92
20040421,0,268,163
20040422,0,239,106
20040423,0,257,88
20040424,0,230,101
20040425,12,210,111
20040426,0,183,55
20040427,0,296,91
20040428,0,318,130
20040429,0,266,115
20040430,0,176,83
20040501,48,156,113
20040502,0,115,33
20040503,0,140,-9
20040504,0,190,17
20040505,0,233,93
20040506,0,249,68
20040507,0,257,110
20040508,0,301,117
20040509,0,306,147
20040510,0,233,127
20040511,0,228,150
20040512,0,181,54
20040513,0,233,63
20040514,140,211,80
20040515,38,132,18
20040516,3,183,16
20040517,9,220,112
20040518,0,230,69
20040519,0,289,151
20040520,0,215,103
20040521,0,247,75
20040522,0,281,102
20040523,0,297,122
20040524,0,265,134
20040525,7,230,108
20040526,1,228,118
20040527,0,253,126
20040528,0,291,113
20040529,0,204,128
20040530,0,201,82
20040531,0,256,54
20040601,0,265,129
20040602,0,271,128
20040603,0,241,142
20040604,0,183,115
20040605,3,190,118
20040606,7,181,89
20040607,0,263,97
20040608,0,264,97
20040609,0,285,106
20040610,0,296,141
20040611,0,293,153
20040612,0,268,165
20040613,48,188,124
20040614,69,253,114
20040615,80,250,125
20040616,0,238,93
20040617,31,221,116
20040618,5,256,121
20040619,0,274,128
20040620,0,308,139
20040621,0,322,153
20040622,0,288,144
20040623,0,278,158
20040624,0,269,143
20040625,0,303,144
20040626,0,319,164
20040627,16,293,217
20040628,31,259,186
20040629,12,262,198
20040630,2,278,170
20040701,0,325,158
20040702,0,338,162
20040703,9,321,190
20040704,2,295,173
20040705,1,277,134
20040706,0,307,144
20040707,0,329,154
20040708,11,333,183
20040709,16,266,174
20040710,0,267,143
20040711,0,255,140
20040712,0,272,144
20040713,15,278,141
20040714,0,279,131
20040715,0,266,154
20040716,0,287,144
20040717,4,287,171
20040718,88,275,152
20040719,0,295,151
20040720,0,296,164
20040721,0,299,200
20040722,0,322,185
20040723,4,304,199
20040724,0,318,176
20040725,385,290,171
20040726,5,299,169
20040727,4,270,182
20040728,44,250,143
20040729,37,222,135
20040730,0,252,111
20040731,0,275,158
20040801,0,293,171
20040802,0,308,184
20040803,0,290,173
20040804,0,294,168
20040805,0,309,176
20040806,0,284,187
20040807,25,302,191
20040808,0,329,209
20040809,485,310,181
20040810,2,218,165
20040811,26,258,144
20040812,0,185,115
20040813,0,234,113
20040814,97,181,122
20040815,110,182,121
20040816,0,235,109
20040817,0,252,118
20040818,2,248,139
20040819,226,197,144
20040820,25,208,145
20040821,0,215,103
20040822,0,231,120
20040823,0,257,156
20040824,15,215,154
20040825,2,244,137
20040826,14,268,156
20040827,22,190,111
20040828,0,218,97
20040829,0,228,79
20040830,0,250,82
20040831,0,279,96
20040901,0,257,114
20040902,61,207,133
20040903,0,241,107
20040904,0,230,111
20040905,0,258,114
20040906,0,216,132
20040907,0,211,60
20040908,0,247,75
20040909,0,271,81
20040910,53,266,126
20040911,50,217,124
20040912,0,233,101
20040913,305,157,95
20040914,0,167,62
20040915,0,232,82
20040916,0,187,129
20040917,0,197,88
20040918,0,207,55
20040919,0,218,75
20040920,0,174,44
20040921,0,211,32
20040922,0,235,57
20040923,0,221,84
20040924,1,173,129
20040925,2,207,99
20040926,0,224,76
20040927,0,220,89
20040928,0,242,82
20040929,0,220,96
20040930,0,189,43
20041001,0,94,-36
20041002,0,143,-13
20041003,0,181,-2
20041004,0,196,25
20041005,0,200,42
20041006,0,196,67
20041007,0,204,26
20041008,0,212,35
20041009,0,202,45
20041010,0,158,79
20041011,0,130,5
20041012,0,159,-16
20041013,0,147,6
20041014,0,171,18
20041015,0,179,26
20041016,18,140,49
20041017,45,124,58
20041018,0,134,15
20041019,0,172,51
20041020,4,118,18
20041021,0,87,-55
20041022,0,120,-50
20041023,0,134,-11
20041024,0,144,-23
20041025,0,71,-22
20041026,0,75,-76
20041027,0,126,-48
20041028,0,145,-23
20041029,37,132,-8
20041030,6,85,33
20041031,0,66,-1
20041101,0,109,-45
20041102,0,156,-34
20041103,0,164,-20
20041104,0,80,1
20041105,0,116,-43
20041106,0,170,-20
20041107,0,123,40
20041108,0,163,-17
20041109,12,96,-34
20041110,0,16,-103
20041111,0,13,-65
20041112,0,52,-101
20041113,0,67,-57
20041114,0,40,-60
20041115,0,36,-79
20041116,0,55,-37
20041117,0,80,-90
20041118,0,76,-87
20041119,0,43,-88
20041120,0,54,-95
20041121,0,66,-81
20041122,0,45,-85
20041123,0,46,-86
20041124,0,-47,-124
20041125,0,-72,-176
20041126,0,13,-156
20041127,0,45,-140
20041128,0,47,-104
20041129,0,68,-96
20041130,0,110,-97
20041201,0,70,-50
20041202,0,67,13
20041203,0,51,-42
20041204,0,40,-100
20041205,0,37,-103
20041206,0,4,-97
20041207,0,62,-95
20041208,0,72,-99
20041209,0,21,-50
20041210,0,42,-121
20041211,0,44,-86
20041212,0,66,-119
20041213,0,80,-110
20041214,0,71,-50
20041215,0,59,-93
20041216,0,49,-69
20041217,0,44,-91
20041218,0,57,-104
20041219,0,-12,-119
20041220,7,-14,-122
20041221,43,-46,-60
20041222,5,-55,-116
20041223,0,-34,-143
20041224,0,-49,-103
20041225,3,-42,-105
20041226,0,-96,-193
20041227,0,-85,-243
20041228,0,-100,-191
20041229,0,-110,-193
20041230,0,-130,-229
20041231,0,-117,-268
20050101,0,-74,-235
20050102,0,0,-195
20050103,0,-50,-175
20050104,0,-31,-163
20050105,8,-14,-91
20050106,0,-66,-145
20050107,0,-72,-201
20050108,0,-70,-221
20050109,0,-36,-151
20050110,0,-28,-204
20050111,0,-48,-187
20050112,0,-50,-221
20050113,0,-43,-208
20050114,0,-29,-210
20050115,0,-8,-216
20050116,0,-21,-184
20050117,0,-41,-169
20050118,0,-47,-201
20050119,0,-17,-200
20050120,0,-17,-175
20050121,0,0,-139
20050122,0,6,-142
20050123,0,-4,-119
20050124,0,-46,-135
20050125,3,-4,-120
20050126,0,4,-85
20050127,0,62,-107
20050128,0,-17,-153
20050129,0,-115,-219
20050130,0,-69,-179
20050131,0,-88,-182
20050201,0,-68,-196
20050202,0,-30,-177
20050203,0,-32,-117
20050204,0,-60,-159
20050205,0,-33,-129
20050206,13,-46,-145
20050207,0,-49,-164
20050208,0,-29,-131
20050209,0,-78,-210
20050210,0,-57,-171
20050211,0,-10,-183
20050212,0,33,-150
20050213,0,38,-100
20050214,0,25,-99
20050215,2,9,-76
20050216,0,9,-117
20050217,7,-31,-113
20050218,0,-113,-209
20050219,0,-90,-217
20050220,0,-22,-162
20050221,0,29,-142
20050222,0,48,-65
20050223,0,67,-99
20050224,0,11,-99
20050225,0,22,-134
20050226,0,38,-113
20050227,0,44,-84
20050228,0,89,-93
20050301,0,23,-94
20050302,0,2,-119
20050303,0,-26,-107
20050304,0,12,-146
20050305,0,88,-89
20050306,0,111,-92
20050307,0,106,-67
20050308,0,128,-71
20050309,0,152,-4
20050310,0,89,-115
20050311,0,-59,-175
20050312,0,-23,-164
20050313,0,32,-159
20050314,10,22,-86
20050315,0,87,-47
20050316,0,52,-28
20050317,0,-14,-100
20050318,0,58,-108
20050319,0,113,-28
20050320,0,96,-14
20050321,0,120,19
20050322,0,109,-22
20050323,0,89,-35
20050324,0,108,-66
20050325,0,146,-33
20050326,0,164,-10
20050327,0,183,24
20050328,0,171,47
20050329,0,161,29
20050330,0,173,25
20050331,2,167,55
20050401,0,158,45
20050402,0,161,-7
20050403,0,210,-9
20050404,0,235,21
20050405,0,249,72
20050406,0,203,61
20050407,0,170,46
20050408,0,117,13
20050409,0,81,-30
20050410,0,93,-24
20050411,0,109,15
20050412,0,105,-13
20050413,0,163,-12
20050414,0,160,-19
20050415,0,182,37
20050416,0,192,26
20050417,0,183,57
20050418,0,154,46
20050419,0,92,1
20050420,0,127,-2
20050421,0,181,-4
20050422,0,216,42
20050423,0,200,103
20050424,0,185,21
20050425,0,210,20
20050426,0,245,40
20050427,0,270,80
20050428,0,280,106
20050429,0,296,133
20050430,0,247,138
20050501,0,212,42
20050502,0,270,104
20050503,0,291,85
20050504,0,249,111
20050505,0,168,56
20050506,0,237,29
20050507,0,207,63
20050508,0,221,39
20050509,0,253,101
20050510,0,229,133
20050511,0,268,71
20050512,0,289,146
20050513,0,279,141
20050514,0,247,128
20050515,64,202,126
20050516,73,141,83
20050517,0,190,63
20050518,0,204,76
20050519,0,175,96
20050520,0,186,105
20050521,0,204,74
20050522,0,223,77
20050523,0,239,102
20050524,0,246,131
20050525,0,250,84
20050526,11,250,132
20050527,49,260,106
20050528,0,281,160
20050529,34,243,123
20050530,0,269,117
20050531,0,258,122
20050601,0,256,98
20050602,0,310,118
20050603,0,313,170
20050604,111,280,143
20050605,68,223,129
20050606,0,280,81
20050607,0,290,142
20050608,0,249,161
20050609,0,272,136
20050610,0,284,144
20050611,0,315,135
20050612,0,320,172
20050613,0,293,141
20050614,0,267,139
20050615,0,288,132
20050616,0,326,144
20050617,0,328,182
20050618,0,320,177
20050619,0,342,191
20050620,0,334,179
20050621,0,357,169
20050622,0,364,211
20050623,0,338,214
20050624,9,297,166
20050625,42,272,163
20050626,0,260,145
20050627,0,295,150
20050628,0,256,141
20050629,0,285,145
20050630,0,304,160
20050701,0,309,177
20050702,13,276,171
20050703,0,297,137
20050704,0,301,161
20050705,0,323,174
20050706,0,333,204
20050707,0,325,205
20050708,0,311,207
20050709,0,303,168
20050710,0,288,164
20050711,0,328,154
20050712,0,366,193
20050713,0,359,217
20050714,0,350,214
20050715,0,335,194
20050716,0,315,214
20050717,0,308,207
20050718,0,307,208
20050719,152,255,164
20050720,8,229,159
20050721,21,212,145
20050722,0,263,151
20050723,0,303,190
20050724,0,323,191
20050725,0,323,210
20050726,24,293,196
20050727,0,268,158
20050728,0,287,154
20050729,0,318,162
20050730,20,286,185
20050731,0,321,145
20050801,0,312,194
20050802,0,296,167
20050803,0,293,149
20050804,0,299,167
20050805,0,289,177
20050806,181,271,166
20050807,28,205,156
20050808,0,264,175
20050809,0,282,162
20050810,0,324,177
20050811,22,285,194
20050812,11,288,176
20050813,0,300,181
20050814,0,312,204
20050815,1,244,167
20050816,3,215,151
20050817,0,236,80
20050818,0,247,127
20050819,0,229,116
20050820,1,244,137
20050821,0,256,146
20050822,0,232,143
20050823,0,267,122
20050824,0,281,100
20050825,0,295,141
20050826,0,301,138
20050827,0,282,142
20050828,0,273,149
20050829,0,289,152
20050830,0,289,155
20050831,0,292,176
20050901,0,245,111
20050902,0,250,88
20050903,0,259,86
20050904,1,258,135
20050905,0,253,103
20050906,114,255,144
20050907,0,269,103
20050908,0,302,113
20050909,0,317,134
20050910,0,296,180
20050911,0,249,187
20050912,0,197,89
20050913,37,168,82
20050914,1,186,119
20050915,0,205,143
20050916,0,209,93
20050917,0,205,33
20050918,0,264,93
20050919,0,269,120
20050920,70,221,100
20050921,21,177,82
20050922,0,190,60
20050923,0,220,97
20050924,0,213,67
20050925,0,224,88
20050926,0,208,84
20050927,0,204,97
20050928,0,163,113
20050929,0,217,129
20050930,0,219,116
20051001,0,190,116
20051002,0,145,90
20051003,0,162,79
20051004,0,202,42
20051005,0,213,58
20051006,4,174,89
20051007,0,144,9
20051008,0,179,-11
20051009,0,217,12
20051010,0,232,59
20051011,41,186,104
20051012,1,175,40
20051013,0,81,10
20051014,0,110,-33
20051015,0,153,8
20051016,0,172,10
20051017,0,174,3
20051018,0,178,1
20051019,39,130,63
20051020,1,146,71
20051021,0,155,1
20051022,0,144,11
20051023,0,142,2
20051024,0,158,-13
20051025,0,165,-6
20051026,0,99,34
20051027,0,72,-26
20051028,0,75,-63
20051029,0,94,-46
20051030,0,96,-55
20051031,0,127,-49
20051101,0,150,-47
20051102,0,165,-6
20051103,0,157,35
20051104,2,176,-12
20051105,22,89,14
20051106,0,114,-45
20051107,0,72,2
20051108,0,122,-67
20051109,0,120,-14
20051110,0,128,-49
20051111,0,152,-21
20051112,0,101,-21
20051113,0,63,-55
20051114,0,60,-89
20051115,0,39,-66
20051116,0,57,-53
20051117,0,63,-89
20051118,0,47,-20
20051119,0,58,-72
20051120,0,39,-60
20051121,0,28,-122
20051122,0,18,-107
20051123,0,35,-102
20051124,0,44,-74
20051125,0,38,-101
20051126,0,92,-51
20051127,0,32,-28
20051128,0,14,-87
20051129,0,33,-84
20051130,0,8,-79
20051201,0,-1,-127
20051202,0,31,-127
20051203,0,-57,-152
20051204,0,-106,-204
20051205,0,-91,-243
20051206,0,-68,-210
20051207,0,-46,-206
20051208,0,20,-146
20051209,0,31,-126
20051210,0,-63,-120
20051211,0,-74,-199
20051212,0,-92,-202
20051213,0,-92,-206
20051214,0,-82,-191
20051215,0,-53,-153
20051216,0,-29,-188
20051217,0,-41,-194
20051218,0,-31,-193
20051219,0,-23,-160
20051220,0,-84,-161
20051221,0,-82,-206
20051222,0,29,-146
20051223,0,-11,-117
20051224,0,6,-155
20051225,0,7,-127
20051226,0,17,-133
20051227,0,22,-139
20051228,0,37,-142
20051229,0,17,-152
20051230,14,-37,-80
20051231,0,4,-131
20060101,0,1,-132
20060102,0,-44,-142
20060103,0,-62,-121
20060104,0,-99,-193
20060105,0,-109,-225
20060106,0,-91,-197
20060107,0,-38,-236
20060108,0,-44,-172
20060109,0,22,-182
20060110,0,28,-130
20060111,0,59,-118
20060112,0,13,-101
20060113,0,5,-89
20060114,0,-5,-98
20060115,0,14,-147
20060116,0,31,-117
20060117,0,-4,-100
20060118,0,2,-83
20060119,41,-18,-44
20060120,9,-39,-107
20060121,0,-68,-174
20060122,0,-43,-197
20060123,0,-51,-174
20060124,0,-53,-179
20060125,0,-41,-188
20060126,0,14,-178
20060127,0,2,-133
20060128,0,-2,-118
20060129,0,-45,-101
20060130,0,7,-111
20060131,0,0,-74
20060201,0,7,-126
20060202,0,-44,-164
20060203,0,-15,-158
20060204,0,4,-146
20060205,0,20,-102
20060206,0,-21,-115
20060207,0,-82,-165
20060208,0,-34,-192
20060209,0,-5,-131
20060210,0,54,-89
20060211,0,75,-73
20060212,0,106,-72
20060213,0,68,-1
20060214,0,30,-63
20060215,0,-18,-86
20060216,0,-39,-160
20060217,0,-2,-160
20060218,0,19,-131
20060219,0,60,-135
20060220,0,140,-78
20060221,0,31,-48
20060222,0,39,-130
20060223,0,63,-87
20060224,0,88,-84
20060225,0,30,-88
20060226,0,4,-109
20060227,16,-15,-75
20060228,7,-1,-104
20060301,0,49,-95
20060302,0,72,-92
20060303,0,114,-60
20060304,0,104,-21
20060305,0,117,-43
20060306,0,145,-35
20060307,0,142,4
20060308,0,141,27
20060309,0,124,2
20060310,0,90,-15
20060311,0,14,-100
20060312,0,-50,-175
20060313,0,-2,-137
20060314,0,5,-99
20060315,0,71,-110
20060316,0,138,-88
20060317,0,87,-5
20060318,0,75,-100
20060319,0,127,-45
20060320,0,113,2
20060321,0,93,12
20060322,0,70,-55
20060323,0,106,-67
20060324,0,109,-26
20060325,0,126,-24
20060326,0,109,-36
20060327,0,79,-10
20060328,0,130,-74
20060329,0,182,10
20060330,0,210,24
20060331,0,208,13
20060401,0,128,-15
20060402,0,209,-10
20060403,0,179,28
20060404,0,163,50
20060405,0,134,51
20060406,0,143,33
20060407,0,193,14
20060408,0,198,55
20060409,0,235,61
20060410,0,267,106
20060411,32,141,-64
20060412,0,42,-98
20060413,0,91,-52
20060414,0,113,-11
20060415,0,142,-3
20060416,0,175,28
20060417,0,173,72
20060418,0,135,71
20060419,0,125,-15
20060420,0,224,26
20060421,0,210,83
20060422,0,175,26
20060423,0,164,-18
20060424,0,226,34
20060425,0,182,90
20060426,0,166,49
20060427,0,174,43
20060428,0,200,51
20060429,0,288,99
20060430,0,309,124
20060501,0,282,111
20060502,0,273,139
20060503,0,300,140
20060504,0,253,160
20060505,0,249,99
20060506,13,220,100
20060507,0,264,103
20060508,45,214,89
20060509,4,144,46
20060510,0,163,27
20060511,162,141,69
20060512,0,146,39
20060513,0,177,49
20060514,0,214,60
20060515,0,252,74
20060516,0,261,125
20060517,0,258,98
20060518,0,296,129
20060519,0,271,136
20060520,13,206,99
20060521,3,146,86
20060522,0,223,61
20060523,0,262,83
20060524,0,240,106
20060525,0,233,82
20060526,55,198,78
20060527,0,247,70
20060528,0,288,115
20060529,0,298,138
20060530,0,291,146
20060531,0,328,129
20060601,0,300,174
20060602,0,267,146
20060603,0,284,159
20060604,0,269,142
20060605,0,276,157
20060606,1,255,140
20060607,0,230,138
20060608,0,242,97
20060609,0,230,126
20060610,0,278,89
20060611,0,305,131
20060612,0,286,150
20060613,0,228,90
20060614,0,281,114
20060615,0,317,113
20060616,0,354,165
20060617,0,344,170
20060618,0,297,182
20060619,20,233,143
20060620,5,265,132
20060621,0,294,148
20060622,0,276,183
20060623,0,292,160
20060624,0,311,140
20060625,0,308,165
20060626,0,319,152
20060627,0,310,176
20060628,117,287,151
20060629,0,320,134
20060630,0,346,168
20060701,0,353,201
20060702,0,314,198
20060703,0,323,175
20060704,0,336,212
20060705,0,343,198
20060706,0,333,191
20060707,0,323,219
20060708,45,296,183
20060709,18,265,153
20060710,0,273,126
20060711,8,307,136
20060712,0,306,173
20060713,261,316,189
20060714,127,240,197
20060715,150,273,197
20060716,0,296,206
20060717,0,274,211
20060718,0,257,187
20060719,2,276,202
20060720,0,286,197
20060721,0,301,198
20060722,0,267,210
20060723,19,276,176
20060724,0,303,163
20060725,16,263,140
20060726,0,323,148
20060727,40,298,193
20060728,0,317,164
20060729,0,287,207
20060730,277,304,173
20060731,3,278,157
20060801,0,276,146
20060802,0,272,146
20060803,0,277,159
20060804,0,287,173
20060805,0,303,185
20060806,0,312,181
20060807,19,317,196
20060808,18,276,198
20060809,0,308,187
20060810,0,310,221
20060811,1,290,216
20060812,53,266,174
20060813,3,209,164
20060814,0,287,131
20060815,0,323,165
20060816,0,325,163
20060817,0,317,192
20060818,85,284,205
20060819,171,260,199
20060820,2,224,139
20060821,0,241,108
20060822,0,256,136
20060823,0,275,131
20060824,0,275,126
20060825,130,261,161
20060826,0,295,127
20060827,163,277,149
20060828,4,211,153
20060829,7,237,123
20060830,174,203,160
20060831,0,230,135
20060901,0,248,152
20060902,0,268,128
20060903,2,226,102
20060904,11,181,81
20060905,0,215,89
20060906,0,243,68
20060907,0,219,98
20060908,0,133,17
20060909,0,174,9
20060910,0,210,64
20060911,0,215,57
20060912,0,199,57
20060913,0,204,93
20060914,58,209,113
20060915,0,247,73
20060916,0,260,86
20060917,0,243,90
20060918,0,231,112
20060919,0,232,87
20060920,0,247,97
20060921,0,170,107
20060922,0,189,124
20060923,0,158,134
20060924,9,147,114
20060925,0,188,68
20060926,0,218,64
20060927,0,215,121
20060928,0,227,75
20060929,7,210,69
20060930,0,204,71
20061001,0,208,61
20061002,0,218,65
20061003,0,228,81
20061004,0,220,64
20061005,0,234,65
20061006,0,198,100
20061007,3,188,67
20061008,0,189,40
20061009,0,223,38
20061010,0,216,65
20061011,0,216,27
20061012,0,236,62
20061013,0,241,47
20061014,0,250,55
20061015,0,240,75
20061016,0,196,77
20061017,0,206,14
20061018,0,234,57
20061019,0,244,49
20061020,0,243,69
20061021,0,172,74
20061022,0,149,-8
20061023,2,162,-11
20061024,27,141,60
20061025,0,147,-7
20061026,0,170,20
20061027,1,152,34
20061028,0,144,18
20061029,0,159,-9
20061030,0,153,39
20061031,0,148,5
20061101,0,155,-15
20061102,0,140,20
20061103,0,159,16
20061104,0,98,18
20061105,0,80,-6
20061106,0,102,-30
20061107,0,148,-49
20061108,0,125,35
20061109,0,135,-11
20061110,0,103,-4
20061111,0,146,-43
20061112,0,134,-27
20061113,0,55,-31
20061114,0,75,-88
20061115,0,98,-99
20061116,0,81,-26
20061117,0,82,-57
20061118,0,104,-56
20061119,0,80,-65
20061120,0,90,-63
20061121,0,111,-66
20061122,4,87,-21
20061123,7,31,5
20061124,95,8,-9
20061125,0,5,-25
20061126,0,-11,-48
20061127,2,-17,-72
20061128,0,-25,-117
20061129,0,-5,-132
20061130,0,-4,-95
20061201,0,-25,-115
20061202,0,-40,-160
20061203,0,-24,-168
20061204,0,4,-119
20061205,0,-12,-109
20061206,0,-14,-96
20061207,0,-26,-126
20061208,0,-37,-111
20061209,0,-27,-153
20061210,0,-5,-134
20061211,0,21,-116
20061212,0,-35,-75
20061213,0,-13,-140
20061214,0,3,-117
20061215,0,-40,-93
20061216,0,-34,-139
20061217,0,-15,-154
20061218,0,1,-117
20061219,0,0,-91
20061220,0,5,-112
20061221,0,45,-124
20061222,0,62,-104
20061223,0,33,-112
20061224,0,61,-107
20061225,0,72,-95
20061226,0,-13,-101
20061227,0,-26,-163
20061228,0,8,-160
20061229,0,-27,-112
20061230,0,-4,-152
20061231,0,-19,-162
20070101,0,1,-161
20070102,0,-2,-158
20070103,1,-4,-133
20070104,5,-35,-107
20070105,0,-85,-150
20070106,0,-57,-169
20070107,0,-44,-155
20070108,0,-41,-166
20070109,0,5,-173
20070110,0,-42,-172
20070111,0,-45,-185
20070112,0,-23,-183
20070113,0,0,-174
20070114,0,-29,-109
20070115,0,-37,-156
20070116,0,-29,-177
20070117,0,-1,-149
20070118,0,24,-156
20070119,0,21,-133
20070120,0,1,-148
20070121,0,15,-159
20070122,0,38,-106
20070123,0,0,-110
20070124,0,6,-149
20070125,0,-47,-112
20070126,0,-32,-117
20070127,0,-30,-137
20070128,0,51,-142
20070129,0,3,-82
20070130,0,44,-145
20070131,0,-3,-131
20070201,0,54,-85
20070202,0,81,-125
20070203,0,65,-102
20070204,0,77,-81
20070205,0,77,-66
20070206,0,86,-76
20070207,95,58,-32
20070208,0,13,-109
20070209,0,18,-68
20070210,0,30,-94
20070211,0,63,-94
20070212,0,45,-39
20070213,0,15,-80
20070214,0,31,-129
20070215,0,49,-95
20070216,0,53,-65
20070217,0,26,-85
20070218,0,66,-76
20070219,0,83,-58
20070220,0,90,-69
20070221,0,73,-73
20070222,0,67,-70
20070223,0,68,-44
20070224,0,85,-53
20070225,0,146,-60
20070226,0,156,-37
20070227,0,99,-1
20070228,10,70,6
20070301,15,53,6
20070302,26,37,14
20070303,131,23,-85
20070304,8,-69,-107
20070305,0,-71,-176
20070306,0,-39,-163
20070307,0,-12,-146
20070308,0,39,-80
20070309,0,5,-80
20070310,0,-46,-154
20070311,0,33,-128
20070312,0,58,-59
20070313,0,77,-40
20070314,0,72,-15
20070315,0,59,-29
20070316,0,56,-7
20070317,6,50,-7
20070318,0,83,-25
20070319,18,64,-5
20070320,0,75,-35
20070321,0,127,-31
20070322,0,146,29
20070323,9,143,70
20070324,0,133,-7
20070325,0,136,9
20070326,0,141,30
20070327,0,185,-1
20070328,0,179,21
20070329,0,194,46
20070330,0,140,63
20070331,0,125,-5
20070401,0,71,-6
20070402,0,33,-71
20070403,0,85,-83
20070404,0,127,-4
20070405,0,124,10
20070406,0,139,-3
20070407,0,130,-15
20070408,0,150,-18
20070409,0,175,10
20070410,0,205,5
20070411,0,190,79
20070412,0,151,49
20070413,0,169,-2
20070414,2,121,35
20070415,0,76,16
20070416,0,97,-29
20070417,0,131,33
20070418,0,228,46
20070419,0,195,127
20070420,0,215,84
20070421,0,175,61
20070422,0,148,39
20070423,38,100,28
20070424,0,148,35
20070425,0,175,47
20070426,0,206,50
20070427,0,211,58
20070428,0,203,88
20070429,0,217,82
20070430,0,186,90
20070501,0,215,16
20070502,4,225,101
20070503,0,214,88
20070504,0,251,82
20070505,0,234,74
20070506,0,259,59
20070507,0,284,127
20070508,0,258,122
20070509,0,258,53
20070510,0,227,91
20070511,0,160,90
20070512,0,217,33
20070513,0,263,65
20070514,0,292,74
20070515,0,250,157
20070516,0,253,57
20070517,0,220,102
20070518,0,260,70
20070519,0,299,128
20070520,0,254,123
20070521,236,211,128
20070522,8,239,124
20070523,0,206,134
20070524,0,214,70
20070525,0,255,112
20070526,0,277,145
20070527,0,263,140
20070528,0,287,102
20070529,0,296,163
20070530,46,266,152
20070531,0,251,133
20070601,0,294,118
20070602,0,324,115
20070603,0,285,190
20070604,0,269,88
20070605,0,302,124
20070606,0,317,157
20070607,0,309,162
20070608,0,276,131
20070609,0,278,146
20070610,0,273,169
20070611,0,276,141
20070612,32,258,173
20070613,0,282,148
20070614,0,296,165
20070615,0,273,169
20070616,104,249,161
20070617,125,174,129
20070618,176,157,134
20070619,56,156,121
20070620,176,161,144
20070621,9,200,141
20070622,394,166,127
20070623,0,233,94
20070624,0,294,118
20070625,0,312,170
20070626,0,325,159
20070627,0,302,175
20070628,6,273,169
20070629,3,284,129
20070630,2,264,129
20070701,0,291,134
20070702,0,281,149
20070703,0,293,155
20070704,0,286,194
20070705,202,266,178
20070706,0,289,167
20070707,0,314,169
20070708,2,313,176
20070709,0,283,175
20070710,0,300,141
20070711,0,316,169
20070712,0,301,210
20070713,0,236,171
20070714,19,243,150
20070715,0,301,137
20070716,0,314,169
20070717,0,325,220
20070718,3,240,165
20070719,0,262,141
20070720,0,258,162
20070721,9,267,162
20070722,48,244,147
20070723,0,218,141
20070724,0,242,144
20070725,46,212,140
20070726,0,225,135
20070727,0,245,149
20070728,0,227,174
20070729,0,265,167
20070730,1,285,176
20070731,0,306,183
20070801,0,321,159
20070802,0,331,154
20070803,0,291,148
20070804,0,301,163
20070805,0,303,163
20070806,27,289,178
20070807,94,303,166
20070808,0,282,197
20070809,40,261,150
20070810,16,266,127
20070811,0,286,131
20070812,0,294,141
20070813,0,322,134
20070814,0,323,144
20070815,0,309,154
20070816,0,292,168
20070817,0,283,165
20070818,0,297,172
20070819,0,306,200
20070820,0,321,212
20070821,80,320,216
20070822,0,301,195
20070823,0,274,193
20070824,0,277,139
20070825,120,277,138
20070826,64,201,136
20070827,23,238,147
20070828,290,222,151
20070829,0,202,146
20070830,0,235,142
20070831,0,267,150
20070901,2,253,127
20070902,6,239,120
20070903,0,244,124
20070904,11,235,107
20070905,35,201,111
20070906,0,194,95
20070907,2,197,118
20070908,0,240,77
20070909,0,248,93
20070910,0,257,142
20070911,0,256,133
20070912,3,202,136
20070913,0,194,104
20070914,0,252,84
20070915,0,274,106
20070916,0,255,101
20070917,60,185,81
20070918,0,207,45
20070919,0,233,55
20070920,0,253,68
20070921,0,249,98
20070922,0,242,116
20070923,0,222,101
20070924,0,227,95
20070925,0,251,93
20070926,24,205,92
20070927,0,127,60
20070928,0,135,79
20070929,16,99,79
20070930,25,97,77
20071001,14,125,80
20071002,12,136,49
20071003,5,151,95
20071004,7,166,116
20071005,55,156,100
20071006,12,142,73
20071007,0,97,4
20071008,0,119,19
20071009,1,92,53
20071010,23,131,34
20071011,0,142,50
20071012,8,155,62
20071013,0,95,-3
20071014,0,117,-31
20071015,0,150,2
20071016,0,164,5
20071017,0,177,24
20071018,0,108,-21
20071019,0,150,-7
20071020,0,173,-5
20071021,0,188,14
20071022,0,188,22
20071023,16,156,22
20071024,1,149,2
20071025,0,166,7
20071026,0,171,28
20071027,0,109,18
20071028,0,57,-70
20071029,0,117,-31
20071030,0,88,10
20071031,0,40,-16
20071101,0,54,-59
20071102,0,85,-70
20071103,0,120,-61
20071104,0,141,-24
20071105,0,150,-16
20071106,0,140,0
20071107,0,138,2
20071108,0,87,-52
20071109,0,115,-56
20071110,0,124,-61
20071111,0,78,14
20071112,0,102,-9
20071113,0,98,-6
20071114,0,76,-16
20071115,0,61,-56
20071116,0,86,-72
20071117,0,42,-50
20071118,0,69,-75
20071119,0,45,-38
20071120,0,82,-40
20071121,0,106,-66
20071122,0,104,-39
20071123,0,111,-71
20071124,0,154,-52
20071125,0,50,-68
20071126,0,20,-108
20071127,0,79,-100
20071128,0,35,-49
20071129,0,30,-111
20071130,0,49,-102
20071201,1,21,-49
20071202,0,9,-123
20071203,0,24,-122
20071204,0,27,-126
20071205,0,29,-99
20071206,0,17,-131
20071207,0,35,-130
20071208,0,58,-110
20071209,0,25,-93
20071210,1,12,-79
20071211,0,-27,-151
20071212,0,-15,-130
20071213,0,6,-161
20071214,0,0,-98
20071215,0,19,-148
20071216,0,10,-117
20071217,0,10,-95
20071218,0,29,-144
20071219,0,67,-116
20071220,0,35,-92
20071221,0,53,-108
20071222,0,42,-124
20071223,0,35,-71
20071224,0,16,-89
20071225,0,6,-34
20071226,0,14,-47
20071227,0,-21,-113
20071228,0,-66,-135
20071229,0,-94,-178
20071230,0,-61,-201
20071231,0,-46,-181
20080101,0,-32,-211
20080102,0,-22,-167
20080103,0,-3,-164
20080104,0,3,-135
20080105,0,39,-137
20080106,0,20,-141
20080107,0,34,-126
20080108,0,37,-116
20080109,0,11,-136
20080110,0,4,-120
20080111,0,-29,-125
20080112,0,-52,-130
20080113,15,-65,-113
20080114,0,-68,-167
20080115,0,-66,-175
20080116,11,-76,-183
20080117,0,-60,-236
20080118,0,-56,-207
20080119,18,-64,-125
20080120,20,-78,-128
20080121,2,-105,-176
20080122,0,-131,-268
20080123,0,-164,-277
20080124,0,-115,-274
20080125,0,-100,-199
20080126,0,-103,-249
20080127,1,-110,-207
20080128,4,-112,-183
20080129,0,-133,-247
20080130,0,-101,-219
20080131,0,-96,-265
20080201,0,-84,-265
20080202,0,-92,-265
20080203,0,-54,-261
20080204,0,-100,-201
20080205,0,-81,-249
20080206,0,-62,-240
20080207,0,-105,-218
20080208,0,-97,-204
20080209,0,-71,-196
20080210,0,-72,-216
20080211,0,-90,-216
20080212,0,-69,-238
20080213,0,-48,-178
20080214,0,-31,-197
20080215,0,-6,-151
20080216,0,-17,-163
20080217,14,-55,-124
20080218,0,-12,-130
20080219,0,11,-165
20080220,0,70,-130
20080221,0,84,-82
20080222,0,51,-113
20080223,0,75,-52
20080224,0,38,-35
20080225,0,-10,-61
20080226,0,21,-122
20080227,0,53,-119
20080228,0,49,-60
20080229,0,73,-90
20080301,0,32,-31
20080302,0,40,-92
20080303,0,95,-95
20080304,0,112,-81
20080305,0,116,-35
20080306,0,104,-33
20080307,30,77,-34
20080308,3,79,-5
20080309,0,127,-29
20080310,0,155,-30
20080311,0,145,5
20080312,0,90,18
20080313,0,110,-41
20080314,0,133,-12
20080315,0,117,-41
20080316,0,193,-19
20080317,0,221,0
20080318,0,157,-19
20080319,0,173,20
20080320,0,121,73
20080321,0,106,17
20080322,0,84,-2
20080323,0,123,-39
20080324,0,105,-42
20080325,0,137,-68
20080326,0,151,-9
20080327,0,156,5
20080328,7,108,-1
20080329,0,121,-12
20080330,0,144,-6
20080331,0,126,15
20080401,0,62,-6
20080402,0,97,-65
20080403,0,150,-42
20080404,0,176,-7
20080405,0,189,51
20080406,0,207,40
20080407,0,247,93
20080408,0,216,116
20080409,0,207,9
20080410,0,169,65
20080411,13,117,44
20080412,0,145,17
20080413,0,178,17
20080414,0,201,43
20080415,0,219,30
20080416,0,233,56
20080417,0,223,85
20080418,0,153,103
20080419,25,156,91
20080420,8,131,84
20080421,11,84,11
20080422,0,82,-8
20080423,0,123,-7
20080424,0,183,0
20080425,0,200,41
20080426,0,216,53
20080427,0,228,42
20080428,0,270,88
20080429,0,281,107
20080430,0,236,96
20080501,0,281,111
20080502,0,242,111
20080503,0,216,70
20080504,0,205,66
20080505,0,282,58
20080506,0,308,123
20080507,1,229,135
20080508,37,191,70
20080509,46,158,57
20080510,0,195,49
20080511,0,139,22
20080512,0,153,28
20080513,0,231,33
20080514,0,269,78
20080515,0,310,106
20080516,0,254,131
20080517,0,215,125
20080518,0,220,110
20080519,0,250,51
20080520,0,220,99
20080521,0,241,58
20080522,0,271,126
20080523,0,293,121
20080524,0,298,120
20080525,2,272,152
20080526,0,295,117
20080527,0,250,112
20080528,0,292,111
20080529,0,203,40
20080530,0,230,34
20080531,0,289,114
20080601,0,213,102
20080602,0,263,80
20080603,0,214,94
20080604,0,260,89
20080605,1,267,150
20080606,0,259,117
20080607,0,297,103
20080608,0,323,146
20080609,0,313,190
20080610,0,303,170
20080611,0,310,162
20080612,47,331,157
20080613,2,222,110
20080614,0,247,79
20080615,1,239,134
20080616,0,235,108
20080617,0,277,119
20080618,0,290,154
20080619,3,312,160
20080620,217,260,137
20080621,0,302,155
20080622,11,269,140
20080623,0,282,142
20080624,0,303,168
20080625,0,323,180
20080626,0,327,176
20080627,0,318,158
20080628,0,302,179
20080629,0,283,171
20080630,0,313,158
20080701,0,317,169
20080702,0,334,171
20080703,30,341,209
20080704,0,224,175
20080705,0,293,134
20080706,0,336,145
20080707,0,328,208
20080708,0,330,200
20080709,0,331,199
20080710,0,311,190
20080711,0,287,156
20080712,0,305,156
20080713,29,279,179
20080714,35,225,157
20080715,0,301,144
20080716,0,307,164
20080717,123,281,153
20080718,17,275,135
20080719,0,266,168
20080720,2,267,174
20080721,43,279,155
20080722,0,295,161
20080723,0,309,163
20080724,0,316,177
20080725,0,312,193
20080726,0,324,193
20080727,0,327,206
20080728,134,301,169
20080729,0,263,153
20080730,262,260,187
20080731,98,191,164
20080801,0,251,150
20080802,0,302,149
20080803,0,314,150
20080804,0,313,171
20080805,0,309,173
20080806,0,295,192
20080807,49,248,181
20080808,113,263,186
20080809,137,201,133
20080810,0,174,137
20080811,0,221,101
20080812,0,244,114
20080813,0,233,152
20080814,0,232,139
20080815,0,240,131
20080816,250,213,143
20080817,0,274,128
20080818,0,295,133
20080819,0,289,168
20080820,238,256,170
20080821,0,209,154
20080822,0,260,98
20080823,0,274,112
20080824,0,294,129
20080825,0,287,142
20080826,0,269,141
20080827,0,274,133
20080828,0,258,135
20080829,90,217,120
20080830,0,177,96
20080831,0,206,51
20080901,0,234,68
20080902,20,229,117
20080903,3,249,105
20080904,0,251,120
20080905,0,269,78
20080906,15,214,148
20080907,0,193,139
20080908,252,158,137
20080909,0,163,85
20080910,0,216,74
20080911,0,246,68
20080912,0,250,82
20080913,0,245,103
20080914,0,248,107
20080915,0,267,101
20080916,0,271,120
20080917,0,286,125
20080918,0,245,137
20080919,0,235,117
20080920,0,249,117
20080921,39,217,153
20080922,42,154,108
20080923,201,114,89
20080924,59,169,106
20080925,0,128,87
20080926,17,98,56
20080927,35,106,67
20080928,0,148,57
20080929,0,181,32
20080930,0,198,46
20081001,0,236,50
20081002,0,242,66
20081003,0,230,79
20081004,25,179,51
20081005,0,136,7
20081006,0,177,31
20081007,0,196,58
20081008,0,156,7
20081009,0,144,61
20081010,0,150,-15
20081011,0,173,42
20081012,0,181,20
20081013,0,200,48
20081014,0,180,33
20081015,0,188,42
20081016,0,204,33
20081017,35,193,52
20081018,0,163,28
20081019,0,169,7
20081020,0,163,30
20081021,0,169,73
20081022,5,117,-1
20081023,0,60,-45
20081024,0,105,-32
20081025,0,126,1
20081026,0,110,-49
20081027,0,138,-37
20081028,0,158,45
20081029,0,126,7
20081030,0,122,-25
20081031,0,133,-30
20081101,0,106,22
20081102,0,126,-12
20081103,0,152,-33
20081104,0,129,-2
20081105,0,117,0
20081106,0,122,-17
20081107,0,131,-30
20081108,0,114,-11
20081109,0,118,-32
20081110,0,104,-20
20081111,0,106,15
20081112,4,50,-3
20081113,0,45,-50
20081114,0,86,-51
20081115,0,46,-66
20081116,0,29,-51
20081117,0,1,-84
20081118,0,-11,-102
20081119,0,33,-90
20081120,0,70,-91
20081121,0,81,-98
20081122,0,76,-77
20081123,25,22,-23
20081124,0,3,-72
20081125,0,39,-100
20081126,2,4,-87
20081127,0,20,-116
20081128,0,45,-68
20081129,0,62,-58
20081130,0,73,-61
20081201,0,57,-27
20081202,0,81,-76
20081203,0,21,-92
20081204,0,-92,-168
20081205,0,-60,-197
20081206,0,-9,-174
20081207,0,-8,-95
20081208,0,55,-44
20081209,0,78,-41
20081210,0,9,-45
20081211,0,70,-94
20081212,0,25,-71
20081213,0,-19,-129
20081214,0,10,-116
20081215,0,37,-124
20081216,0,26,-94
20081217,0,18,-124
20081218,0,70,-119
20081219,0,20,-79
20081220,0,-10,-153
20081221,0,-152,-256
20081222,0,-66,-238
20081223,0,-44,-180
20081224,0,-20,-128
20081225,0,-44,-161
20081226,0,12,-128
20081227,0,9,-121
20081228,0,-59,-125
20081229,0,-63,-182
20081230,0,-68,-208
20081231,0,-35,-211
20090101,0,-9,-186
20090102,0,-5,-128
20090103,0,-11,-106
20090104,0,-8,-118
20090105,6,-55,-122
20090106,0,-59,-176
20090107,0,-38,-155
20090108,0,-67,-168
20090109,0,-47,-205
20090110,0,-29,-181
20090111,0,-92,-205
20090112,0,-59,-213
20090113,0,-2,-194
20090114,0,-22,-189
20090115,0,7,-173
20090116,0,13,-132
20090117,0,6,-108
20090118,0,3,-114
20090119,0,51,-115
20090120,0,25,-55
20090121,0,48,-84
20090122,0,-31,-200
20090123,0,-140,-250
20090124,0,-82,-196
20090125,0,-44,-153
20090126,0,0,-138
20090127,0,56,-124
20090128,0,46,-107
20090129,0,69,-95
20090130,0,104,-106
20090131,0,80,-82
20090201,0,72,-96
20090202,0,39,-43
20090203,0,96,-64
20090204,0,101,-57
20090205,0,103,-77
20090206,0,89,-41
20090207,0,77,-63
20090208,0,48,-45
20090209,0,89,-83
20090210,0,109,-56
20090211,0,134,-64
20090212,0,63,-24
20090213,0,41,-30
20090214,0,0,-74
20090215,0,41,-128
20090216,0,61,-102
20090217,0,89,-59
20090218,0,47,-57
20090219,0,-7,-106
20090220,0,66,-170
20090221,0,40,-78
20090222,0,71,-93
20090223,0,73,-55
20090224,0,3,-95
20090225,0,15,-103
20090226,0,8,-101
20090227,0,60,-112
20090228,0,69,-112
20090301,0,73,-46
20090302,21,30,-25
20090303,5,52,-25
20090304,0,36,-49
20090305,0,18,-75
20090306,0,67,-118
20090307,0,97,-61
20090308,0,106,-53
20090309,0,122,-40
20090310,0,72,-7
20090311,29,49,-4
20090312,0,4,-66
20090313,0,4,-130
20090314,0,109,-94
20090315,0,110,9
20090316,0,175,-21
20090317,0,208,41
20090318,0,195,9
20090319,0,199,0
20090320,0,218,80
20090321,0,165,40
20090322,0,94,-46
20090323,0,160,-31
20090324,0,110,-57
20090325,0,115,-89
20090326,0,102,-26
20090327,0,98,12
20090328,0,114,-30
20090329,0,73,-25
20090330,0,49,-83
20090331,0,53,-85
20090401,0,89,-75
20090402,0,74,16
20090403,0,126,-5
20090404,0,127,-12
20090405,0,146,-23
20090406,0,178,-8
20090407,0,204,27
20090408,0,210,69
20090409,0,175,117
20090410,0,196,89
20090411,0,219,31
20090412,0,230,52
20090413,0,243,79
20090414,0,251,89
20090415,0,201,40
20090416,0,242,61
20090417,0,227,103
20090418,0,206,106
20090419,0,204,64
20090420,0,133,7
20090421,0,176,-5
20090422,0,213,81
20090423,0,175,62
20090424,0,118,26
20090425,0,145,9
20090426,0,187,-9
20090427,0,219,43
20090428,0,244,72
20090429,0,259,145
20090430,3,219,75
20090501,0,179,48
20090502,0,211,43
20090503,0,237,28
20090504,0,276,109
20090505,0,290,93
20090506,0,286,140
20090507,0,277,147
20090508,0,249,149
20090509,0,198,81
20090510,0,247,97
20090511,0,212,121
20090512,0,216,73
20090513,131,189,87
20090514,48,178,85
20090515,0,225,89
20090516,0,189,109
20090517,0,201,37
20090518,0,245,76
20090519,0,247,122
20090520,0,281,99
20090521,0,239,103
20090522,0,226,35
20090523,0,255,51
20090524,0,253,126
20090525,0,266,100
20090526,0,250,139
20090527,181,198,106
20090528,0,200,107
20090529,0,188,71
20090530,0,238,65
20090531,0,266,98
20090601,0,288,101
20090602,0,309,142
20090603,0,282,176
20090604,0,292,103
20090605,0,265,145
20090606,0,269,84
20090607,6,264,129
20090608,0,225,103
20090609,0,235,101
20090610,0,253,95
20090611,0,269,117
20090612,0,264,183
20090613,0,298,107
20090614,0,318,157
20090615,0,330,186
20090616,0,293,207
20090617,0,316,171
20090618,0,292,202
20090619,2,274,151
20090620,0,302,116
20090621,0,281,180
20090622,0,280,81
20090623,0,319,148
20090624,0,342,143
20090625,0,342,182
20090626,0,338,192
20090627,0,287,227
20090628,0,302,140
20090629,0,320,136
20090630,0,318,163
20090701,0,314,162
20090702,0,322,168
20090703,0,327,186
20090704,0,304,222
20090705,0,286,191
20090706,0,318,168
20090707,2,288,192
20090708,355,230,149
20090709,0,304,146
20090710,0,282,182
20090711,0,318,179
20090712,0,318,180
20090713,10,266,180
20090714,0,306,144
20090715,0,276,181
20090716,14,297,180
20090717,0,303,202
20090718,0,341,164
20090719,0,303,204
20090720,0,328,157
20090721,0,326,200
20090722,0,307,153
20090723,0,336,183
20090724,0,294,163
20090725,0,311,163
20090726,3,278,179
20090727,0,301,135
20090728,0,320,149
20090729,0,299,173
20090730,70,284,158
20090731,45,303,179
20090801,22,261,172
20090802,0,283,141
20090803,49,254,152
20090804,67,209,145
20090805,0,254,145
20090806,0,279,146
20090807,0,291,172
20090808,0,282,177
20090809,2,264,175
20090810,0,284,127
20090811,0,304,128
20090812,0,318,128
20090813,0,312,142
20090814,0,306,189
20090815,1,266,162
20090816,0,273,130
20090817,0,289,166
20090818,142,252,137
20090819,0,262,104
20090820,122,225,128
20090821,18,150,121
20090822,0,234,91
20090823,0,193,133
20090824,49,229,157
20090825,35,206,155
20090826,0,270,126
20090827,0,247,143
20090828,0,190,130
20090829,0,245,104
20090830,0,282,124
20090831,0,281,120
20090901,0,267,129
20090902,0,251,156
20090903,0,212,156
20090904,0,249,156
20090905,22,218,128
20090906,71,129,107
20090907,100,120,93
20090908,67,156,90
20090909,86,126,97
20090910,26,194,104
20090911,0,189,97
20090912,0,181,100
20090913,0,230,74
20090914,0,251,139
20090915,0,254,83
20090916,0,275,103
20090917,0,285,115
20090918,0,247,115
20090919,7,210,83
20090920,0,160,21
20090921,0,198,-10
20090922,0,256,22
20090923,0,263,69
20090924,0,265,94
20090925,0,200,107
20090926,0,230,100
20090927,0,249,54
20090928,0,255,66
20090929,0,256,115
20090930,11,201,129
20091001,0,214,50
20091002,0,231,52
20091003,0,231,49
20091004,0,190,25
20091005,0,219,22
20091006,2,206,99
20091007,0,206,55
20091008,0,161,21
20091009,0,171,18
20091010,129,111,76
20091011,10,130,69
20091012,0,161,2
20091013,0,164,-5
20091014,0,185,2
20091015,0,162,33
20091016,0,116,36
20091017,0,181,0
20091018,0,107,37
20091019,0,138,-27
20091020,0,140,45
20091021,0,169,24
20091022,0,171,18
20091023,0,189,-1
20091024,0,180,12
20091025,0,174,13
20091026,0,152,34
20091027,0,173,9
20091028,0,185,-2
20091029,0,184,-4
20091030,0,149,40
20091031,0,99,-1
20091101,0,40,-83
20091102,0,25,-134
20091103,0,93,-94
20091104,0,123,-36
20091105,0,173,-56
20091106,0,202,6
20091107,0,189,24
20091108,0,166,-1
20091109,0,118,-32
20091110,30,36,-35
20091111,71,-12,-63
20091112,0,-38,-126
20091113,0,1,-121
20091114,0,-59,-135
20091115,0,-92,-175
20091116,0,-100,-154
20091117,0,-56,-180
20091118,0,-44,-151
20091119,0,-21,-158
20091120,0,-30,-121
20091121,0,4,-135
20091122,0,38,-125
20091123,0,52,-116
20091124,0,49,-83
20091125,0,64,-88
20091126,0,22,-63
20091127,0,28,-97
20091128,0,3,-60
20091129,0,13,-46
20091130,0,32,-76
20091201,0,31,-85
20091202,0,4,-67
20091203,0,32,-107
20091204,0,-11,-101
20091205,0,21,-142
20091206,0,42,-134
20091207,0,8,-89
20091208,0,29,-124
20091209,0,30,-116
20091210,0,13,-98
20091211,0,-31,-118
20091212,0,11,-120
20091213,0,16,-126
20091214,0,-23,-84
20091215,2,-51,-120
20091216,0,-66,-146
20091217,0,-72,-195
20091218,0,-90,-191
20091219,0,-96,-201
20091220,0,-74,-233
20091221,0,-8,-187
20091222,0,10,-113
20091223,0,46,-91
20091224,0,-6,-144
20091225,0,-89,-202
20091226,0,-103,-168
20091227,0,-61,-197
20091228,0,2,-168
20091229,0,-50,-129
20091230,0,-63,-176
20091231,0,7,-153
20100101,0,34,-98
20100102,0,30,-89
20100103,0,7,-140
20100104,0,-107,-236
20100105,0,-35,-141
20100106,0,19,-134
20100107,0,39,-110
20100108,0,42,-107
20100109,0,1,-126
20100110,0,-35,-101
20100111,0,-58,-133
20100112,0,-91,-184
20100113,0,-17,-208
20100114,0,-19,-98
20100115,0,31,-161
20100116,0,73,-133
20100117,0,78,-93
20100118,0,98,-93
20100119,0,51,-81
20100120,0,-28,-149
20100121,0,-87,-169
20100122,0,-90,-222
20100123,0,-44,-191
20100124,0,-48,-137
20100125,0,-30,-210
20100126,0,12,-151
20100127,0,20,-106
20100128,0,-35,-145
20100129,0,-13,-150
20100130,5,1,-154
20100131,0,-9,-155
20100201,0,-3,-114
20100202,0,-29,-124
20100203,0,0,-169
20100204,0,50,-147
20100205,0,68,-125
20100206,0,45,-53
20100207,0,64,-71
20100208,0,47,-82
20100209,0,8,-73
20100210,53,-70,-105
20100211,18,-104,-180
20100212,0,-92,-254
20100213,0,-38,-224
20100214,0,-92,-168
20100215,0,-50,-203
20100216,0,-52,-124
20100217,0,-72,-173
20100218,0,-20,-168
20100219,0,40,-164
20100220,0,75,-100
20100221,0,66,-53
20100222,0,117,-71
20100223,0,166,-11
20100224,0,93,17
20100225,0,124,-33
20100226,0,152,-21
20100227,0,163,-26
20100228,0,58,-37
20100301,0,47,-46
20100302,0,23,-87
20100303,32,50,-56
20100304,9,5,-60
20100305,0,-36,-139
20100306,0,37,-105
20100307,31,6,-86
20100308,6,-87,-161
20100309,1,-41,-177
20100310,0,60,-145
20100311,0,127,-7
20100312,0,118,-34
20100313,0,173,-25
20100314,0,121,-4
20100315,0,27,-96
20100316,0,104,-67
20100317,3,58,-31
20100318,0,214,6
20100319,0,142,41
20100320,0,50,-50
20100321,0,147,-29
20100322,0,73,-11
20100323,0,62,-42
20100324,0,35,-34
20100325,0,40,-105
20100326,0,111,-77
20100327,0,112,-2
20100328,0,147,-24
20100329,21,124,58
20100330,0,110,1
20100331,0,69,4
20100401,0,52,-82
20100402,0,95,-79
20100403,0,164,-45
20100404,0,165,1
20100405,0,112,26
20100406,0,113,-63
20100407,0,173,-12
20100408,0,201,48
20100409,0,118,39
20100410,0,121,-22
20100411,0,124,7
20100412,1,6,-80
20100413,0,39,-104
20100414,0,94,-8
20100415,0,129,-10
20100416,0,171,1
20100417,0,178,61
20100418,0,180,27
20100419,0,197,50
20100420,22,147,74
20100421,47,111,35
20100422,0,112,6
20100423,0,161,-15
20100424,0,207,16
20100425,25,177,19
20100426,5,32,-28
20100427,0,104,10
20100428,0,126,-2
20100429,0,175,-4
20100430,0,215,3
20100501,0,273,59
20100502,0,288,122
20100503,0,273,152
20100504,3,218,106
20100505,0,160,66
20100506,0,215,51
20100507,0,240,95
20100508,0,211,115
20100509,0,134,8
20100510,0,212,33
20100511,0,237,57
20100512,0,237,119
20100513,4,169,103
20100514,5,208,99
20100515,87,201,85
20100516,150,143,86
20100517,15,136,49
20100518,0,185,34
20100519,0,229,68
20100520,0,256,62
20100521,0,242,157
20100522,0,251,144
20100523,0,294,120
20100524,0,273,137
20100525,76,235,153
20100526,446,160,104
20100527,0,203,95
20100528,34,235,92
20100529,0,234,95
20100530,0,237,111
20100531,0,238,132
20100601,0,260,140
20100602,0,278,143
20100603,0,278,149
20100604,0,279,120
20100605,0,273,146
20100606,0,257,143
20100607,27,228,144
20100608,232,154,112
20100609,0,169,120
20100610,0,254,99
20100611,0,293,132
20100612,0,281,137
20100613,0,285,155
20100614,0,289,133
20100615,0,320,128
20100616,0,279,173
20100617,0,268,136
20100618,0,280,141
20100619,0,311,160
20100620,0,317,162
20100621,0,338,152
20100622,0,335,192
20100623,81,324,191
20100624,0,312,166
20100625,0,302,181
20100626,0,287,175
20100627,0,297,164
20100628,0,301,177
20100629,177,263,159
20100630,76,200,163
20100701,11,284,169
20100702,0,290,155
20100703,0,278,172
20100704,0,302,197
20100705,0,318,183
20100706,0,332,158
20100707,303,298,163
20100708,0,262,141
20100709,13,283,175
20100710,0,311,151
20100711,0,304,167
20100712,0,330,163
20100713,0,318,182
20100714,42,284,189
20100715,4,319,194
20100716,44,312,188
20100717,0,301,168
20100718,0,321,147
20100719,0,316,167
20100720,0,334,182
20100721,0,339,174
20100722,0,328,193
20100723,0,297,190
20100724,0,273,189
20100725,0,285,185
20100726,0,320,182
20100727,0,333,209
20100728,0,344,216
20100729,0,358,207
20100730,0,366,221
20100731,0,335,213
20100801,0,312,180
20100802,0,334,231
20100803,0,307,227
20100804,0,255,217
20100805,0,262,111
20100806,0,312,146
20100807,36,280,205
20100808,14,284,178
20100809,2,284,153
20100810,0,285,157
20100811,0,321,210
20100812,0,303,197
20100813,0,283,179
20100814,0,255,127
20100815,0,282,109
20100816,0,315,142
20100817,0,313,195
20100818,0,280,177
20100819,0,311,145
20100820,0,244,147
20100821,107,262,133
20100822,0,262,126
20100823,0,275,132
20100824,0,258,127
20100825,2,268,117
20100826,0,269,126
20100827,0,266,102
20100828,0,287,130
20100829,0,288,163
20100830,0,222,158
20100831,0,258,138
20100901,4,247,144
20100902,2,247,143
20100903,0,251,105
20100904,11,254,105
20100905,0,251,123
20100906,0,215,141
20100907,1,227,131
20100908,127,175,93
20100909,0,213,75
20100910,0,254,80
20100911,0,286,92
20100912,0,287,119
20100913,0,264,155
20100914,0,256,151
20100915,0,253,181
20100916,0,256,193
20100917,139,194,133
20100918,4,163,123
20100919,0,203,131
20100920,477,223,126
20100921,2,136,94
20100922,0,166,23
20100923,0,194,31
20100924,0,180,85
20100925,0,213,91
20100926,0,195,46
20100927,0,194,38
20100928,1,143,63
20100929,6,172,76
20100930,0,216,63
20101001,30,155,86
20101002,0,133,35
20101003,0,168,20
20101004,0,194,18
20101005,0,235,32
20101006,0,229,57
20101007,0,245,85
20101008,0,242,74
20101009,0,213,84
20101010,19,177,69
20101011,0,147,-15
20101012,0,171,25
20101013,0,183,8
20101014,0,150,39
20101015,0,174,27
20101016,0,181,24
20101017,0,196,4
20101018,0,160,60
20101019,0,180,1
20101020,0,212,16
20101021,0,211,54
20101022,0,145,92
20101023,0,115,76
20101024,18,110,-8
20101025,0,44,-58
20101026,0,19,-15
20101027,0,43,-22
20101028,0,85,-55
20101029,0,101,-17
20101030,0,117,-39
20101031,0,137,-14
20101101,0,93,-8
20101102,0,93,-49
20101103,0,115,-23
20101104,0,129,-35
20101105,0,151,-32
20101106,0,91,-19
20101107,0,77,-36
20101108,0,93,-43
20101109,0,115,-7
20101110,0,84,2
20101111,0,36,-49
20101112,0,90,-33
20101113,0,51,-98
20101114,0,-20,-86
20101115,0,56,-117
20101116,0,99,-62
20101117,0,116,-76
20101118,0,50,0
20101119,0,122,-30
20101120,0,132,-38
20101121,0,56,-82
20101122,0,75,-94
20101123,0,57,-42
20101124,0,17,-103
20101125,0,73,-97
20101126,0,61,-53
20101127,0,50,-94
20101128,0,70,-49
20101129,0,71,-45
20101130,0,107,-53
20101201,0,74,-38
20101202,0,19,-74
20101203,0,92,-92
20101204,0,151,-70
20101205,0,33,-55
20101206,0,-33,-131
20101207,0,2,-101
20101208,0,35,-46
20101209,0,45,-71
20101210,0,9,-90
20101211,0,44,-140
20101212,0,1,-95
20101213,0,-95,-167
20101214,0,-107,-188
20101215,0,-123,-225
20101216,0,-28,-197
20101217,0,25,-131
20101218,0,16,-97
20101219,0,23,-100
20101220,0,21,-125
20101221,0,55,-92
20101222,0,13,-87
20101223,0,-43,-188
20101224,0,-73,-189
20101225,0,-80,-141
20101226,0,0,-163
20101227,0,-37,-111
20101228,0,27,-145
20101229,0,-55,-158
20101230,0,-121,-194
20101231,0,-98,-245
20110101,0,-67,-190
20110102,16,-89,-118
20110103,0,-81,-152
20110104,0,-84,-226
20110105,0,-155,-224
20110106,0,-104,-259
20110107,0,-62,-186
20110108,0,-105,-184
20110109,0,-99,-230
20110110,3,-108,-210
20110111,0,-80,-185
20110112,0,-46,-216
20110113,0,-38,-174
20110114,0,-103,-175
20110115,0,-80,-229
20110116,0,-67,-213
20110117,0,-103,-229
20110118,0,-88,-214
20110119,0,-61,-184
20110120,0,-50,-194
20110121,0,-38,-179
20110122,0,-82,-178
20110123,0,-84,-234
20110124,0,-28,-202
20110125,0,-38,-199
20110126,0,-23,-173
20110127,0,-65,-145
20110128,0,-90,-176
20110129,0,-62,-221
20110130,0,-42,-222
20110131,0,-18,-209
20110201,0,7,-176
20110202,0,3,-150
20110203,0,35,-117
20110204,0,40,-117
20110205,0,62,-72
20110206,0,69,-126
20110207,0,63,-29
20110208,0,54,-92
20110209,0,25,-63
20110210,0,-7,-92
20110211,0,7,-162
20110212,10,-8,-87
20110213,0,-38,-162
20110214,0,3,-160
20110215,0,26,-83
20110216,0,10,-86
20110217,0,35,-131
20110218,0,32,-95
20110219,0,37,-73
20110220,0,77,-85
20110221,0,76,-78
20110222,0,107,-44
20110223,0,143,-1
20110224,0,78,-29
20110225,3,54,-23
20110226,0,37,-42
20110227,2,19,-72
20110228,0,-11,-112
20110301,0,3,-118
20110302,0,7,-132
20110303,0,11,-161
20110304,0,45,-104
20110305,0,48,-87
20110306,0,72,-69
20110307,0,71,-93
20110308,0,55,-70
20110309,0,49,-127
20110310,0,90,-99
20110311,0,120,-23
20110312,0,180,-19
20110313,0,79,-65
20110314,0,-24,-95
20110315,0,13,-103
20110316,0,83,-95
20110317,0,74,-70
20110318,0,40,-69
20110319,0,49,-55
20110320,0,36,-52
20110321,0,-10,-105
20110322,0,27,-107
20110323,0,-8,-89
20110324,0,24,-131
20110325,0,47,-110
20110326,0,70,-97
20110327,0,87,-85
20110328,0,123,-80
20110329,0,152,-66
20110330,0,184,-10
20110331,0,202,17
20110401,49,163,17
20110402,0,91,-53
20110403,0,107,-15
20110404,0,133,1
20110405,10,96,19
20110406,0,92,14
20110407,0,99,4
20110408,0,126,-20
20110409,0,167,14
20110410,0,96,-21
20110411,0,190,-48
20110412,0,228,30
20110413,0,209,63
20110414,0,226,40
20110415,0,206,40
20110416,0,232,34
20110417,0,181,43
20110418,0,190,-1
20110419,0,241,29
20110420,0,214,90
20110421,0,167,46
20110422,0,159,34
20110423,0,174,54
20110424,0,240,22
20110425,0,209,142
20110426,0,163,35
20110427,0,196,16
20110428,0,257,72
20110429,0,226,119
20110430,0,153,44
20110501,0,186,21
20110502,0,211,26
20110503,4,167,83
20110504,0,207,62
20110505,0,172,75
20110506,0,210,28
20110507,0,249,106
20110508,2,219,165
20110509,19,185,119
20110510,0,223,58
20110511,0,195,92
20110512,0,163,25
20110513,0,204,9
20110514,0,232,36
20110515,0,254,87
20110516,0,278,73
20110517,0,265,183
20110518,0,230,151
20110519,17,184,93
20110520,0,151,73
20110521,0,172,15
20110522,0,208,28
20110523,0,240,57
20110524,0,251,128
20110525,0,241,95
20110526,0,260,78
20110527,0,284,91
20110528,0,300,146
20110529,2,262,162
20110530,0,240,124
20110531,0,226,109
20110601,0,261,79
20110602,0,303,119
20110603,0,298,161
20110604,0,282,160
20110605,0,286,170
20110606,18,307,161
20110607,0,307,149
20110608,0,269,146
20110609,0,277,150
20110610,0,267,148
20110611,0,258,99
20110612,0,295,144
20110613,0,317,182
20110614,0,318,166
20110615,0,345,191
20110616,0,332,183
20110617,0,292,187
20110618,0,296,161
20110619,0,286,174
20110620,0,297,204
20110621,7,250,186
20110622,0,301,165
20110623,0,318,146
20110624,0,286,144
20110625,0,294,159
20110626,1,266,175
20110627,0,296,123
20110628,0,341,155
20110629,4,299,174
20110630,0,304,139
20110701,14,267,178
20110702,58,203,170
20110703,0,297,156
20110704,0,298,199
20110705,0,283,182
20110706,0,290,178
20110707,0,253,102
20110708,0,278,136
20110709,1,283,148
20110710,14,300,133
20110711,3,302,165
20110712,0,329,152
20110713,0,325,170
20110714,0,327,168
20110715,0,332,153
20110716,0,339,169
20110717,3,315,153
20110718,0,295,155
20110719,0,306,150
20110720,0,305,173
20110721,126,314,180
20110722,0,294,151
20110723,0,312,190
20110724,91,289,169
20110725,0,332,152
20110726,0,332,197
20110727,0,311,161
20110728,70,281,161
20110729,4,271,151
20110730,0,308,153
20110731,0,317,168
20110801,39,314,179
20110802,0,315,158
20110803,0,328,186
20110804,0,315,184
20110805,0,281,198
20110806,0,332,163
20110807,0,342,189
20110808,2,361,186
20110809,0,335,184
20110810,0,317,180
20110811,0,315,189
20110812,0,325,189
20110813,0,326,203
20110814,57,300,184
20110815,48,215,157
20110816,0,274,144
20110817,108,242,148
20110818,0,223,138
20110819,0,216,134
20110820,0,232,127
20110821,8,245,151
20110822,0,281,143
20110823,14,279,151
20110824,12,244,152
20110825,45,268,145
20110826,38,260,113
20110827,0,267,133
20110828,0,280,129
20110829,0,285,138
20110830,0,299,165
20110831,0,306,184
20110901,0,260,179
20110902,42,242,139
20110903,7,240,147
20110904,0,249,133
20110905,0,211,156
20110906,0,185,139
20110907,0,202,123
20110908,9,168,85
20110909,54,121,64
20110910,0,170,20
20110911,0,176,97
20110912,0,271,120
20110913,0,279,121
20110914,1,248,116
20110915,3,241,137
20110916,45,149,82
20110917,0,132,20
20110918,0,110,50
20110919,0,136,75
20110920,0,150,88
20110921,0,185,37
20110922,0,197,51
20110923,0,217,55
20110924,0,225,69
20110925,0,240,84
20110926,0,219,99
20110927,0,184,121
20110928,163,177,93
20110929,0,202,38
20110930,0,179,41
20111001,0,137,31
20111002,0,140,14
20111003,0,171,65
20111004,2,185,71
20111005,0,205,29
20111006,0,223,39
20111007,0,237,48
20111008,0,171,89
20111009,0,206,50
20111010,0,192,103
20111011,0,135,94
20111012,20,118,73
20111013,0,110,42
20111014,0,80,22
20111015,0,147,24
20111016,0,188,57
20111017,0,204,32
20111018,0,204,27
20111019,0,195,46
20111020,0,197,47
20111021,0,180,44
20111022,0,135,90
20111023,17,113,9
20111024,0,83,-44
20111025,107,51,0
20111026,11,70,10
20111027,0,117,-2
20111028,0,146,-13
20111029,0,162,-8
20111030,0,168,13
20111031,0,118,55
20111101,0,108,39
20111102,0,112,31
20111103,195,112,81
20111104,0,90,39
20111105,86,57,22
20111106,82,63,6
20111107,118,55,19
20111108,0,86,-22
20111109,0,90,-12
20111110,0,94,-5
20111111,0,47,11
20111112,0,74,-42
20111113,0,99,-55
20111114,0,107,-37
20111115,0,116,-32
20111116,0,74,-7
20111117,0,97,21
20111118,0,45,-25
20111119,0,14,-90
20111120,0,63,-85
20111121,0,62,-44
20111122,0,14,-66
20111123,0,38,-122
20111124,0,82,-66
20111125,0,116,-48
20111126,0,80,-36
20111127,0,100,-60
20111128,0,74,-33
20111129,20,46,-24
20111130,0,29,-82
20111201,0,8,-88
20111202,8,-9,-60
20111203,0,-24,-102
20111204,0,-11,-67
20111205,0,3,-22
20111206,0,10,-32
20111207,0,-32,-97
20111208,0,-42,-163
20111209,0,-59,-154
20111210,0,-33,-151
20111211,0,-9,-140
20111212,0,-26,-155
20111213,0,14,-141
20111214,0,-39,-167
20111215,0,-56,-147
20111216,0,-61,-179
20111217,0,-13,-159
20111218,0,-23,-147
20111219,0,-17,-83
20111220,0,-15,-133
20111221,0,-34,-130
20111222,0,-42,-175
20111223,0,-47,-116
20111224,0,-24,-120
20111225,0,-1,-151
20111226,0,-15,-140
20111227,2,-3,-111
20111228,0,-2,-150
20111229,0,20,-133
20111230,0,24,-119
20111231,0,10,-131
20120101,0,-8,-166
20120102,0,-67,-150
20120103,0,-86,-190
20120104,0,-69,-229
20120105,0,-15,-215
20120106,0,-13,-193
20120107,0,-19,-127
20120108,0,-16,-179
20120109,0,-30,-162
20120110,0,-35,-189
20120111,0,-28,-207
20120112,0,-15,-188
20120113,0,-19,-199
20120114,0,-33,-181
20120115,0,-6,-182
20120116,0,-3,-155
20120117,0,-15,-153
20120118,0,0,-152
20120119,0,-36,-91
20120120,0,-83,-169
20120121,0,-108,-205
20120122,0,-106,-207
20120123,0,-89,-213
20120124,0,-87,-209
20120125,0,-39,-219
20120126,0,-21,-192
20120127,0,7,-193
20120128,0,-28,-119
20120129,0,-15,-165
20120130,0,11,-167
20120131,0,-6,-120
20120201,0,-82,-197
20120202,0,-43,-233
20120203,0,-15,-194
20120204,0,17,-164
20120205,0,12,-148
20120206,0,-43,-208
20120207,0,-88,-261
20120208,0,-74,-245
20120209,0,-49,-198
20120210,0,-31,-216
20120211,0,18,-194
20120212,0,35,-132
20120213,0,30,-125
20120214,0,1,-136
20120215,0,-23,-135
20120216,0,-42,-214
20120217,0,-45,-215
20120218,0,-28,-222
20120219,0,35,-183
20120220,0,78,-142
20120221,0,91,-119
20120222,0,44,-45
20120223,0,51,-70
20120224,0,26,-85
20120225,0,-47,-117
20120226,0,4,-184
20120227,0,41,-148
20120228,0,82,-98
20120229,0,100,-98
20120301,0,84,-49
20120302,0,39,-84
20120303,27,4,-31
20120304,13,11,-26
20120305,7,-1,-81
20120306,0,25,-142
20120307,0,22,-86
20120308,0,26,-66
20120309,0,53,-74
20120310,0,3,-101
20120311,0,39,-134
20120312,0,57,-102
20120313,0,97,-79
20120314,0,136,-50
20120315,15,76,24
20120316,0,127,-19
20120317,0,127,-38
20120318,0,51,-85
20120319,0,108,-57
20120320,0,106,-53
20120321,1,60,18
20120322,0,65,-4
20120323,0,63,-62
20120324,0,119,-74
20120325,0,139,-44
20120326,0,149,-49
20120327,0,164,-39
20120328,56,130,37
20120329,0,130,28
20120330,0,66,-51
20120331,0,161,-40
20120401,0,158,-19
20120402,0,99,0
20120403,0,133,-58
20120404,0,150,-7
20120405,0,124,-33
20120406,0,161,-14
20120407,0,181,-14
20120408,0,208,27
20120409,0,186,58
20120410,0,179,61
20120411,60,84,-26
20120412,0,121,-34
20120413,0,159,11
20120414,0,185,-10
20120415,0,183,62
20120416,0,191,1
20120417,4,199,36
20120418,0,212,29
20120419,0,173,79
20120420,0,199,61
20120421,0,212,35
20120422,0,267,35
20120423,0,234,103
20120424,0,158,75
20120425,0,132,-16
20120426,0,197,22
20120427,0,208,80
20120428,0,252,31
20120429,0,273,73
20120430,0,230,133
20120501,2,213,98
20120502,0,243,84
20120503,0,250,87
20120504,0,273,79
20120505,0,282,80
20120506,0,275,114
20120507,0,264,108
20120508,1,280,126
20120509,0,306,117
20120510,45,275,133
20120511,23,231,93
20120512,0,176,55
20120513,0,163,62
20120514,0,191,16
20120515,0,218,20
20120516,0,220,84
20120517,0,274,39
20120518,0,286,97
20120519,0,302,100
20120520,0,294,139
20120521,99,245,121
20120522,0,201,62
20120523,0,183,80
20120524,0,221,83
20120525,0,244,101
20120526,0,264,71
20120527,0,292,78
20120528,106,265,105
20120529,11,189,83
20120530,0,218,59
20120531,0,269,129
20120601,0,257,100
20120602,35,249,141
20120603,45,255,118
20120604,0,273,107
20120605,0,266,142
20120606,0,209,131
20120607,12,233,137
20120608,0,262,104
20120609,0,293,124
20120610,0,222,100
20120611,0,262,79
20120612,0,290,98
20120613,0,256,139
20120614,0,229,91
20120615,0,258,90
20120616,0,289,90
20120617,0,309,110
20120618,0,310,162
20120619,0,279,147
20120620,20,307,152
20120621,22,306,156
20120622,27,326,151
20120623,0,299,173
20120624,0,308,139
20120625,0,323,154
20120626,0,272,171
20120627,398,234,169
20120628,47,223,171
20120629,0,266,169
20120630,0,292,118
20120701,0,313,135
20120702,0,332,154
20120703,4,280,184
20120704,9,308,138
20120705,8,327,144
20120706,0,298,162
20120707,57,257,163
20120708,0,278,165
20120709,0,306,167
20120710,0,320,153
20120711,0,311,148
20120712,0,305,158
20120713,3,292,191
20120714,0,289,172
20120715,0,286,151
20120716,0,300,184
20120717,15,291,180
20120718,113,289,172
20120719,10,261,182
20120720,3,280,177
20120721,321,239,162
20120722,0,269,123
20120723,0,294,124
20120724,0,273,151
20120725,177,287,175
20120726,0,299,188
20120727,55,260,202
20120728,0,305,172
20120729,0,315,184
20120730,468,267,156
20120731,0,276,123
20120801,0,306,154
20120802,0,307,177
20120803,0,291,179
20120804,0,285,197
20120805,0,289,184
20120806,0,299,189
20120807,0,266,192
20120808,0,289,174
20120809,0,299,144
20120810,0,294,177
20120811,0,255,198
20120812,0,266,148
20120813,0,261,154
20120814,0,264,173
20120815,0,273,96
20120816,65,295,171
20120817,25,260,186
20120818,0,273,180
20120819,0,281,126
20120820,0,239,137
20120821,0,239,60
20120822,0,270,53
20120823,0,264,134
20120824,0,277,137
20120825,1,253,122
20120826,0,270,111
20120827,0,291,135
20120828,0,310,102
20120829,0,315,106
20120830,0,287,140
20120831,0,252,171
20120901,193,205,101
20120902,3,209,60
20120903,0,186,79
20120904,0,211,61
20120905,0,225,88
20120906,0,246,92
20120907,0,235,86
20120908,0,258,77
20120909,0,259,108
20120910,149,213,134
20120911,25,186,111
20120912,0,135,47
20120913,0,183,34
20120914,0,206,26
20120915,0,203,74
20120916,21,183,110
20120917,48,190,57
20120918,4,221,44
20120919,0,238,62
20120920,3,201,71
20120921,0,216,108
20120922,0,241,67
20120923,0,244,67
20120924,164,184,120
20120925,1,188,100
20120926,0,209,49
20120927,0,141,62
20120928,0,156,-22
20120929,0,183,-14
20120930,0,203,-5
20121001,0,224,12
20121002,0,225,34
20121003,0,217,23
20121004,11,162,85
20121005,0,165,11
20121006,0,184,22
20121007,0,170,107
20121008,12,176,50
20121009,0,145,7
20121010,0,181,-24
20121011,0,194,17
20121012,0,188,14
20121013,0,168,-8
20121014,10,182,2
20121015,22,155,54
20121016,4,95,9
20121017,0,128,-66
20121018,0,127,-44
20121019,0,188,-14
20121020,0,203,-14
20121021,15,134,20
20121022,0,110,-26
20121023,0,145,-49
20121024,0,157,-32
20121025,0,166,-53
20121026,27,118,31
20121027,0,161,7
20121028,0,170,-24
20121029,0,74,-6
20121030,0,83,-89
20121031,0,118,-61
20121101,0,147,-62
20121102,0,156,-49
20121103,11,2,-82
20121104,0,-2,-142
20121105,0,60,-144
20121106,0,100,-103
20121107,0,60,-50
20121108,0,111,-89
20121109,0,52,-56
20121110,24,4,-81
20121111,0,5,-167
20121112,0,22,-95
20121113,0,60,-136
20121114,0,98,-96
20121115,11,7,-57
20121116,0,44,-112
20121117,0,114,-102
20121118,0,58,-28
20121119,0,70,-112
20121120,0,76,-79
20121121,0,84,-75
20121122,0,-5,-73
20121123,0,4,-137
20121124,0,53,-157
20121125,0,-10,-56
20121126,0,31,-129
20121127,0,10,-100
20121128,0,-22,-172
20121129,0,17,-174
20121130,0,24,-149
20121201,0,15,-86
20121202,0,6,-126
20121203,0,-9,-157
20121204,2,-8,-109
20121205,0,-28,-132
20121206,0,-20,-139
20121207,0,-42,-158
20121208,0,-25,-224
20121209,0,17,-181
20121210,0,19,-156
20121211,0,57,-146
20121212,0,72,-147
20121213,0,5,-44
20121214,0,53,-110
20121215,0,-14,-60
20121216,0,-30,-80
20121217,0,-35,-151
20121218,0,-3,-158
20121219,0,-18,-144
20121220,15,-49,-100
20121221,0,-77,-155
20121222,0,-131,-206
20121223,0,-108,-299
20121224,0,-105,-233
20121225,0,-43,-235
20121226,0,16,-192
20121227,0,13,-180
20121228,0,-75,-141
20121229,0,-109,-190
20121230,0,-62,-195
20121231,0,-55,-99
20130119,5,-9,-126
20130316,0,135,-8
20130317,0,140,-2
20130418,18,139,2
20130420,0,123,-18
20130507,3,223,88
20130518,0,263,78
20130615,15,260,155
20130620,122,158,133
20130705,0,323,135
20130714,86,242,185
20130727,20,258,159
20130817,0,272,173
20130819,0,291,182
20130917,5,185,149
20130919,112,234,94
20131021,0,168,-40
20131127,0,-26,-157
20140411,0,187,57
20140415,3,127,91
20140417,64,168,29
20140425,5,116,-20
20140426,0,148,-13
20140502,0,152,-33
20140525,0,215,77
20140603,48,288,130
20140607,0,271,89
20140617,0,287,163
20140620,28,255,110
20140629,3,275,144
20140702,15,305,168
20140707,13,301,189
20140708,74,220,154
20140722,86,161,133
20140723,3,196,137
20140724,0,283,133
20140728,36,334,161
20140731,13,353,213
20140807,0,226,114
20140810,10,290,132
20140811,23,208,132
20140812,109,220,117
20140822,3,258,145
20140826,10,246,115
20140829,18,262,143
20140831,18,224,130
20140903,0,245,67
20140910,5,277,91
20140913,0,229,126
20140915,0,206,99
20140916,8,161,117
20140918,0,226,80
20140921,18,233,103
20140922,206,158,79
20140924,0,199,27
20140925,0,235,81
20141011,112,75,6
20141013,0,122,-5
20141124,0,66,-96
20150117,3,-22,-151
20150127,0,-49,-179
20150201,8,-22,-98
20150204,0,-12,-171
20150218,8,92,-73
20150220,0,58,-41
20150331,5,193,78
20150402,302,98,19
20150427,0,264,48
20150509,13,256,47
20150511,0,155,-10
20150608,0,295,71
20150609,0,268,138
20150611,0,251,96
20150628,152,222,151
20150804,0,316,136
20150912,0,187,20
20151105,191,55,15
20151123,53,0,-64
20151125,10,-52,-123
20151126,0,15,-133
20180924,66,198,16
20180926,5,159,97
20181019,58,86,54
20191109,51,79,11
20191203,0,24,-108
20191204,0,24,-133
20191205,0,19,-153
20191206,0,54,-154
20191207,0,54,-146
20191208,0,48,-143
20191209,0,80,-73
20191210,0,80,-97
20191211,0,29,-138
20191212,0,72,-141
20191213,0,72,-141
20191214,0,53,-117
20191215,8,53,-40
20191216,0,-4,-96
20191217,0,-4,-124
20191218,0,-5,-149
20191219,0,-5,-165
20191220,0,-3,-176
20191221,0,14,-178
20191222,0,14,-169
20191223,0,29,-159
20191224,0,29,-159
20191225,0,19,-166
20191226,0,-11,-166
20191227,0,30,-161
20191228,0,78,-127
20191230,0,-50,-240
20191231,0,-11,-240
20200101,0,37,-174
20200102,0,37,-146
20200103,0,32,-143
20200104,0,35,-146
20200105,43,35,-138
20200106,0,-12,-137
20200107,0,-28,-200
20200108,0,-18,-205
20200109,0,-18,-195
20200110,0,-46,-217
20200111,0,-46,-212
20200112,0,-51,-227
20200113,0,-63,-255
20200114,0,-50,-254
20200115,0,-38,-170
20200116,0,-38,-185
20200117,0,-25,-189
20200118,0,-25,-177
20200119,0,-24,-181
20200120,0,13,-181
20200121,0,40,-175
20200122,0,40,-174
20200123,0,27,-147
20200124,0,27,-153
20200125,0,39,-154
20200126,0,39,-154
20200127,8,15,-109
20200128,0,11,-126
20200129,0,25,-146
20200130,0,51,-150
20200131,0,51,-154
20200201,0,47,-145
20200202,0,22,-188
20200203,0,48,-188
20200204,0,52,-177
20200205,0,57,-156
20200206,0,67,-156
20200207,0,67,-143
20200208,0,55,-131
20200209,0,91,-108
20200210,0,116,-120
20200211,0,125,-120
20200212,0,138,-106
20200215,0,-55,-196
20200216,0,9,-196
20200217,0,49,-164
20200218,0,58,-158
20200219,0,77,-135
20200220,0,77,-129
20200221,0,10,-149
20200222,0,90,-150
20200224,0,173,-63
20200225,0,128,-68
20200226,0,127,-54
20200227,0,119,-44
20200228,0,157,-44
20200229,0,157,-68
20200301,0,95,-116
20200302,0,61,-111
20200303,0,58,-146
20200304,0,77,-128
20200305,0,138,-93
20200306,0,138,-100
20200307,0,155,-107
20200308,25,155,-67
20200309,0,68,-105
20200310,0,69,-114
20200311,0,124,-90
20200312,0,124,-60
20200313,0,63,-90
20200314,0,93,-91
20200315,0,126,-91
20200316,0,141,-35
20200317,0,163,-21
20200318,0,163,-76
20200319,0,174,-76
20200320,0,182,-35
20200321,0,182,-13
20200322,0,174,-48
20200323,28,179,5
20200324,0,179,-12
20200325,0,197,-12
20200327,0,90,-38
20200328,0,91,-38
20200329,0,141,-44
20200330,0,163,-16
20200331,0,163,-3
20200401,0,100,-33
20200402,0,117,-54
20200403,0,148,-63
20200404,0,169,-27
20200405,0,188,-2
20200406,0,190,-8
20200407,0,190,-5
20200408,0,197,-5
20200409,0,197,16
20200410,0,173,-20
20200411,0,118,-30
20200412,0,150,-24
20200413,0,199,-22
20200414,0,215,-4
20200415,0,215,0
20200416,0,152,-7
20200417,0,165,8
20200418,10,165,6
20200419,0,168,-30
20200420,0,168,-33
20200421,0,114,-43
20200422,0,124,-94
20200423,0,124,-98
20200424,0,178,-45
20200425,0,215,52
20200426,0,235,56
20200427,0,235,32
20200428,0,264,30
20200429,0,280,72
20200430,0,309,89
20200501,0,312,79
20200502,0,332,104
20200503,0,332,119
20200504,0,252,52
20200505,0,237,52
20200506,91,237,104
20200507,8,227,97
20200508,0,227,83
20200509,0,205,68
20200510,0,205,40
20200511,0,190,37
20200512,0,246,59
20200513,0,246,53
20200514,0,268,82
20200515,0,268,82
20200516,0,266,76
20200517,0,212,74
20200518,0,228,68
20200519,0,254,68
20200520,0,288,76
20200521,0,288,77
20200522,0,283,77
20200523,0,283,42
20200524,0,227,39
20200525,0,227,88
20200526,0,220,79
20200527,0,249,76
20200528,0,277,74
20200529,0,277,113
20200530,0,265,51
20200531,0,244,51
20200601,0,244,73
20200602,0,295,73
20200603,0,319,106
20200604,0,332,114
20200605,0,339,119
20200606,0,339,154
20200607,91,330,93
20200609,0,258,93
20200610,246,258,120
20200611,20,258,128
20200612,0,286,127
20200613,0,286,103
20200614,0,270,101
20200615,0,270,172
20200616,10,268,158
20200617,30,268,124
20200618,0,301,122
20200619,0,318,156
20200620,0,318,147
20200621,0,307,150
20200622,5,294,150
20200623,0,296,130
20200624,0,308,130
20200625,0,308,119
20200626,0,295,142
20200627,140,295,136
20200628,0,291,155
20200629,0,276,150
20200630,0,281,156
20200701,0,281,133
20200702,0,298,133
20200703,13,298,151
20200704,5,277,129
20200705,0,324,126
20200706,0,337,142
20200707,0,337,166
20200708,0,336,139
20200709,0,326,138
20200710,0,326,185
20200711,5,324,169
20200712,3,262,120
20200713,0,282,119
20200714,0,305,158
20200715,0,324,185
20200716,76,324,177
20200717,10,294,158
20200718,0,258,118
20200719,0,290,118
20200720,0,305,138
20200721,0,308,181
20200722,0,308,172
20200723,0,275,168
20200724,46,267,167
20200725,13,289,164
20200726,0,299,157
20200727,0,338,154
20200728,0,338,169
20200729,0,351,207
20200730,0,351,161
20200731,0,323,154
20200801,0,351,146
20200802,0,351,138
20200803,0,326,181
20200804,0,326,181
20200805,3,278,178
20200806,0,312,182
20200807,165,327,184
20200808,5,327,157
20200809,0,315,139
20200810,0,330,132
20200811,262,330,172
20200812,104,239,143
20200813,0,296,140
20200814,0,296,166
20200815,0,261,154
20200816,0,263,147
20200817,64,263,126
20200818,0,205,102
20200819,0,251,97
20200820,0,253,118
20200821,0,253,157
20200822,0,261,171
20200823,140,261,134
20200824,0,278,124
20200825,0,291,115
20200826,0,295,113
20200827,0,295,125
20200828,0,288,155
20200829,274,287,122
20200830,86,270,96
20200831,0,236,93
20200901,51,236,88
20200902,0,227,75
20200903,0,249,102
20200904,0,265,119
20200905,0,275,119
20200906,0,275,112
20200907,0,275,110
20200908,0,267,110
20200909,109,267,110
20200910,0,233,91
20200911,0,235,88
20200912,56,241,94
20200913,216,241,92
20200914,10,205,78
20200915,0,205,29
20200916,0,202,24
20200917,0,213,47
20200918,0,239,50
20200919,0,239,63
20200920,0,238,93
20200921,0,228,82
20200922,41,201,77
20200923,0,192,38
20200924,0,209,34
20200925,0,223,55
20200926,0,223,77
20200927,0,198,115
20200928,315,193,101
20200929,0,162,65
20200930,0,175,62
20201001,0,175,23
20201002,0,159,10
20201003,0,159,-25
20201004,0,133,-41
20201005,0,154,-42
20201006,0,154,-3
20201007,0,184,15
20201008,0,184,35
20201009,0,192,35
20201010,0,192,38
20201011,0,169,5
20201012,0,135,-14
20201013,0,135,-9
20201014,0,146,-16
20201015,0,146,-26
20201016,0,145,-38
20201017,0,151,-54
20201018,0,151,-40
20201019,0,165,-41
20201020,0,165,-27
20201021,0,156,-60
20201022,0,134,-56
20201023,0,157,-50
20201024,0,182,-16
20201025,0,182,0
20201026,0,159,-36
20201027,0,124,-36
20201028,0,122,-41
20201029,0,136,-48
20201030,0,136,-35
20201031,0,116,-35
20201101,0,97,-54
20201102,0,96,-81
20201103,0,123,-85
20201104,0,130,-68
20201105,0,133,-29
20201106,0,133,-43
20201107,0,103,-60
20201108,0,123,-60
20201109,0,151,-58
20201110,0,156,-47
20201111,0,156,-32
20201112,0,152,-24
20201113,0,151,-18
20201114,0,151,-2
20201115,0,145,7
20201116,0,142,11
20201117,5,128,4
20201118,0,70,-57
20201119,0,25,-93
20201120,51,28,-93
20201121,3,28,-169
20201122,0,-53,-192
20201123,0,-51,-197
20201124,0,-39,-191
20201125,0,-28,-133
20201126,0,-13,-162
20201127,0,-13,-162
20201128,0,9,-145
20201129,0,9,-156
20201130,0,-23,-156
20201201,0,-23,-125
20201202,0,-29,-182
20201203,0,-57,-195
20201204,0,-46,-203
20201205,0,-20,-194
20201206,0,-20,-196
20201207,0,-44,-205
20201208,0,-8,-204
20201209,0,-8,-139
20201210,0,-4,-144
20201211,0,6,-145
20201212,0,6,-180
20201213,0,-25,-232
20201214,0,-66,-232
20201215,0,-47,-232
20201216,0,-29,-213
20201217,0,-21,-213
20201218,0,-21,-185
20201219,0,-33,-185
20201220,0,-27,-184
20201221,0,1,-184
20201222,0,1,-181
20201223,0,0,-181
20201224,0,-6,-162
20201225,0,42,-161
20201226,0,42,-156
20201227,0,45,-151
20201230,0,-118,-249
20201231,0,-86,-263
20210102,0,-11,-174
20210103,0,-15,-185
20210104,0,-15,-185
20210105,0,-72,-223
20210106,0,-87,-272
20210107,0,-122,-272
20210108,0,-88,-257
20210109,0,-57,-234
20210110,0,-57,-234
20210111,0,-26,-173
20210112,0,56,-158
20210113,0,56,-114
20210114,0,49,-129
20210115,0,24,-156
20210116,0,-32,-187
20210117,0,-14,-198
20210118,0,57,-197
20210119,0,58,-145
20210120,0,58,-147
20210121,0,50,-147
20210122,0,65,-137
20210123,0,90,-149
20210124,5,90,-149
20210125,0,21,-132
20210126,0,9,-153
20210127,0,9,-160
20210128,0,-5,-161
20210129,0,23,-134
20210130,0,30,-124
20210131,0,41,-122
20210201,0,41,-192
20210202,0,20,-192
20210203,0,25,-172
20210204,0,59,-142
20210205,0,78,-122
20210206,0,78,-91
20210207,0,77,-125
20210208,0,82,-123
20210209,0,82,-119
20210213,0,120,-54
20210215,0,51,-152
20210216,0,51,-125
20210217,0,83,-111
20210218,0,107,-111
20210219,0,121,-70
20210221,0,167,-47
20210222,0,164,-62
20210223,0,141,-48
20210224,0,132,-22
20210225,0,119,-55
20210226,0,119,-55
20210227,18,80,-31
20210228,0,29,-62
20210301,0,42,-81
20210302,0,105,-95
20210303,0,121,-81
20210304,0,143,-76
20210305,0,143,-35
20210306,0,102,-55
20210307,0,121,-58
20210308,0,146,-38
20210309,0,154,-54
20210310,0,154,-34
20210311,0,173,-18
20210312,0,173,-15
20210313,0,212,-29
20210314,0,212,-2
20210316,0,87,-39
20210317,109,79,-5
20210318,0,71,19
20210319,132,71,-51
20210320,0,49,-73
20210321,0,41,-75
20210322,0,125,-74
20210323,0,183,-39
20210324,0,183,16
20210325,0,168,20
20210326,0,166,-3
20210327,0,188,-9
20210328,0,188,11
20210329,0,168,17
20210330,48,179,24
20210331,142,179,22
20210401,0,114,22
20210402,8,114,13
20210403,0,115,8
20210404,10,115,18
20210405,8,114,20
20210406,0,123,12
20210407,0,153,7
20210408,0,153,28
20210409,0,151,26
20210410,124,157,21
20210411,5,162,35
20210412,0,162,-5
20210413,0,95,-8
20210414,0,151,-16
20210415,0,151,-11
20210416,0,93,-52
20210417,0,152,-52
20210418,0,195,-8
20210419,0,212,37
20210420,0,213,71
20210421,23,213,59
20210422,0,202,56
20210423,0,202,85
20210424,38,202,72
20210425,0,143,37
20210426,0,143,7
20210427,0,106,-17
20210428,0,145,-21
20210429,0,177,42
20210430,0,177,50
20210501,0,250,50
20210502,0,264,82
20210503,0,264,25
20210504,0,157,15
20210505,0,213,15
20210506,0,213,7
20210507,0,221,7
20210508,0,272,72
20210509,0,296,67
20210510,0,296,94
20210511,0,281,94
20210512,0,285,94
20210513,0,290,132
20210514,71,290,79
20210515,20,238,27
20210516,0,187,27
20210517,0,216,53
20210518,0,244,70
20210519,23,244,81
20210520,0,256,76
20210521,0,274,105
20210522,0,274,53
20210523,0,175,40
20210524,0,186,38
20210525,0,252,59
20210526,0,252,88
20210527,0,249,44
20210528,0,271,44
20210529,0,319,122
20210530,0,319,141
20210531,0,296,77
20210601,0,287,77
20210602,0,287,73
20210603,0,221,64
20210604,0,275,105
20210605,0,294,103
20210606,0,301,148
20210607,0,301,162
20210608,0,292,143
20210609,64,277,83
20210610,0,244,78
20210611,0,255,142
20210612,0,294,166
20210613,91,311,183
20210614,0,311,164
20210615,25,282,131
20210616,0,282,114
20210617,0,257,106
20210618,0,270,128
20210619,0,309,134
20210620,0,309,185
20210621,0,303,154
20210622,0,322,154
20210623,0,326,165
20210624,0,326,171
20210625,0,318,146
20210626,0,334,139
20210627,0,349,167
20210628,0,349,147
20210629,0,300,126
20210630,0,319,124
20210701,0,319,142
20210702,13,318,113
20210703,0,309,104
20210704,0,339,131
20210705,0,339,147
20210706,0,309,135
20210707,0,311,148
20210708,0,343,144
20210709,0,370,170
20210710,0,370,207
20210711,8,361,179
20210712,99,329,171
20210713,0,355,180
20210714,0,360,182
20210715,71,360,191
20210716,130,335,184
20210717,8,335,176
20210718,0,326,180
20210719,0,326,188
20210720,0,312,185
20210721,0,288,182
20210722,0,299,181
20210723,0,306,179
20210724,0,308,174
20210725,18,308,197
20210726,3,310,144
20210727,23,310,141
20210728,0,300,144
20210729,0,330,138
20210730,0,356,143
20210731,0,356,153
20210801,0,306,150
20210802,0,323,173
20210803,30,323,140
20210804,0,298,136
20210805,0,298,131
20210806,0,296,125
20210807,38,328,121
20210808,0,328,146
20210809,0,303,144
20210810,0,303,143
20210811,5,300,163
20210812,3,257,134
20210813,5,274,126
20210814,0,303,162
20210815,0,303,161
20210816,0,288,164
20210817,43,288,182
20210818,3,274,174
20210819,0,300,160
20210820,0,300,150
20210821,0,297,137
20210822,0,288,130
20210823,5,288,126
20210824,0,239,99
20210825,0,224,63
20210826,0,266,61
20210827,3,266,114
20210828,0,253,140
20210829,0,276,131
20210830,0,276,147
20210831,0,247,108
20210901,0,269,101
20210902,0,313,141
20210903,0,313,132
20210904,0,255,127
20210905,196,255,73
20210906,0,202,60
20210907,0,261,98
20210908,0,285,112
20210909,0,285,93
20210910,0,307,87
20210911,0,313,106
20210912,0,313,122
20210913,0,292,172
20210914,76,265,145
20210915,94,183,128
20210916,0,222,101
20210917,0,227,101
20210919,48,224,111
20210920,15,233,93
20210921,0,268,80
20210922,0,268,80
20210923,0,266,77
20210924,0,223,99
20210925,0,227,133
20210926,0,227,75
20210927,0,233,68
20210928,0,265,66
20210929,0,274,60
20210930,0,274,59
20211001,0,257,56
20211002,0,257,67
20211003,0,257,100
20211004,0,193,74
20211005,20,112,72
20211006,5,121,17
20211007,0,149,15
20211008,0,149,49
20211009,0,128,-19
20211010,0,114,-56
20211011,0,141,-60
20211012,10,141,-15
20211013,8,111,45
20211014,0,140,41
20211015,0,140,-4
20211016,0,138,-18
20211017,0,146,-37
20211018,0,146,-17
20211019,0,143,-10
20211020,0,115,-51
20211021,0,131,-64
20211022,0,131,-49
20211023,0,150,-37
20211024,0,155,-34
20211025,0,155,-28
20211026,0,148,-10
20211027,0,131,-5
20211028,0,129,-5
20211029,0,145,-38
20211030,0,145,-38
20211031,0,136,-64
20211101,18,128,-52
20211102,3,128,-37
20211103,0,136,-35
20211104,0,152,-39
20211105,3,155,-71
20211107,300,-56,-158
20211108,0,-7,-158
20211109,0,31,-135
20211110,0,64,-77
20211111,0,64,-65
20211112,0,73,-83
20211113,0,88,-82
20211114,0,88,-69
20211115,0,89,-81
20211116,0,113,-88
20211117,0,113,-81
20211118,0,128,-67
20211119,0,128,-74
20211120,0,72,-61
20211121,0,52,-170
20211122,0,5,-178
20211123,0,52,-155
20211124,0,81,-78
20211125,0,100,-93
20211126,0,103,-95
20211127,0,103,-95
20211128,0,99,-81
20211129,0,76,-107
20211130,0,-4,-141
20211201,0,24,-152
20211202,0,42,-152
20211203,0,60,-127
20211204,0,60,-138
20211205,0,99,-138
20211206,0,99,-129
20211207,41,54,-95
20211208,5,-9,-106
20211209,0,45,-106
20211210,0,50,-105
20211211,0,50,-161
20211212,0,-9,-182
20211213,0,18,-183
20211214,0,19,-183
20211215,0,20,-112
20211216,0,20,-211
20211217,0,-42,-224
20211218,0,9,-198
20211219,0,34,-118
20211220,0,59,-110
20211221,0,76,-115
20211222,0,76,-94
20211223,0,49,-151
20211224,0,14,-178
20211225,0,-58,-251
20211226,0,-74,-261
20211227,0,-32,-261
20211228,0,-32,-237
20211229,0,-35,-189
20211230,0,-11,-188
20211231,0,-2,-163
20220101,0,-2,-179
20220102,0,16,-179
20220103,0,16,-167
20220104,0,25,-167
20220105,0,25,-164
20220106,0,26,-147
20220107,0,26,-147
20220108,0,13,-126
20220109,0,7,-143
20220111,0,19,-184
20220112,0,19,-198
20220113,0,0,-198
20220114,0,18,-195
20220115,0,18,-144
20220116,0,37,-177
20220117,0,37,-190
20220118,0,39,-181
20220119,0,81,-154
20220120,0,81,-145
20220121,0,40,-103
20220122,0,29,-81
20220123,0,16,-81
20220124,0,16,-149
20220125,0,16,-157
20220126,3,4,-157
20220127,0,-12,-148
20220128,0,-9,-173
20220129,0,17,-182
20220130,0,17,-179
20220131,0,-34,-190
20220201,0,-12,-204
20220202,0,-12,-215
20220203,0,-15,-214
20220204,0,-24,-177
20220205,0,-32,-181
20220206,28,-33,-181
20220207,13,-37,-216
20220208,0,-42,-218
20220209,0,-22,-215
20220210,0,2,-215
20220211,0,41,-166
20220212,0,41,-104
20220213,0,16,-171
20220214,0,-19,-171
20220215,0,6,-152
20220216,23,38,-159
20220217,5,38,-139
20220218,0,15,-186
20220219,10,-62,-186
20220220,0,-26,-186
20220221,0,-6,-179
20220222,0,2,-188
20220223,0,39,-183
20220224,0,57,-152
20220225,0,63,-143
20220226,0,69,-142
20220227,0,93,-132
20220228,5,93,-140
20220301,0,40,-141
20220302,0,81,-122
20220303,0,98,-115
20220304,0,98,-106
20220305,0,98,-117
20220306,0,115,-92
20220307,0,137,-97
20220308,0,181,-77
20220309,0,181,-38
20220312,0,214,35
20220313,0,211,6
20220314,0,211,2
20220315,0,209,14
20220316,0,186,39
20220317,5,151,13
20220318,0,105,-38
20220319,0,92,-38
20220320,0,116,-27
20220321,0,116,-12
20220322,43,112,-12
20220323,0,152,-2
20220324,0,183,28
20220325,0,183,-33
20220326,0,82,-81
20220327,0,116,-84
20220328,0,184,-45
20220329,0,184,-15
20220330,0,132,-31
20220331,0,132,-51
20220401,0,126,-54
20220402,0,122,-71
20220403,0,185,-42
20220404,0,195,-19
20220405,0,195,10
20220406,0,196,13
20220407,0,225,13
20220408,0,230,54
20220409,0,262,47
20220410,0,271,89
20220412,0,148,-25
20220413,0,148,-13
20220414,0,143,-13
20220415,0,143,-3
20220416,0,142,10
20220417,8,133,19
20220418,0,148,-12
20220419,0,179,-12
20220420,0,234,23
20220421,0,234,-2
20220422,0,224,-12
20220423,0,258,63
20220424,0,258,68
20220425,0,276,51
20220426,0,276,51
20220427,0,176,-8
20220428,0,183,-17
20220429,0,183,17
20220430,0,152,10
20220501,0,183,33
20220502,0,224,52
20220503,0,253,50
20220504,0,299,90
20220505,0,316,100
20220506,0,316,97
20220507,30,250,111
20220508,0,250,72
20220509,0,218,65
20220510,0,218,81
20220511,53,195,67
20220512,0,141,37
20220513,0,139,33
20220514,0,165,18
20220515,0,185,19
20220516,0,224,73
20220517,0,258,61
20220518,0,258,78
20220519,0,248,77
20220520,0,278,73
20220521,18,278,83
20220522,56,275,76
20220523,0,275,85
20220524,0,292,102
20220525,0,292,97
20220526,0,257,87
20220527,0,298,81
20220528,0,298,117
20220529,0,293,49
20220530,0,268,49
20220531,0,268,98
20220601,0,297,98
20220602,0,315,150
20220603,8,315,103
20220604,0,265,99
20220605,0,282,91
20220606,0,288,87
20220607,0,295,98
20220608,0,295,94
20220609,0,296,118
20220610,0,304,117
20220611,0,304,95
20220612,0,268,86
20220613,0,268,99
20220614,0,299,98
20220615,0,335,120
20220616,0,365,168
20220617,0,365,151
20220618,0,345,145
20220619,0,337,142
20220620,191,333,173
20220621,71,287,167
20220622,0,273,176
20220623,0,326,160
20220624,0,345,157
20220625,0,345,169
20220626,3,333,159
20220627,10,239,144
20220628,0,249,142
20220629,0,270,138
20220630,0,292,150
20220701,0,323,147
20220702,38,323,165
20220703,0,331,164
20220704,0,331,179
20220705,30,295,145
20220706,0,328,145
20220707,0,361,159
20220708,0,361,174
20220709,8,338,142
20220710,480,288,140
20220711,447,288,147
20220712,0,269,170
20220713,0,310,176
20220714,0,310,179
20220715,36,291,176
20220716,0,267,157
20220717,0,282,144
20220718,0,300,140
20220719,0,300,113
20220720,0,282,113
20220721,114,293,130
20220722,0,293,132
20220723,5,296,133
20220724,0,327,159
20220725,0,327,156
20220726,5,325,192
20220727,0,295,147
20220728,0,328,135
20220729,0,328,179
20220730,145,320,181
20220731,0,318,181
20220801,5,306,200
20220802,0,323,200
20220803,0,323,205
20220804,0,319,201
20220805,0,310,199
20220806,79,344,204
20220807,8,344,216
20220808,10,291,191
20220809,241,249,187
20220810,76,229,181
20220811,0,262,181
20220812,0,323,208
20220813,28,323,213
20220814,0,302,211
20220815,0,283,142
20220816,0,282,135
20220817,287,280,176
20220818,328,280,176
20220819,0,265,130
20220820,0,277,129
20220821,368,277,154
20220822,0,253,138
20220823,229,245,112
20220824,0,218,99
20220825,0,244,96
20220826,0,244,119
20220827,117,226,106
20220828,5,196,106
20220829,0,218,100
20220830,0,251,91
20220831,0,251,77
20220901,0,245,67
20220902,0,240,119
20220903,3,244,110
20220904,0,260,90
20220905,0,260,34
20220906,0,247,27
20220907,0,275,57
20220908,0,275,98
20220909,30,266,89
20220911,0,236,70
20220912,0,250,67
20220913,0,255,79
20220914,0,255,93
20220915,0,245,87
20220916,0,245,100
20220917,0,265,124
20220918,5,265,113
20220920,0,186,20
20220921,5,226,35
20220922,0,226,-7
20220923,0,181,-27
20220924,0,225,-6
20220925,0,246,35
20220926,0,255,46
20220927,5,255,56
20220928,0,265,51
20220929,0,265,51
20220930,0,264,61
20221001,0,264,93
20221002,38,245,62
20221004,0,112,-12
20221005,0,119,5
20221006,0,142,-8
20221007,0,174,-16
20221008,0,174,-47
20221009,0,113,-77
20221010,0,141,-88
20221011,0,181,-52
20221012,0,181,-10
20221013,0,179,6
20221014,0,174,-4
20221015,0,177,1
20221016,0,177,-36
20221017,0,141,-65
20221018,0,178,-46
20221019,0,194,-18
20221020,0,194,6
20221021,0,180,-2
20221022,0,176,-31
20221023,0,179,-35
20221024,0,207,-8
20221025,0,207,8
20221026,0,189,22
20221027,0,172,13
20221028,89,172,34
20221029,0,124,17
20221030,0,131,-36
20221031,0,131,-69
20221101,0,152,-54
20221102,0,152,-36
20221103,0,118,-55
20221104,0,108,-55
20221105,0,132,-60
20221106,0,132,-75
20221107,0,113,-80
20221108,0,141,-44
20221109,0,141,-35
20221110,0,136,44
20221111,89,116,-58
20221112,0,42,-78
20221113,0,68,-78
20221114,0,77,-69
20221115,0,98,-66
20221118,0,134,-63
20221119,0,108,-74
20221120,0,113,-73
20221121,0,113,-73
20221122,0,102,-60
20221123,0,125,-55
20221124,0,125,-52
20221125,0,121,-107
20221126,0,144,-108
20221127,0,144,-101
20221129,0,-62,-243
20221130,0,-101,-243
20221201,0,-60,-224
20221202,0,-6,-202
20221203,0,-6,-156
20221204,0,-5,-172
20221205,0,9,-180
20221206,0,22,-180
20221207,0,47,-150
20221208,0,47,-146
20221209,0,30,-192
20221211,0,-45,-201
20221212,0,-25,-164
20221213,0,-25,-185
20221214,0,19,-185
20221215,0,19,-163
20221216,0,-54,-219
20221217,0,-78,-226
20221218,0,-2,-226
20221219,0,-2,-120
20221220,0,-3,-154
20221221,0,-31,-171
20221222,0,23,-171
20221223,0,23,-152
20221224,0,28,-163
20221225,0,28,-194
20221226,0,-24,-195
20221227,0,-24,-213
20221228,0,-46,-222
20221229,0,-32,-219
20221230,0,-11,-221
20221231,0,0,-221
20230101,0,0,-174
20230102,0,3,-184
20230103,0,8,-184
20230104,0,24,-188
20230105,0,35,-188
20230106,0,44,-159
20230107,0,95,-127
20230108,0,95,-127
20230109,0,93,-125
20230110,0,90,-129
20230111,0,86,-129
20230112,0,93,-105
20230114,0,-94,-183
20230115,0,-84,-195
20230116,0,-65,-190
20230117,0,-65,-189
20230118,0,-31,-180
20230119,0,-31,-212
20230120,0,-13,-217
20230121,0,-13,-217
20230122,0,-15,-185
20230124,0,-89,-297
20230126,0,-44,-211
20230127,0,-57,-203
20230128,0,-3,-203
20230129,0,23,-173
20230130,0,79,-176
20230131,0,79,-171
20230201,0,24,-161
20230202,0,17,-157
20230203,0,18,-159
20230204,0,58,-169
20230205,0,67,-168
20230206,0,67,-127
20230207,0,71,-134
20230208,33,71,-122
20230209,0,49,-127
20230210,0,31,-134
20230211,23,31,-130
20230212,3,4,-107
20230213,0,3,-111
20230214,0,-6,-139
20230215,0,25,-152
20230216,0,50,-151
20230217,0,56,-106
20230218,0,56,-123
20230219,0,42,-130
20230220,0,43,-138
20230221,0,43,-133
20230222,0,81,-99
20230223,0,90,-96
20230224,0,90,-96
20230225,0,79,-103
20230226,0,101,-95
20230227,0,113,-78
20230228,0,113,-68
20230301,0,72,-95
20230302,0,97,-101
20230303,0,101,-71
20230304,0,135,-71
20230305,0,165,-65
20230306,0,165,-25
20230307,0,163,-59
20230308,0,163,-59
20230309,0,205,-32
20230310,0,205,-1
20230311,0,132,-137
20230312,0,79,-137
20230315,0,82,-110
20230316,0,140,-65
20230317,0,140,-48
20230318,0,98,-50
20230319,0,156,-27
20230320,0,179,-9
20230321,0,179,-37
20230322,0,95,-71
20230323,0,123,-55
20230324,0,123,-64
20230325,0,118,-88
20230326,0,127,-85
20230327,0,158,-64
20230328,0,174,-37
20230329,0,191,-34
20230330,0,191,-13
20230331,0,187,-10
20230403,41,36,0
20230405,8,41,-32
20230406,0,81,-35
20230407,0,86,-53
20230408,0,172,-57
20230409,0,172,16
20230410,0,162,26
20230411,0,146,-5
20230412,0,213,-5
20230413,0,213,42
20230414,0,139,19
20230415,0,168,39
20230416,0,268,35
20230417,0,268,69
20230418,0,260,69
20230419,0,271,72
20230421,51,98,0
20230422,0,104,2
20230423,0,104,3
20230424,0,77,-1
20230425,0,158,16
20230426,0,233,11
20230427,0,230,34
20230428,5,126,-27
20230429,0,172,-39
20230430,0,211,-7
20230501,0,211,60
20230502,0,265,50
20230503,0,265,116
20230504,33,245,88
20230505,0,160,85
20230506,0,166,47
20230507,0,166,47
20230508,0,187,72
20230509,38,187,80
20230510,0,149,78
20230511,0,209,78
20230512,0,229,39
20230513,0,262,39
20230514,0,277,85
20230515,0,309,73
20230516,0,309,135
20230517,0,277,93
20230518,0,296,72
20230519,0,296,69
20230520,0,227,69
20230521,0,176,22
20230522,0,215,22
20230523,0,215,27
20230524,0,207,76
20230525,0,217,75
20230526,0,247,62
20230527,0,247,111
20230528,0,233,125
20230529,66,233,127
20230530,0,249,127
20230531,15,249,92
20230601,0,228,74
20230602,0,244,70
20230603,0,244,112
20230604,0,241,76
20230605,0,274,76
20230606,0,276,93
20230607,0,277,81
20230608,0,277,73
20230609,0,290,94
20230610,5,291,94
20230611,0,291,111
20230612,0,275,82
20230613,0,286,79
20230622,0,310,142
20230623,0,310,171
20230624,3,303,123
20230625,0,280,121
20230626,0,284,116
20230627,226,303,116
20230628,0,303,122
20230629,0,297,119
20230630,0,323,125
20230701,0,323,159
20230702,0,294,192
20230703,56,281,114
20230704,0,270,114
20230705,0,317,114
20230706,0,317,130
20230707,0,311,137
20230708,0,307,134
20230709,0,328,134
20230710,0,328,158
20230711,30,320,186
20230712,15,279,148
20230713,0,255,148
20230714,0,255,131
20230715,0,280,103
20230716,0,298,98
20230717,0,322,128
20230718,0,322,154
20230719,0,308,178
20230720,5,304,149
20230721,10,284,120
20230722,0,303,117
20230723,0,340,132
20230724,0,347,160
20230725,0,347,149
20230726,0,331,200
20230727,0,326,174
20230728,0,287,156
20230729,0,288,153
20230730,0,310,175
20230731,0,310,176
20230801,0,338,192
20230802,0,343,192
20230803,56,343,204
20230804,28,332,162
20230805,0,313,162
20230806,0,326,179
20230807,0,333,171
20230808,0,333,165
20230809,0,307,199
20230810,254,333,192
20230811,18,333,159
20230812,0,295,145
20230813,0,312,141
20230814,0,315,167
20230815,0,317,166
20230816,0,324,161
20230817,3,324,134
20230818,0,299,123
20230819,0,307,128
20230820,18,307,117
20230821,0,304,97
20230822,0,301,90
20230823,0,301,102
20230826,3,166,112
20230827,0,229,109
20230828,0,265,94
20230829,0,266,97
20230830,0,273,93
20230831,0,280,96
20230901,0,289,122
20230902,0,306,113
20230903,0,315,101
20230904,0,315,118
20230905,0,302,146
20230906,0,284,153
20230907,10,272,129
20230908,76,208,129
20230909,0,247,112
20230910,0,275,106
20230911,0,275,90
20230912,10,264,86
20230913,0,277,125
20230914,43,277,129
20230915,0,274,113
20230916,226,276,106
20230917,0,276,106
20230918,0,223,111
20230919,0,220,117
20230927,0,210,35
20230928,0,211,35
20230929,0,211,8
20230930,0,208,0
20231001,0,209,40
20231002,10,209,77
20231003,0,217,76
20231004,0,217,70
20231005,3,187,65
20231006,0,132,28
20231007,0,189,28
20231008,0,189,-10
20231009,0,173,-21
20231010,0,205,27
20231011,13,205,33
20231012,0,201,36
20231013,0,186,32
20231014,0,189,10
20231015,0,204,-1
20231016,0,215,1
20231017,3,215,-7
20231018,0,167,-10
20231019,0,167,-24
20231020,0,146,-28
20231021,0,176,-31
20231022,0,176,-24
20231023,0,185,-17
20231024,0,210,-6
20231025,0,210,18
20231026,0,197,-9
20231027,0,208,-9
20231028,0,208,-11
20231029,0,200,-13
20231030,0,206,-17
20231031,0,212,9
20231101,0,242,4
20231103,0,135,-16
20231104,15,135,-24
20231105,0,99,-94
20231106,0,79,-94
20231107,0,109,-83
20231108,0,109,-92
20231109,0,74,-132
20231110,0,31,-115
20231111,0,31,-155
20231112,0,21,-157
20231113,0,66,-154
20231114,0,89,-111
20231115,0,89,-105
20231116,0,46,-84
20231117,0,93,-83
20231118,0,113,-95
20231119,0,152,-94
20231120,0,152,-84
20231121,0,143,-77
20231122,0,109,-150
20231123,0,49,-163
20231124,0,40,-161
20231125,0,40,-102
20231127,0,78,-120
20231128,0,58,-150
20231130,0,-21,-197
20231201,0,11,-193
20231202,0,46,-177
20231203,0,66,-170
20231204,0,92,-148
20231205,0,92,-98
20231206,0,84,-101
20231207,0,137,-74
20231208,0,137,-80
20231209,0,96,-80
20231210,10,89,-91
20231211,0,33,-131
20231212,0,11,-139
20231213,5,25,-136
20231214,33,25,-170
20231215,0,-54,-245
20231216,0,-124,-255
20231217,0,-75,-259
20231218,0,-60,-248
20231219,0,-60,-278
20231220,0,-140,-300
20231221,0,-135,-307
20231222,0,-86,-302
20231223,0,-81,-248
20231224,0,-34,-223
20231225,0,20,-216
20231226,0,20,-185
20231227,0,24,-176
20231228,0,27,-172
20231229,0,27,-165
20231230,0,17,-154
20231231,0,22,-168
20240101,0,22,-155
20240102,0,21,-161
20240103,0,51,-161
20240104,0,51,-141
20240105,0,17,-177
20240106,0,15,-211
20240107,0,24,-211
20240108,0,46,-186
20240109,0,46,-153
20240110,0,53,-158
20240111,0,82,-138
20240112,0,107,-113
20240113,0,107,-125
20240114,0,52,-153
20240115,0,40,-155
20240116,0,44,-155
20240117,0,62,-105
20240118,23,62,-105
20240119,8,7,-128
20240120,0,-17,-218
20240121,0,-106,-279
20240122,0,-124,-288
20240123,0,-118,-288
20240124,0,-88,-268
20240125,0,-68,-231
20240126,0,-61,-210
20240127,0,-13,-214
20240128,0,5,-209
20240129,0,39,-205
20240130,0,41,-169
20240131,0,41,-135
20240201,0,30,-109
20240202,0,30,-110
20240203,5,-11,-110
20240204,5,-13,-88
20240205,0,-11,-156
20240206,0,-11,-177
20240207,0,-16,-184
20240208,0,4,-182
20240209,0,33,-163
20240210,0,38,-131
20240211,0,101,-145
20240212,0,133,-143
20240213,0,136,-86
20240214,0,47,-159
20240217,0,158,-57
20240219,0,-38,-135
20240220,41,-38,-124
20240221,23,-38,-176
20240222,0,-90,-202
20240223,0,-72,-213
20240224,0,-45,-205
20240225,0,-14,-192
20240226,8,10,-186
20240227,0,13,-78
20240228,0,13,-89
20240229,0,7,-144
20240301,0,-9,-144
20240302,0,46,-142
20240303,0,85,-125
20240304,0,85,-99
20240305,0,33,-106
20240306,0,48,-106
20240307,0,48,-124
20240308,0,90,-151
20240309,0,116,-127
20240310,0,116,-95
20240311,0,108,-39
20240315,0,169,-36
20240316,0,149,-54
20240317,0,112,-65
20240318,0,112,-102
20240319,0,105,-102
20240320,0,170,-74
20240321,0,188,-38
20240322,0,188,-7
20240323,0,184,44
20240324,0,152,-6
20240325,0,171,-15
20240326,0,193,-7
20240327,0,193,40
20240403,0,176,-1
20240404,0,180,-11
20240405,0,180,31
20240406,0,176,37
20240407,0,188,19
20240408,0,188,21
20240409,0,200,21
20240410,0,212,52
20240411,0,247,48
20240412,0,247,41
20240413,38,246,67
20240414,0,217,0
20240415,0,192,-13
20240416,0,226,-8
20240417,0,263,39
20240418,221,263,74
20240420,0,176,20
20240421,0,220,27
20240422,0,220,-1
20240423,0,190,-4
20240424,0,252,24
20240425,0,261,56
20240426,3,261,61
20240427,0,270,56
20240428,76,270,59
20240429,0,188,24
20240430,0,157,19
20240502,0,215,41
20240503,0,215,67
20240504,0,170,42
20240505,5,221,42
20240506,0,229,63
20240507,0,251,57
20240508,5,284,53
20240509,0,284,116
20240510,0,274,9
20240511,0,238,9
20240512,0,238,29
20240513,0,283,46
20240514,0,283,74
20240515,0,275,60
20240516,0,292,105
20240517,0,326,105
20240518,0,326,149
20240519,0,324,149
20240520,0,308,131
20240521,0,313,131
20240522,0,313,138
20240523,0,333,150
20240524,71,333,135
20240525,8,283,131
20240526,0,283,65
20240527,0,268,63
20240528,61,283,114
20240529,3,283,100
20240530,0,280,89
20240531,0,280,110
20240601,0,287,110
20240602,0,287,94
20240603,0,254,93
20240604,124,254,106
20240605,0,247,99
20240606,208,247,102
20240607,3,247,102
20240608,0,277,123
20240609,0,291,123
20240610,0,313,150
20240611,0,317,150
20240612,0,333,150
20240613,0,333,156
20240614,0,313,136
20240615,0,290,136
20240616,0,302,121
20240617,0,307,118
20240618,0,307,143
20240619,0,291,135
20240620,178,291,133
20240621,0,276,114
20240622,0,265,114
20240623,0,251,107
20240624,0,240,94
20240625,0,278,90
20240626,0,302,159
20240627,0,309,140
20240628,0,309,143
20240629,0,293,131
20240630,0,265,126
20240701,0,270,123
20240702,0,281,124
20240703,0,315,135
20240704,38,327,135
20240705,25,327,128
20240706,13,300,126
20240707,127,300,132
20240708,0,287,132
20240709,0,310,167
20240710,0,327,165
20240711,18,327,164
20240712,0,329,155
20240714,0,346,209
20240715,0,322,179
20240716,0,319,169
20240717,0,322,144
20240718,0,345,141
20240719,0,345,183
20240720,61,349,180
20240721,3,349,195
20240722,0,350,193
20240723,8,360,176
20240724,0,360,157
20240725,0,322,148
20240726,0,336,164
20240727,0,336,204
20240728,0,333,213
20240729,0,305,171
20240730,5,262,156
20240731,25,326,156
20240801,0,351,145
20240802,99,351,177
20240803,43,283,157
20240804,0,309,147
20240805,79,309,141
20240806,0,283,139
20240807,0,275,161
20240808,759,266,180
20240809,0,238,175
20240810,0,246,145
20240811,0,257,142
20240813,0,288,156
20240814,0,288,148
20240815,0,285,143
20240816,18,293,147
20240817,0,293,138
20240818,0,279,126
20240819,79,279,123
20240820,0,274,129
20240821,0,276,125
20240822,0,299,143
20240823,0,322,162
20240824,302,322,174
20240825,409,300,137
