Date,TMax,TMin
19590101,-32,-213
19590102,-31,-105
19590103,5,-98
19590104,6,-4
19590105,3,-11
19590106,6,-33
19590107,-10,-36
19590108,-20,-59
19590109,-8,-57
19590110,-10,-41
19590111,2,-39
19590112,-14,-73
19590113,-39,-76
19590114,-59,-108
19590115,-91,-159
19590116,-117,-194
19590117,-173,-237
19590118,-196,-281
19590119,-182,-310
19590120,-173,-288
19590121,-51,-305
19590122,10,-98
19590123,14,-163
19590124,19,-16
19590125,-24,-123
19590126,-98,-133
19590127,-11,-117
19590128,8,-100
19590129,8,-105
19590130,-11,-155
19590131,-9,-67
19590201,-65,-112
19590202,-37,-118
19590203,-36,-120
19590204,42,-125
19590205,29,-31
19590206,-30,-114
19590207,-14,-64
19590208,-14,-38
19590209,-25,-62
19590210,-20,-80
19590211,-42,-154
19590212,-37,-87
19590213,-38,-72
19590214,-43,-68
19590215,-23,-61
19590216,-16,-106
19590217,20,-32
19590218,14,-62
19590219,27,-74
19590220,20,-36
19590221,8,-55
19590222,-34,-68
19590223,-41,-157
19590224,-47,-186
19590225,-18,-94
19590226,12,-163
19590227,14,-60
19590228,32,-42
19590301,34,-40
19590302,72,-35
19590303,37,-20
19590304,23,-6
19590305,29,-15
19590306,27,-24
19590307,14,-24
19590308,26,-27
19590309,1,-72
19590310,32,-141
19590311,62,-110
19590312,48,-137
19590313,52,-131
19590314,60,-134
19590315,38,-116
19590316,34,-59
19590317,44,-36
19590318,70,12
19590319,40,-24
19590320,44,-82
19590321,70,-21
19590322,76,12
19590323,67,-74
19590324,57,-11
19590325,67,-28
19590326,72,-12
19590327,37,-10
19590328,28,-26
19590329,-10,-87
19590330,-9,-125
19590331,38,-142
19590401,54,-88
19590402,30,-2
19590403,50,2
19590404,42,-12
19590405,39,-30
19590406,67,-39
19590407,34,-35
19590408,10,-54
19590409,-30,-64
19590410,9,-34
19590411,10,-25
19590412,50,-7
19590413,64,9
19590414,29,-3
19590415,132,20
19590416,152,61
19590417,152,10
19590418,82,-6
19590419,18,-19
19590420,24,-50
19590421,6,-72
19590422,25,-58
19590423,6,-92
19590424,42,-64
19590425,102,11
19590426,106,40
19590427,153,-12
19590428,153,7
19590429,165,14
19590430,170,25
19590501,161,-6
19590502,181,21
19590503,191,35
19590504,177,61
19590505,149,52
19590506,100,53
19590507,103,31
19590508,109,15
19590509,107,23
19590510,105,-22
19590511,144,-6
19590512,184,34
19590513,207,33
19590514,218,63
19590515,213,88
19590516,200,121
19590517,155,35
19590518,103,-6
19590519,97,4
19590520,102,9
19590521,83,9
19590522,66,-4
19590523,99,-1
19590524,98,28
19590525,96,33
19590526,83,49
19590527,77,51
19590528,82,25
19590529,73,23
19590530,130,6
19590531,111,57
19590601,140,52
19590602,173,52
19590603,184,92
19590604,220,52
19590605,240,123
19590606,234,128
19590607,250,137
19590608,253,136
19590609,264,167
19590610,254,164
19590611,260,113
19590612,210,140
19590613,244,86
19590614,163,116
19590615,152,24
19590616,164,97
19590617,162,70
19590618,182,69
19590619,201,116
19590620,177,92
19590621,162,100
19590622,158,92
19590623,182,108
19590624,216,100
19590625,264,80
19590626,230,127
19590627,230,117
19590628,181,112
19590629,155,58
19590630,182,94
19590701,140,112
19590702,185,127
19590703,160,121
19590704,187,124
19590705,189,132
19590706,217,95
19590707,221,117
19590708,238,122
19590709,244,120
19590710,264,162
19590711,230,120
19590712,208,67
19590713,275,127
19590714,244,168
19590715,214,132
19590716,186,128
19590717,194,72
19590718,216,72
19590719,251,102
19590720,260,124
19590721,212,138
19590722,223,88
19590723,264,106
19590724,264,152
19590725,276,137
19590726,277,147
19590727,224,132
19590728,248,97
19590729,254,114
19590730,193,121
19590731,182,103
19590801,212,69
19590802,209,86
19590803,214,139
19590804,251,168
19590805,253,144
19590806,219,155
19590807,231,120
19590808,214,122
19590809,204,104
19590810,184,73
19590811,199,69
19590812,210,74
19590813,230,87
19590814,242,80
19590815,261,118
19590816,254,124
19590817,264,122
19590818,250,132
19590819,225,124
19590820,245,154
19590821,217,146
19590822,220,80
19590823,268,166
19590824,257,149
19590825,174,134
19590826,142,93
19590827,98,74
19590828,117,92
19590829,126,76
19590830,125,74
19590831,147,96
19590901,122,100
19590902,136,61
19590903,117,86
19590904,113,44
19590905,144,49
19590906,140,62
19590907,174,82
19590908,147,62
19590909,164,22
19590910,157,102
19590911,140,82
19590912,142,54
19590913,136,95
19590914,97,60
19590915,100,32
19590916,84,36
19590917,96,40
19590918,95,40
19590919,112,2
19590920,93,7
19590921,80,-12
19590922,91,68
19590923,80,45
19590924,80,31
19590925,64,31
19590926,38,11
19590927,52,14
19590928,74,18
19590929,84,14
19590930,94,-14
19591001,79,36
19591002,47,28
19591003,37,-36
19591004,68,-50
19591005,131,60
19591006,126,87
19591007,121,29
19591008,30,-22
19591009,31,-15
19591010,49,10
19591011,45,9
19591012,47,-31
19591013,70,-37
19591014,54,15
19591015,46,-14
19591016,78,46
19591017,102,71
19591018,82,45
19591019,79,20
19591020,58,42
19591021,43,2
19591022,8,-33
19591023,-16,-60
19591024,0,-46
19591025,-27,-56
19591026,-17,-66
19591027,59,-80
19591028,65,20
19591029,70,37
19591030,70,29
19591031,74,24
19591101,68,20
19591102,52,30
19591103,47,35
19591104,48,35
19591105,44,37
19591106,48,15
19591107,30,15
19591108,36,21
19591109,24,0
19591110,20,0
19591111,24,-8
19591112,28,9
19591113,20,-10
19591114,11,-30
19591115,-30,-50
19591116,-43,-73
19591117,-47,-71
19591118,-32,-67
19591119,-20,-44
19591120,-13,-34
19591121,24,-30
19591122,37,-10
19591123,-8,-112
19591124,-72,-120
19591125,-86,-171
19591126,-80,-110
19591127,-22,-106
19591128,1,-28
19591129,11,-9
19591130,12,2
19591201,9,-1
19591202,1,-15
19591203,-2,-81
19591204,-80,-157
19591205,-146,-182
19591206,-176,-220
19591207,-140,-198
19591208,-149,-198
19591209,-142,-210
19591210,-156,-237
19591211,-117,-198
19591212,-110,-197
19591213,-72,-120
19591214,-83,-110
19591215,-82,-109
19591216,-66,-83
19591217,-69,-82
19591218,-41,-74
19591219,-10,-53
19591220,-10,-67
19591221,-34,-70
19591222,-44,-70
19591223,-60,-87
19591224,-52,-92
19591225,-47,-90
19591226,3,-52
19591227,-20,-34
19591228,-22,-107
19591229,-96,-189
19591230,-146,-181
19591231,-117,-210
19600101,-61,-155
19600102,-10,-63
19600103,-6,-16
19600104,-8,-25
19600105,3,-37
19600106,3,-19
19600107,-17,-145
19600108,-120,-145
19600109,-117,-147
19600110,-143,-174
19600111,-132,-160
19600112,-120,-147
19600113,-131,-219
19600114,-208,-268
19600115,-140,-318
19600116,-134,-230
19600117,-114,-230
19600118,-72,-136
19600119,-52,-132
19600120,-46,-140
19600121,-106,-170
19600122,-97,-153
19600123,-66,-130
19600124,-17,-67
19600125,1,-42
19600126,5,-18
19600127,12,-131
19600128,-128,-222
19600129,-187,-240
19600130,-222,-274
19600131,-204,-290
19600201,-104,-228
19600202,-118,-200
19600203,-152,-276
19600204,-101,-191
19600205,-69,-108
19600206,-28,-77
19600207,10,-36
19600208,-10,-162
19600209,44,-136
19600210,43,-76
19600211,-76,-173
19600212,-152,-232
19600213,-112,-219
19600214,-113,-213
19600215,-116,-190
19600216,-69,-173
19600217,-15,-70
19600218,-26,-60
19600219,-50,-151
19600220,-87,-160
19600221,-13,-94
19600222,-12,-62
19600223,-60,-152
19600224,-91,-205
19600225,-105,-290
19600226,-83,-280
19600227,-88,-210
19600228,-100,-126
19600229,-126,-167
19600301,-126,-221
19600302,-130,-236
19600303,-104,-184
19600304,-87,-231
19600305,-48,-242
19600306,-17,-108
19600307,12,-54
19600308,-19,-62
19600309,-12,-40
19600310,-25,-62
19600311,48,-33
19600312,1,-62
19600313,-34,-61
19600314,-8,-74
19600315,-22,-66
19600316,-53,-90
19600317,-64,-110
19600318,-8,-72
19600319,38,-102
19600320,76,-113
19600321,99,-47
19600322,76,-20
19600323,62,-11
19600324,80,-72
19600325,80,-22
19600326,76,-42
19600327,56,-76
19600328,48,-76
19600329,13,-72
19600330,-6,-50
19600331,-17,-61
19600401,-37,-141
19600402,-22,-210
19600403,17,-226
19600404,32,-199
19600405,63,-159
19600406,66,-66
19600407,77,-15
19600408,61,-30
19600409,76,-72
19600410,69,-74
19600411,48,7
19600412,47,10
19600413,42,22
19600414,64,26
19600415,62,34
19600416,80,26
19600417,80,3
19600418,81,-32
19600419,127,-40
19600420,134,-19
19600421,128,-11
19600422,137,-22
19600423,90,18
19600424,70,-3
19600425,42,17
19600426,21,0
19600427,24,-20
19600428,90,-16
19600429,70,5
19600430,99,12
19600501,136,-10
19600502,88,32
19600503,60,32
19600504,104,-7
19600505,116,-21
19600506,143,-22
19600507,164,-15
19600508,173,-4
19600509,151,32
19600510,142,7
19600511,154,0
19600512,174,24
19600513,144,64
19600514,124,-10
19600515,183,60
19600516,171,40
19600517,164,55
19600518,198,41
19600519,199,60
19600520,151,42
19600521,86,-30
19600522,104,-40
19600523,144,23
19600524,193,40
19600525,148,64
19600526,168,109
19600527,227,93
19600528,217,70
19600529,246,67
19600530,239,82
19600531,259,74
19600601,267,106
19600602,228,132
19600603,179,122
19600604,214,78
19600605,246,134
19600606,204,112
19600607,226,94
19600608,227,92
19600609,170,134
19600610,176,102
19600611,230,127
19600612,203,152
19600613,203,119
19600614,228,142
19600615,202,154
19600616,174,124
19600617,129,101
19600618,196,88
19600619,163,122
19600620,152,96
19600621,179,80
19600622,178,78
19600623,192,99
19600624,198,72
19600625,204,117
19600626,173,132
19600627,204,123
19600628,182,130
19600629,217,103
19600630,248,104
19600701,237,160
19600702,219,140
19600703,193,150
19600704,174,120
19600705,180,103
19600706,215,130
19600707,229,126
19600708,224,125
19600709,246,131
19600710,262,124
19600711,272,144
19600712,243,181
19600713,243,134
19600714,222,150
19600715,234,108
19600716,250,146
19600717,289,167
19600718,268,180
19600719,246,199
19600720,216,142
19600721,213,140
19600722,208,106
19600723,190,134
19600724,206,136
19600725,196,122
19600726,244,167
19600727,287,157
19600728,264,172
19600729,252,178
19600730,223,153
19600731,210,130
19600801,221,160
19600802,223,136
19600803,183,110
19600804,150,102
19600805,197,82
19600806,212,74
19600807,221,86
19600808,234,97
19600809,239,120
19600810,221,138
19600811,204,94
19600812,204,139
19600813,187,158
19600814,241,162
19600815,204,145
19600816,198,145
19600817,210,98
19600818,217,83
19600819,210,81
19600820,207,136
19600821,198,140
19600822,202,108
19600823,194,81
19600824,207,81
19600825,162,124
19600826,177,108
19600827,185,102
19600828,192,101
19600829,170,63
19600830,107,70
19600831,150,62
19600901,152,70
19600902,163,72
19600903,150,36
19600904,140,56
19600905,122,85
19600906,106,85
19600907,122,80
19600908,122,98
19600909,107,66
19600910,92,60
19600911,118,43
19600912,109,5
19600913,127,18
19600914,135,102
19600915,120,106
19600916,123,92
19600917,123,92
19600918,140,76
19600919,153,60
19600920,130,80
19600921,131,64
19600922,150,27
19600923,141,16
19600924,144,54
19600925,119,85
19600926,115,86
19600927,99,76
19600928,90,46
19600929,49,22
19600930,67,30
19601001,80,25
19601002,88,1
19601003,49,-3
19601004,91,38
19601005,85,-8
19601006,64,-34
19601007,60,-28
19601008,49,-46
19601009,64,24
19601010,46,34
19601011,80,29
19601012,85,50
19601013,51,12
19601014,19,2
19601015,13,0
19601016,18,-5
19601017,40,-2
19601018,37,-1
19601019,28,-18
19601020,24,4
19601021,22,6
19601022,22,-13
19601023,-3,-59
19601024,9,-66
19601025,16,-20
19601026,-3,-47
19601027,5,-40
19601028,-3,-65
19601029,-5,-66
19601030,18,-49
19601031,10,-82
19601101,-29,-102
19601102,-9,-96
19601103,46,-52
19601104,48,33
19601105,63,30
19601106,77,52
19601107,61,42
19601108,45,-12
19601109,45,14
19601110,47,18
19601111,20,3
19601112,6,-64
19601113,-39,-59
19601114,-44,-74
19601115,-33,-74
19601116,-22,-38
19601117,-21,-59
19601118,-54,-101
19601119,-51,-72
19601120,-71,-93
19601121,-14,-86
19601122,-15,-101
19601123,-34,-77
19601124,-31,-56
19601125,4,-43
19601126,4,-2
19601127,2,-4
19601128,-2,-27
19601129,-24,-84
19601130,-80,-105
19601201,-58,-84
19601202,29,-58
19601203,35,14
19601204,34,0
19601205,14,0
19601206,10,-2
19601207,5,-92
19601208,-60,-140
19601209,-53,-67
19601210,-64,-100
19601211,-98,-116
19601212,-50,-106
19601213,-40,-75
19601214,-46,-80
19601215,-27,-54
19601216,-14,-30
19601217,10,-22
19601218,26,-8
19601219,-7,-90
19601220,-1,-48
19601221,-22,-32
19601222,-25,-92
19601223,5,-104
19601224,10,-8
19601225,18,-12
19601226,20,-12
19601227,-9,-48
19601228,-40,-100
19601229,-46,-100
19601230,-9,-47
19601231,-21,-44
19610101,-17,-37
19610102,-9,-21
19610103,-16,-52
19610104,-7,-41
19610105,9,-8
19610106,17,1
19610107,3,-31
19610108,-5,-13
19610109,-9,-42
19610110,-41,-185
19610111,4,-128
19610112,0,-69
19610113,-11,-75
19610114,-12,-31
19610115,-1,-27
19610116,-20,-157
19610117,-153,-266
19610118,-64,-268
19610119,-50,-68
19610120,-51,-59
19610121,-52,-93
19610122,-75,-226
19610123,-73,-182
19610124,-81,-169
19610125,-104,-181
19610126,-76,-115
19610127,-37,-88
19610128,-7,-55
19610129,-6,-33
19610130,16,-27
19610131,14,-28
19610201,-25,-76
19610202,-9,-78
19610203,2,-13
19610204,-6,-47
19610205,-36,-71
19610206,-69,-167
19610207,-28,-148
19610208,0,-44
19610209,1,-34
19610210,-32,-71
19610211,-3,-118
19610212,5,-7
19610213,-6,-98
19610214,9,-149
19610215,30,-20
19610216,-4,-96
19610217,23,-6
19610218,65,16
19610219,38,-25
19610220,27,-52
19610221,45,-4
19610222,37,-21
19610223,47,-5
19610224,16,-26
19610225,22,0
19610226,18,-19
19610227,9,-5
19610228,42,1
19610301,17,-26
19610302,8,-22
19610303,29,-6
19610304,20,2
19610305,54,0
19610306,72,5
19610307,48,-16
19610308,-10,-50
19610309,47,-32
19610310,52,12
19610311,25,0
19610312,34,-16
19610313,12,-42
19610314,2,-46
19610315,1,-38
19610316,-9,-56
19610317,-13,-132
19610318,7,-36
19610319,2,-82
19610320,-42,-147
19610321,-29,-214
19610322,1,-190
19610323,37,-91
19610324,26,-26
19610325,5,-52
19610326,25,-106
19610327,22,-24
19610328,19,-34
19610329,-5,-68
19610330,-9,-134
19610331,-4,-47
19610401,11,-155
19610402,11,-141
19610403,19,-95
19610404,16,-139
19610405,45,-147
19610406,12,-57
19610407,26,-25
19610408,29,-16
19610409,31,-53
19610410,11,-61
19610411,6,-103
19610412,8,-97
19610413,15,-135
19610414,23,-102
19610415,36,6
19610416,82,6
19610417,88,-13
19610418,104,-8
19610419,78,-16
19610420,26,-16
19610421,46,-41
19610422,37,-13
19610423,104,-41
19610424,74,-46
19610425,153,-11
19610426,157,14
19610427,124,16
19610428,17,-37
19610429,27,-89
19610430,26,-10
19610501,54,-65
19610502,99,-24
19610503,134,40
19610504,147,-18
19610505,98,24
19610506,88,-4
19610507,114,67
19610508,152,55
19610509,108,59
19610510,114,-11
19610511,120,33
19610512,87,23
19610513,94,21
19610514,102,43
19610515,112,49
19610516,120,54
19610517,94,32
19610518,102,-9
19610519,89,32
19610520,124,41
19610521,94,66
19610522,84,24
19610523,140,20
19610524,140,56
19610525,168,90
19610526,180,78
19610527,204,44
19610528,224,60
19610529,254,114
19610530,262,96
19610531,260,129
19610601,259,131
19610602,247,135
19610603,240,114
19610604,246,101
19610605,269,94
19610606,275,126
19610607,276,131
19610608,253,126
19610609,200,150
19610610,252,154
19610611,257,158
19610612,241,154
19610613,238,144
19610614,241,122
19610615,243,152
19610616,213,162
19610617,232,120
19610618,193,140
19610619,164,94
19610620,169,102
19610621,183,80
19610622,176,101
19610623,162,100
19610624,144,114
19610625,178,104
19610626,184,110
19610627,196,100
19610628,202,129
19610629,187,112
19610630,173,127
19610701,179,104
19610702,189,94
19610703,229,124
19610704,196,117
19610705,177,108
19610706,196,118
19610707,168,132
19610708,193,80
19610709,183,78
19610710,198,110
19610711,229,89
19610712,210,144
19610713,193,139
19610714,243,154
19610715,259,164
19610716,259,164
19610717,223,153
19610718,229,138
19610719,240,145
19610720,243,167
19610721,248,132
19610722,214,152
19610723,222,127
19610724,230,126
19610725,199,130
19610726,191,125
19610727,180,132
19610728,180,136
19610729,192,137
19610730,206,135
19610731,229,108
19610801,241,145
19610802,227,162
19610803,219,150
19610804,218,160
19610805,171,94
19610806,178,132
19610807,223,124
19610808,207,120
19610809,216,132
19610810,223,90
19610811,193,109
19610812,207,84
19610813,196,91
19610814,181,130
19610815,186,87
19610816,198,94
19610817,153,120
19610818,172,104
19610819,159,117
19610820,153,125
19610821,146,122
19610822,149,115
19610823,164,91
19610824,141,70
19610825,174,72
19610826,166,86
19610827,182,92
19610828,166,72
19610829,143,75
19610830,178,71
19610831,193,74
19610901,177,111
19610902,156,112
19610903,133,82
19610904,103,58
19610905,111,30
19610906,120,-15
19610907,131,12
19610908,109,72
19610909,104,41
19610910,100,60
19610911,120,30
19610912,99,19
19610913,121,76
19610914,121,8
19610915,132,30
19610916,125,64
19610917,136,82
19610918,159,122
19610919,129,90
19610920,111,17
19610921,132,3
19610922,143,41
19610923,155,68
19610924,127,36
19610925,143,58
19610926,146,48
19610927,109,46
19610928,133,29
19610929,100,68
19610930,138,70
19611001,146,37
19611002,153,58
19611003,107,80
19611004,121,60
19611005,94,50
19611006,100,52
19611007,89,62
19611008,113,36
19611009,119,10
19611010,133,72
19611011,145,122
19611012,140,100
19611013,101,63
19611014,86,62
19611015,70,16
19611016,69,7
19611017,93,52
19611018,93,80
19611019,103,66
19611020,78,60
19611021,90,61
19611022,82,56
19611023,71,48
19611024,58,22
19611025,86,22
19611026,104,60
19611027,101,64
19611028,106,82
19611029,91,80
19611030,95,66
19611031,71,50
19611101,60,38
19611102,55,22
19611103,87,55
19611104,82,62
19611105,69,42
19611106,60,15
19611107,31,1
19611108,28,-22
19611109,30,0
19611110,31,-18
19611111,-18,-42
19611112,-39,-60
19611113,-45,-60
19611114,-24,-70
19611115,42,-24
19611116,42,10
19611117,29,-15
19611118,-14,-48
19611119,-12,-55
19611120,-2,-106
19611121,37,-2
19611122,69,2
19611123,3,-11
19611124,17,-2
19611125,16,10
19611126,35,2
19611127,21,-4
19611128,5,-27
19611129,-23,-50
19611130,-21,-45
19611201,-1,-30
19611202,-12,-26
19611203,-16,-83
19611204,-3,-98
19611205,-15,-111
19611206,37,-32
19611207,25,0
19611208,0,-55
19611209,-25,-48
19611210,-48,-81
19611211,-53,-109
19611212,-71,-122
19611213,-71,-152
19611214,-131,-176
19611215,-87,-175
19611216,-38,-142
19611217,-10,-58
19611218,29,-10
19611219,19,-34
19611220,-33,-64
19611221,-58,-111
19611222,-72,-109
19611223,-78,-180
19611224,-60,-208
19611225,-31,-124
19611226,-120,-214
19611227,-168,-290
19611228,-12,-168
19611229,-36,-135
19611230,-50,-106
19611231,-34,-69
19620101,13,-34
19620102,-12,-76
19620103,-75,-150
19620104,-15,-75
19620105,0,-22
19620106,4,-69
19620107,-68,-216
19620108,2,-234
19620109,6,-6
19620110,13,2
19620111,12,-42
19620112,27,-45
19620113,27,0
19620114,16,0
19620115,10,-19
19620116,-18,-148
19620117,20,-142
19620118,24,14
19620119,22,-10
19620120,6,-12
19620121,-11,-125
19620122,-108,-180
19620123,-66,-136
19620124,-18,-92
19620125,-87,-122
19620126,-90,-126
19620127,-101,-124
19620128,-121,-154
19620129,-153,-265
19620130,-103,-294
19620131,-26,-106
19620201,-26,-64
19620202,-53,-119
19620203,-20,-81
19620204,-8,-47
19620205,3,-35
19620206,-6,-35
19620207,-23,-63
19620208,-6,-31
19620209,-1,-41
19620210,9,-65
19620211,14,3
19620212,10,-31
19620213,-18,-70
19620214,-69,-95
19620215,-93,-181
19620216,-100,-311
19620217,-92,-117
19620218,-62,-113
19620219,-83,-141
19620220,-98,-181
19620221,-100,-134
19620222,-84,-151
19620223,-33,-165
19620224,-31,-120
19620225,-85,-166
19620226,-74,-106
19620227,-71,-163
19620228,-73,-134
19620301,-85,-167
19620302,-96,-205
19620303,-128,-309
19620304,-88,-299
19620305,-89,-287
19620306,-85,-296
19620307,-73,-143
19620308,-44,-267
19620309,-23,-160
19620310,-37,-67
19620311,-39,-57
19620312,-48,-124
19620313,-93,-227
19620314,-86,-127
19620315,-64,-151
19620316,-11,-172
19620317,-8,-102
19620318,-34,-182
19620319,-26,-187
19620320,-24,-142
19620321,-17,-125
19620322,-26,-75
19620323,-8,-78
19620324,-8,-192
19620325,3,-175
19620326,-3,-103
19620327,16,-65
19620328,23,-21
19620329,2,-85
19620330,1,-46
19620331,16,-171
19620401,23,-10
19620402,37,-22
19620403,36,-12
19620404,73,6
19620405,59,25
19620406,90,20
19620407,66,34
19620408,61,15
19620409,43,-27
19620410,73,2
19620411,90,-14
19620412,101,-15
19620413,72,29
19620414,88,-11
19620415,63,-34
19620416,123,-5
19620417,145,-22
19620418,129,9
19620419,82,20
19620420,107,-44
19620421,103,-2
19620422,78,-22
19620423,126,17
19620424,119,24
19620425,106,-10
19620426,109,41
19620427,87,17
19620428,31,3
19620429,42,-16
19620430,43,2
19620501,83,3
19620502,95,10
19620503,63,15
19620504,57,-9
19620505,63,30
19620506,92,18
19620507,141,39
19620508,151,-7
19620509,109,32
19620510,93,44
19620511,86,-10
19620512,111,-4
19620513,136,22
19620514,124,60
19620515,120,36
19620516,149,72
19620517,162,69
19620518,146,59
19620519,121,68
19620520,178,29
19620521,131,87
19620522,126,37
19620523,103,72
19620524,128,81
19620525,153,72
19620526,163,62
19620527,189,52
19620528,171,57
19620529,155,69
19620530,142,82
19620531,132,54
19620601,94,42
19620602,106,34
19620603,121,17
19620604,125,57
19620605,104,7
19620606,129,-2
19620607,152,88
19620608,123,75
19620609,139,69
19620610,138,40
19620611,116,49
19620612,139,39
19620613,129,69
19620614,155,54
19620615,181,39
19620616,193,108
19620617,175,58
19620618,197,97
19620619,195,95
19620620,235,81
19620621,193,114
19620622,197,112
19620623,178,126
19620624,202,112
19620625,193,92
19620626,162,102
19620627,185,81
19620628,189,108
19620629,184,96
19620630,180,129
19620701,152,112
19620702,160,112
19620703,179,114
19620704,219,99
19620705,191,132
19620706,195,72
19620707,174,118
19620708,157,122
19620709,196,116
19620710,171,116
19620711,138,94
19620712,198,116
19620713,190,132
19620714,166,122
19620715,190,137
19620716,164,123
19620717,153,103
19620718,183,52
19620719,179,74
19620720,219,117
19620721,228,136
19620722,216,143
19620723,230,146
19620724,200,141
19620725,190,119
19620726,156,115
19620727,183,58
19620728,181,70
19620729,188,78
19620730,169,95
19620731,177,99
19620801,115,95
19620802,114,87
19620803,139,61
19620804,149,88
19620805,169,52
19620806,154,110
19620807,173,90
19620808,172,78
19620809,164,126
19620810,154,122
19620811,168,112
19620812,151,114
19620813,167,125
19620814,157,115
19620815,162,100
19620816,135,68
19620817,155,107
19620818,174,103
19620819,169,68
19620820,186,67
19620821,175,66
19620822,156,99
19620823,176,95
19620824,150,118
19620825,135,113
19620826,159,106
19620827,177,112
19620828,156,111
19620829,142,110
19620830,133,106
19620831,133,78
19620901,113,76
19620902,116,38
19620903,133,17
19620904,127,22
19620905,127,88
19620906,151,108
19620907,143,105
19620908,121,110
19620909,135,102
19620910,142,83
19620911,141,96
19620912,141,54
19620913,111,72
19620914,113,63
19620915,106,50
19620916,118,27
19620917,112,48
19620918,117,57
19620919,91,44
19620920,113,74
19620921,101,82
19620922,83,72
19620923,107,68
19620924,109,40
19620925,123,52
19620926,117,42
19620927,119,51
19620928,123,30
19620929,116,98
19620930,126,92
19621001,113,81
19621002,133,47
19621003,143,87
19621004,133,117
19621005,136,108
19621006,123,113
19621007,121,79
19621008,141,63
19621009,125,83
19621010,106,23
19621011,65,12
19621012,50,7
19621013,73,-25
19621014,73,-5
19621015,15,-21
19621016,3,-41
19621017,19,-57
19621018,56,19
19621019,46,23
19621020,30,5
19621021,70,5
19621022,96,67
19621023,99,14
19621024,70,3
19621025,74,9
19621026,96,71
19621027,91,0
19621028,43,-3
19621029,63,6
19621030,72,35
19621031,54,21
19621101,49,25
19621102,52,36
19621103,86,44
19621104,86,78
19621105,83,75
19621106,76,56
19621107,61,39
19621108,40,-6
19621109,2,-7
19621110,-1,-22
19621111,-8,-25
19621112,-8,-25
19621113,-23,-74
19621114,16,-65
19621115,35,0
19621116,8,-7
19621117,11,-54
19621118,-8,-57
19621119,-12,-38
19621120,11,-20
19621121,42,5
19621122,42,2
19621123,5,-17
19621124,7,-16
19621125,6,-15
19621126,23,2
19621127,26,13
19621128,22,-30
19621129,-16,-32
19621130,-26,-80
19621201,-58,-80
19621202,30,-64
19621203,46,-56
19621204,-52,-94
19621205,-64,-103
19621206,46,-68
19621207,47,-54
19621208,-54,-102
19621209,28,-56
19621210,24,2
19621211,6,-14
19621212,-14,-115
19621213,17,-40
19621214,12,-114
19621215,-96,-152
19621216,-152,-224
19621217,-181,-208
19621218,-201,-253
19621219,-232,-260
19621220,-201,-240
19621221,-148,-256
19621222,-93,-150
19621223,-26,-93
19621224,-25,-60
19621225,-18,-49
19621226,-10,-26
19621227,-20,-105
19621228,-90,-168
19621229,-117,-176
19621230,-160,-205
19621231,-141,-231
19630101,-90,-238
19630102,-40,-112
19630103,-34,-120
19630104,-48,-182
19630105,-58,-117
19630106,-34,-117
19630107,-34,-137
19630108,-59,-117
19630109,-59,-202
19630110,-194,-286
19630111,-191,-255
19630112,-119,-263
19630113,-123,-264
19630114,-123,-255
19630115,-116,-201
19630116,-158,-235
19630117,-156,-312
19630118,-141,-351
19630119,-39,-142
19630120,-111,-132
19630121,-110,-183
19630122,-87,-182
19630123,-60,-145
19630124,-16,-121
19630125,-119,-252
19630126,-148,-190
19630127,-126,-168
19630128,-62,-128
19630129,-65,-78
19630130,-75,-124
19630131,-118,-152
19630201,-151,-234
19630202,-146,-257
19630203,-72,-146
19630204,-43,-73
19630205,3,-89
19630206,-45,-153
19630207,-104,-157
19630208,-136,-199
19630209,-122,-195
19630210,-96,-202
19630211,-150,-257
19630212,-120,-173
19630213,-100,-128
19630214,-96,-140
19630215,-131,-189
19630216,-74,-132
19630217,-64,-134
19630218,-65,-217
19630219,-122,-308
19630220,-103,-135
19630221,-83,-149
19630222,-101,-177
19630223,-63,-246
19630224,-59,-121
19630225,-117,-258
19630226,-84,-243
19630227,-51,-112
19630228,-4,-74
19630301,49,-49
19630302,10,-86
19630303,-75,-129
19630304,-48,-151
19630305,33,-49
19630306,1,-51
19630307,-14,-30
19630308,-28,-109
19630309,-74,-155
19630310,-66,-252
19630311,-61,-174
19630312,-70,-98
19630313,-86,-171
19630314,-105,-208
19630315,-67,-273
19630316,-47,-176
19630317,-107,-213
19630318,-143,-306
19630319,-108,-332
19630320,-113,-319
19630321,-78,-297
19630322,-50,-253
19630323,-53,-143
19630324,-44,-170
19630325,-52,-181
19630326,-63,-206
19630327,-52,-248
19630328,-44,-255
19630329,-18,-165
19630330,-37,-161
19630331,-39,-191
19630401,-4,-168
19630402,21,-183
19630403,23,-93
19630404,28,-145
19630405,-8,-60
19630406,43,-106
19630407,48,-60
19630408,81,12
19630409,56,-10
19630410,53,-10
19630411,81,-29
19630412,64,37
19630413,88,6
19630414,36,6
19630415,83,-39
19630416,51,-17
19630417,71,10
19630418,59,-34
19630419,100,25
19630420,144,20
19630421,112,40
19630422,51,-12
19630423,-3,-24
19630424,18,-5
19630425,37,-2
19630426,33,-7
19630427,116,12
19630428,143,6
19630429,139,42
19630430,126,7
19630501,111,26
19630502,75,26
19630503,87,36
19630504,78,18
19630505,147,-18
19630506,160,48
19630507,166,58
19630508,159,5
19630509,172,9
19630510,191,16
19630511,229,13
19630512,248,77
19630513,183,108
19630514,172,97
19630515,180,34
19630516,208,87
19630517,192,74
19630518,168,78
19630519,169,89
19630520,190,37
19630521,153,86
19630522,208,37
19630523,257,88
19630524,203,116
19630525,199,127
19630526,168,94
19630527,196,45
19630528,237,59
19630529,238,132
19630530,185,123
19630531,152,89
19630601,149,75
19630602,131,60
19630603,163,13
19630604,197,30
19630605,169,104
19630606,200,133
19630607,160,80
19630608,146,65
19630609,142,28
19630610,182,67
19630611,158,94
19630612,164,94
19630613,140,77
19630614,108,46
19630615,111,40
19630616,151,39
19630617,143,59
19630618,161,44
19630619,176,39
19630620,206,54
19630621,217,72
19630622,155,103
19630623,164,74
19630624,201,67
19630625,207,134
19630626,216,88
19630627,232,81
19630628,209,130
19630629,194,96
19630630,249,161
19630701,216,122
19630702,192,69
19630703,204,79
19630704,194,95
19630705,196,119
19630706,191,73
19630707,175,88
19630708,164,104
19630709,173,97
19630710,185,118
19630711,201,129
19630712,197,110
19630713,190,108
19630714,203,101
19630715,196,130
19630716,216,103
19630717,230,160
19630718,222,157
19630719,220,133
19630720,241,102
19630721,225,119
19630722,156,102
19630723,229,109
19630724,240,131
19630725,267,120
19630726,272,192
19630727,228,149
19630728,216,120
19630729,221,140
19630730,247,134
19630731,263,141
19630801,279,147
19630802,282,156
19630803,286,166
19630804,236,157
19630805,174,125
19630806,181,44
19630807,199,57
19630808,226,68
19630809,231,82
19630810,186,134
19630811,206,122
19630812,194,96
19630813,152,114
19630814,166,109
19630815,171,88
19630816,191,73
19630817,193,72
19630818,183,103
19630819,199,68
19630820,159,131
19630821,192,124
19630822,208,136
19630823,220,109
19630824,193,144
19630825,171,126
19630826,179,118
19630827,196,106
19630828,196,126
19630829,203,148
19630830,229,152
19630831,231,139
19630901,261,176
19630902,275,122
19630903,260,151
19630904,250,142
19630905,197,125
19630906,203,90
19630907,166,149
19630908,157,120
19630909,156,75
19630910,153,64
19630911,138,100
19630912,146,129
19630913,150,91
19630914,144,67
19630915,135,79
19630916,131,69
19630917,140,73
19630918,156,66
19630919,128,71
19630920,103,30
19630921,146,20
19630922,147,64
19630923,165,73
19630924,143,78
19630925,194,120
19630926,182,91
19630927,135,95
19630928,110,90
19630929,110,71
19630930,98,51
19631001,74,62
19631002,86,60
19631003,88,18
19631004,113,69
19631005,97,47
19631006,99,80
19631007,84,50
19631008,98,54
19631009,106,40
19631010,119,76
19631011,79,51
19631012,59,28
19631013,59,25
19631014,45,12
19631015,20,4
19631016,51,-16
19631017,63,20
19631018,59,-5
19631019,63,30
19631020,63,50
19631021,64,54
19631022,89,55
19631023,92,45
19631024,68,49
19631025,85,68
19631026,79,39
19631027,83,6
19631028,36,-4
19631029,63,-24
19631030,-11,-41
19631031,30,-19
19631101,52,4
19631102,36,14
19631103,20,-4
19631104,11,-20
19631105,16,-10
19631106,22,10
19631107,12,-13
19631108,70,-1
19631109,73,58
19631110,60,-5
19631111,-1,-22
19631112,-19,-66
19631113,-16,-75
19631114,4,-25
19631115,23,4
19631116,31,4
19631117,10,1
19631118,12,-31
19631119,8,-16
19631120,41,-6
19631121,-2,-46
19631122,-16,-48
19631123,-31,-60
19631124,-54,-117
19631125,-48,-126
19631126,-50,-101
19631127,-46,-95
19631128,-12,-46
19631129,5,-28
19631130,6,-36
19631201,-36,-117
19631202,-26,-108
19631203,-5,-47
19631204,1,-38
19631205,-37,-47
19631206,4,-38
19631207,6,-63
19631208,-33,-68
19631209,-45,-150
19631210,-149,-222
19631211,-85,-217
19631212,-111,-204
19631213,-45,-207
19631214,-2,-99
19631215,-98,-150
19631216,-20,-106
19631217,-87,-245
19631218,-159,-288
19631219,-120,-235
19631220,-128,-194
19631221,-105,-151
19631222,-83,-157
19631223,-79,-219
19631224,21,-138
19631225,14,-48
19631226,-4,-35
19631227,6,-8
19631228,2,-142
19631229,2,-181
19631230,13,2
19631231,28,12
19640101,14,2
19640102,4,-107
19640103,-13,-139
19640104,25,-14
19640105,22,-33
19640106,-20,-45
19640107,-34,-65
19640108,-28,-46
19640109,4,-29
19640110,15,-16
19640111,13,-37
19640112,30,-8
19640113,8,-73
19640114,-53,-129
19640115,-128,-158
19640116,-128,-160
19640117,-54,-155
19640118,-16,-56
19640119,1,-92
19640120,2,-196
19640121,16,1
19640122,17,-56
19640123,-32,-164
19640124,13,-41
19640125,-40,-156
19640126,-131,-232
19640127,-121,-158
19640128,-110,-210
19640129,0,-111
19640130,11,-10
19640131,12,-11
19640201,7,-11
19640202,4,-19
19640203,-14,-66
19640204,-23,-34
19640205,-2,-24
19640206,-11,-44
19640207,-39,-102
19640208,-83,-207
19640209,-104,-200
19640210,-119,-162
19640211,-148,-179
19640212,-124,-173
19640213,-143,-204
19640214,-132,-215
19640215,-67,-206
19640216,-67,-110
19640217,-106,-179
19640218,-163,-221
19640219,-179,-273
19640220,-142,-257
19640221,-30,-202
19640222,-74,-162
19640223,-70,-276
19640224,-13,-72
19640225,-52,-105
19640226,-60,-176
19640227,-55,-104
19640228,-49,-77
19640229,-26,-49
19640301,-11,-53
19640302,-12,-52
19640303,-31,-71
19640304,-68,-173
19640305,-104,-276
19640306,-56,-192
19640307,30,-56
19640308,24,-29
19640309,34,-23
19640310,-6,-66
19640311,-21,-79
19640312,-68,-163
19640313,-63,-253
19640314,-2,-213
19640315,9,-116
19640316,7,-174
19640317,2,-141
19640318,7,-140
19640319,8,-87
19640320,-4,-109
19640321,-2,-177
19640322,-21,-150
19640323,21,-184
19640324,23,-164
19640325,14,-171
19640326,15,-131
19640327,24,-149
19640328,34,-149
19640329,38,-102
19640330,48,-70
19640331,61,-70
19640401,18,-21
19640402,8,-9
19640403,30,-76
19640404,40,-91
19640405,32,-126
19640406,19,-118
19640407,10,-54
19640408,11,-10
19640409,22,-8
19640410,3,-26
19640411,24,-72
19640412,28,4
19640413,82,14
19640414,58,20
19640415,71,1
19640416,39,-25
19640417,62,10
19640418,108,31
19640419,48,18
19640420,34,10
19640421,33,15
19640422,39,2
19640423,68,-4
19640424,93,-42
19640425,14,-48
19640426,72,-41
19640427,62,-49
19640428,113,-17
19640429,144,10
19640430,132,59
19640501,88,20
19640502,76,31
19640503,105,30
19640504,97,7
19640505,116,-3
19640506,98,6
19640507,78,22
19640508,113,6
19640509,99,18
19640510,94,27
19640511,139,36
19640512,130,52
19640513,150,30
19640514,163,70
19640515,152,62
19640516,118,36
19640517,121,41
19640518,117,25
19640519,109,35
19640520,162,-7
19640521,128,62
19640522,135,10
19640523,166,18
19640524,173,87
19640525,188,46
19640526,213,53
19640527,207,82
19640528,222,78
19640529,186,89
19640530,168,56
19640531,169,54
19640601,137,42
19640602,142,52
19640603,151,51
19640604,136,70
19640605,165,81
19640606,172,38
19640607,191,58
19640608,110,24
19640609,161,50
19640610,183,115
19640611,161,71
19640612,207,88
19640613,181,105
19640614,211,65
19640615,264,133
19640616,237,175
19640617,185,110
19640618,172,91
19640619,190,73
19640620,232,68
19640621,228,151
19640622,204,96
19640623,200,78
19640624,236,119
19640625,195,119
19640626,203,125
19640627,245,85
19640628,224,144
19640629,239,129
19640630,181,107
19640701,181,62
19640702,209,53
19640703,190,107
19640704,190,89
19640705,188,103
19640706,175,76
19640707,190,68
19640708,175,106
19640709,161,117
19640710,205,126
19640711,197,122
19640712,168,125
19640713,228,86
19640714,228,159
19640715,253,128
19640716,257,108
19640717,272,118
19640718,239,140
19640719,208,125
19640720,178,106
19640721,188,80
19640722,198,70
19640723,248,70
19640724,247,111
19640725,264,106
19640726,225,154
19640727,230,140
19640728,193,131
19640729,218,166
19640730,178,125
19640731,202,122
19640801,166,130
19640802,169,119
19640803,199,108
19640804,160,83
19640805,205,154
19640806,223,142
19640807,246,149
19640808,204,154
19640809,176,129
19640810,183,118
19640811,170,125
19640812,128,77
19640813,112,74
19640814,138,74
19640815,149,83
19640816,182,113
19640817,164,92
19640818,186,29
19640819,227,89
19640820,228,124
19640821,222,139
19640822,182,129
19640823,140,96
19640824,182,83
19640825,168,113
19640826,170,113
19640827,164,112
19640828,168,102
19640829,165,39
19640830,166,95
19640831,137,92
19640901,128,62
19640902,143,68
19640903,166,94
19640904,167,81
19640905,184,65
19640906,159,64
19640907,152,51
19640908,152,93
19640909,142,116
19640910,126,53
19640911,115,43
19640912,110,36
19640913,105,52
19640914,109,38
19640915,101,40
19640916,168,78
19640917,147,104
19640918,129,106
19640919,106,70
19640920,125,40
19640921,118,35
19640922,93,19
19640923,95,4
19640924,136,49
19640925,150,40
19640926,110,18
19640927,102,-15
19640928,110,53
19640929,108,69
19640930,104,68
19641001,95,29
19641002,110,50
19641003,61,6
19641004,103,26
19641005,122,42
19641006,140,48
19641007,103,0
19641008,149,66
19641009,139,51
19641010,126,70
19641011,90,60
19641012,96,67
19641013,85,56
19641014,80,56
19641015,95,74
19641016,91,60
19641017,78,60
19641018,85,64
19641019,66,18
19641020,82,36
19641021,92,12
19641022,64,-16
19641023,82,20
19641024,86,72
19641025,90,42
19641026,60,10
19641027,67,7
19641028,78,-8
19641029,105,50
19641030,80,40
19641031,42,15
19641101,40,12
19641102,61,40
19641103,66,34
19641104,60,-20
19641105,11,-21
19641106,4,-46
19641107,9,-66
19641108,-45,-90
19641109,-36,-92
19641110,31,-38
19641111,28,-6
19641112,44,-30
19641113,19,2
19641114,26,4
19641115,40,9
19641116,45,20
19641117,42,6
19641118,24,8
19641119,8,1
19641120,3,-70
19641121,-70,-112
19641122,-94,-175
19641123,-72,-100
19641124,-38,-73
19641125,-38,-104
19641126,-65,-119
19641127,-104,-205
19641128,-64,-104
19641129,-82,-173
19641130,-168,-259
19641201,-219,-280
19641202,-172,-270
19641203,-126,-196
19641204,-72,-208
19641205,22,-72
19641206,34,0
19641207,12,-11
19641208,6,-20
19641209,19,-4
19641210,54,7
19641211,44,25
19641212,31,14
19641213,19,0
19641214,16,-15
19641215,13,-38
19641216,15,-6
19641217,3,-24
19641218,3,-18
19641219,-14,-51
19641220,-48,-81
19641221,-80,-169
19641222,-71,-210
19641223,-46,-215
19641224,-4,-46
19641225,-11,-27
19641226,-23,-96
19641227,-77,-162
19641228,-66,-135
19641229,-70,-156
19641230,-70,-126
19641231,-25,-105
19650101,-8,-25
19650102,7,-24
19650103,4,-18
19650104,-16,-48
19650105,-30,-50
19650106,-43,-126
19650107,-126,-254
19650108,-97,-180
19650109,-144,-203
19650110,-113,-167
19650111,-150,-230
19650112,8,-190
19650113,15,-38
19650114,23,-33
19650115,20,-18
19650116,22,-16
19650117,-1,-34
19650118,10,-31
19650119,17,7
19650120,8,-88
19650121,-32,-90
19650122,-25,-64
19650123,-29,-37
19650124,-21,-35
19650125,-29,-69
19650126,-51,-153
19650127,-109,-164
19650128,-88,-122
19650129,-108,-136
19650130,-99,-135
19650131,-62,-116
19650201,-70,-172
19650202,-55,-120
19650203,-60,-172
19650204,-133,-213
19650205,-126,-275
19650206,-54,-127
19650207,-11,-67
19650208,-60,-125
19650209,-81,-146
19650210,-107,-193
19650211,-98,-283
19650212,-27,-98
19650213,-20,-59
19650214,10,-20
19650215,0,-22
19650216,-13,-46
19650217,-25,-92
19650218,-58,-93
19650219,-49,-102
19650220,-22,-60
19650221,4,-83
19650222,-82,-163
19650223,-102,-167
19650224,-86,-220
19650225,-110,-176
19650226,-155,-224
19650227,-130,-240
19650228,-135,-248
19650301,-94,-315
19650302,-60,-139
19650303,-90,-264
19650304,-78,-151
19650305,-80,-161
19650306,-67,-159
19650307,-52,-215
19650308,-17,-134
19650309,-6,-56
19650310,-53,-182
19650311,-45,-225
19650312,-24,-97
19650313,-7,-25
19650314,30,-64
19650315,64,-59
19650316,44,-36
19650317,25,6
19650318,26,4
19650319,27,-7
19650320,25,-8
19650321,11,-20
19650322,7,-55
19650323,-7,-77
19650324,20,-81
19650325,14,-22
19650326,-6,-54
19650327,26,-135
19650328,25,-129
19650329,7,-81
19650330,11,-14
19650331,4,-58
19650401,3,-109
19650402,-21,-123
19650403,-35,-215
19650404,6,-75
19650405,44,5
19650406,63,-15
19650407,22,-34
19650408,-12,-101
19650409,7,-130
19650410,30,-151
19650411,44,-66
19650412,51,-50
19650413,79,-15
19650414,74,-12
19650415,67,-11
19650416,87,13
19650417,100,19
19650418,102,37
19650419,100,17
19650420,110,-14
19650421,115,-24
19650422,135,-18
19650423,143,-17
19650424,116,6
19650425,103,-1
19650426,67,1
19650427,126,-9
19650428,137,-6
19650429,134,-12
19650430,76,-10
19650501,53,-10
19650502,41,-19
19650503,49,-50
19650504,83,-24
19650505,111,-42
19650506,133,-37
19650507,169,-6
19650508,157,-8
19650509,152,56
19650510,125,29
19650511,153,76
19650512,153,44
19650513,48,19
19650514,37,-11
19650515,32,-8
19650516,53,-16
19650517,94,-32
19650518,60,26
19650519,97,40
19650520,88,21
19650521,95,-24
19650522,82,-1
19650523,97,-11
19650524,103,-2
19650525,128,-3
19650526,174,64
19650527,124,63
19650528,116,8
19650529,102,13
19650530,96,0
19650531,135,13
19650601,158,34
19650602,193,92
19650603,145,60
19650604,125,42
19650605,147,7
19650606,196,94
19650607,229,62
19650608,247,84
19650609,262,96
19650610,263,110
19650611,253,116
19650612,176,74
19650613,157,70
19650614,162,86
19650615,208,63
19650616,186,107
19650617,212,130
19650618,249,152
19650619,218,153
19650620,173,118
19650621,177,120
19650622,216,65
19650623,206,143
19650624,156,132
19650625,181,130
19650626,213,96
19650627,202,130
19650628,180,115
19650629,173,106
19650630,152,94
19650701,153,54
19650702,165,83
19650703,146,87
19650704,142,89
19650705,176,91
19650706,187,80
19650707,151,106
19650708,151,103
19650709,154,114
19650710,163,116
19650711,173,97
19650712,182,108
19650713,221,73
19650714,179,123
19650715,209,127
19650716,171,98
19650717,178,77
19650718,197,97
19650719,229,74
19650720,243,88
19650721,258,104
19650722,240,102
19650723,206,124
19650724,197,84
19650725,212,124
19650726,203,95
19650727,192,110
19650728,158,116
19650729,156,98
19650730,181,106
19650731,169,137
19650801,171,132
19650802,187,117
19650803,164,102
19650804,146,112
19650805,152,102
19650806,179,93
19650807,187,129
19650808,155,104
19650809,173,84
19650810,179,51
19650811,185,59
19650812,138,78
19650813,126,85
19650814,140,89
19650815,145,90
19650816,133,89
19650817,122,58
19650818,122,87
19650819,149,100
19650820,152,54
19650821,159,139
19650822,191,134
19650823,229,143
19650824,244,140
19650825,244,106
19650826,253,151
19650827,248,153
19650828,228,118
19650829,226,155
19650830,169,108
19650831,141,96
19650901,171,122
19650902,183,94
19650903,188,94
19650904,191,108
19650905,159,89
19650906,175,78
19650907,159,112
19650908,169,120
19650909,173,108
19650910,183,114
19650911,174,112
19650912,155,100
19650913,119,55
19650914,113,40
19650915,99,68
19650916,126,0
19650917,142,103
19650918,163,100
19650919,155,92
19650920,132,75
19650921,111,20
19650922,124,89
19650923,139,87
19650924,133,62
19650925,157,55
19650926,134,80
19650927,115,95
19650928,159,98
19650929,130,104
19650930,142,114
19651001,114,42
19651002,76,-1
19651003,115,-19
19651004,113,20
19651005,93,29
19651006,93,29
19651007,102,81
19651008,88,48
19651009,49,6
19651010,12,-26
19651011,17,-36
19651012,43,5
19651013,88,-2
19651014,84,20
19651015,70,-29
19651016,113,70
19651017,75,-2
19651018,15,-42
19651019,14,-63
19651020,22,-64
19651021,73,20
19651022,101,46
19651023,70,-12
19651024,52,-24
19651025,78,-22
19651026,78,16
19651027,52,-10
19651028,96,51
19651029,105,66
19651030,88,44
19651031,67,29
19651101,64,52
19651102,53,34
19651103,60,33
19651104,53,25
19651105,37,-14
19651106,41,5
19651107,6,-28
19651108,15,-35
19651109,21,-14
19651110,6,-16
19651111,-16,-48
19651112,-43,-80
19651113,-66,-110
19651114,-53,-121
19651115,-57,-89
19651116,-38,-69
19651117,-41,-65
19651118,-24,-54
19651119,-32,-107
19651120,-106,-160
19651121,-107,-165
19651122,-114,-185
19651123,-105,-126
19651124,-116,-162
19651125,-129,-200
19651126,-91,-198
19651127,-68,-145
19651128,-70,-119
19651129,0,-94
19651130,0,-123
19651201,2,-89
19651202,5,0
19651203,2,-18
19651204,-16,-32
19651205,-16,-61
19651206,11,-34
19651207,4,-15
19651208,-14,-58
19651209,-40,-62
19651210,-43,-67
19651211,-64,-76
19651212,-59,-88
19651213,-84,-184
19651214,-108,-190
19651215,-56,-108
19651216,-51,-84
19651217,-68,-93
19651218,-85,-150
19651219,-31,-100
19651220,-26,-34
19651221,-9,-30
19651222,-20,-78
19651223,-18,-108
19651224,-24,-64
19651225,-54,-117
19651226,-26,-64
19651227,-2,-40
19651228,-2,-27
19651229,-26,-51
19651230,-51,-86
19651231,-74,-200
19660101,-101,-278
19660102,-96,-214
19660103,-156,-206
19660104,-192,-232
19660105,-232,-297
19660106,-211,-297
19660107,-231,-290
19660108,-161,-289
19660109,-179,-210
19660110,-116,-208
19660111,-134,-236
19660112,-80,-134
19660113,-80,-221
19660114,-221,-298
19660115,-269,-315
19660116,-235,-320
19660117,-160,-236
19660118,-94,-162
19660119,-114,-267
19660120,-130,-217
19660121,-172,-247
19660122,-126,-240
19660123,-119,-136
19660124,-112,-207
19660125,-147,-229
19660126,-122,-215
19660127,-71,-132
19660128,-72,-182
19660129,-167,-267
19660130,-128,-266
19660131,-96,-183
19660201,-181,-261
19660202,-231,-280
19660203,-268,-330
19660204,-228,-345
19660205,-184,-228
19660206,-190,-235
19660207,-226,-270
19660208,-250,-300
19660209,-243,-315
19660210,-191,-259
19660211,-167,-260
19660212,-224,-325
19660213,-203,-272
19660214,-174,-309
19660215,-125,-212
19660216,-91,-125
19660217,-59,-94
19660218,-71,-102
19660219,-93,-196
19660220,-114,-192
19660221,-102,-166
19660222,-96,-168
19660223,-71,-96
19660224,-31,-86
19660225,-31,-80
19660226,-80,-136
19660227,-49,-163
19660228,-2,-50
19660301,-21,-90
19660302,-64,-147
19660303,-7,-115
19660304,14,-35
19660305,0,-63
19660306,4,-40
19660307,5,-16
19660308,5,-14
19660309,3,-85
19660310,-85,-220
19660311,-126,-306
19660312,-108,-220
19660313,-112,-158
19660314,-95,-128
19660315,-102,-171
19660316,-77,-204
19660317,-38,-141
19660318,-38,-90
19660319,-27,-166
19660320,39,-69
19660321,39,-32
19660322,-17,-147
19660323,-64,-187
19660324,-20,-91
19660325,23,-30
19660326,23,-22
19660327,2,-34
19660328,17,-131
19660329,18,-19
19660330,24,9
19660331,48,-18
19660401,59,-26
19660402,58,11
19660403,117,2
19660404,78,1
19660405,42,3
19660406,35,3
19660407,10,-8
19660408,14,-25
19660409,2,-25
19660410,-23,-69
19660411,-45,-95
19660412,-45,-126
19660413,-55,-87
19660414,-67,-103
19660415,-73,-154
19660416,-34,-156
19660417,-4,-123
19660418,1,-66
19660419,26,-42
19660420,36,-57
19660421,37,-41
19660422,58,-20
19660423,59,-13
19660424,49,-80
19660425,31,1
19660426,21,6
19660427,75,14
19660428,105,1
19660429,110,-23
19660430,88,-9
19660501,110,30
19660502,96,23
19660503,114,15
19660504,107,13
19660505,64,28
19660506,32,0
19660507,60,-46
19660508,80,-21
19660509,100,5
19660510,66,7
19660511,121,18
19660512,135,6
19660513,145,-3
19660514,191,14
19660515,188,99
19660516,176,78
19660517,179,59
19660518,205,58
19660519,241,78
19660520,227,127
19660521,178,99
19660522,153,61
19660523,159,53
19660524,161,105
19660525,166,87
19660526,160,55
19660527,150,53
19660528,146,94
19660529,94,52
19660530,79,31
19660531,101,28
19660601,142,1
19660602,166,50
19660603,149,90
19660604,116,74
19660605,144,80
19660606,217,105
19660607,202,139
19660608,195,101
19660609,202,72
19660610,228,63
19660611,264,97
19660612,257,117
19660613,199,104
19660614,247,65
19660615,222,102
19660616,223,142
19660617,235,83
19660618,223,151
19660619,282,105
19660620,294,157
19660621,275,157
19660622,268,184
19660623,254,149
19660624,244,137
19660625,260,135
19660626,236,153
19660627,204,158
19660628,193,118
19660629,160,119
19660630,141,113
19660701,200,83
19660702,195,137
19660703,204,96
19660704,209,133
19660705,203,120
19660706,213,117
19660707,218,127
19660708,225,113
19660709,193,143
19660710,181,132
19660711,156,120
19660712,216,140
19660713,199,162
19660714,186,134
19660715,207,131
19660716,192,132
19660717,199,124
19660718,196,123
19660719,220,114
19660720,257,123
19660721,265,167
19660722,270,140
19660723,205,144
19660724,214,123
19660725,250,152
19660726,212,150
19660727,221,149
19660728,207,147
19660729,197,137
19660730,223,99
19660731,212,135
19660801,211,138
19660802,211,103
19660803,223,105
19660804,216,135
19660805,215,160
19660806,206,159
19660807,215,119
19660808,191,141
19660809,217,138
19660810,227,153
19660811,162,125
19660812,183,127
19660813,183,134
19660814,183,68
19660815,194,119
19660816,163,93
19660817,166,78
19660818,191,142
19660819,179,107
19660820,196,98
19660821,185,123
19660822,167,56
19660823,154,55
19660824,154,89
19660825,169,52
19660826,188,43
19660827,171,109
19660828,116,62
19660829,131,-3
19660830,145,48
19660831,175,76
19660901,189,70
19660902,166,114
19660903,158,112
19660904,140,94
19660905,151,112
19660906,169,114
19660907,138,92
19660908,132,97
19660909,100,44
19660910,67,20
19660911,89,12
19660912,73,40
19660913,129,19
19660914,142,78
19660915,131,89
19660916,127,86
19660917,121,70
19660918,87,40
19660919,88,11
19660920,110,64
19660921,85,20
19660922,68,15
19660923,69,34
19660924,75,-22
19660925,66,20
19660926,69,-17
19660927,40,-17
19660928,28,-32
19660929,43,7
19660930,63,2
19661001,57,-19
19661002,129,-19
19661003,136,108
19661004,131,99
19661005,129,50
19661006,89,1
19661007,86,-20
19661008,89,46
19661009,106,48
19661010,49,9
19661011,42,-32
19661012,44,-33
19661013,40,3
19661014,40,-19
19661015,49,6
19661016,50,36
19661017,79,50
19661018,52,31
19661019,89,52
19661020,81,40
19661021,40,3
19661022,50,30
19661023,92,50
19661024,65,39
19661025,56,13
19661026,27,-12
19661027,3,-41
19661028,23,-39
19661029,13,-19
19661030,-11,-59
19661031,43,-39
19661101,45,14
19661102,15,-9
19661103,14,-29
19661104,21,4
19661105,27,1
19661106,59,5
19661107,68,46
19661108,58,40
19661109,46,33
19661110,37,16
19661111,50,12
19661112,14,-44
19661113,2,-34
19661114,26,-11
19661115,39,7
19661116,18,-4
19661117,18,4
19661118,14,-20
19661119,-20,-77
19661120,-2,-62
19661121,16,-9
19661122,8,-4
19661123,13,-1
19661124,8,-8
19661125,10,-4
19661126,2,-7
19661127,2,-15
19661128,12,2
19661129,8,-1
19661130,4,-34
19661201,-12,-28
19661202,0,-24
19661203,19,-3
19661204,23,8
19661205,8,-42
19661206,-41,-93
19661207,-64,-119
19661208,-70,-114
19661209,-100,-128
19661210,-21,-110
19661211,-11,-59
19661212,-48,-111
19661213,-97,-122
19661214,-119,-136
19661215,-129,-171
19661216,-132,-192
19661217,-158,-234
19661218,-77,-234
19661219,-55,-102
19661220,-100,-118
19661221,-104,-123
19661222,-82,-117
19661223,-94,-179
19661224,-57,-190
19661225,-30,-66
19661226,-28,-55
19661227,-47,-71
19661228,-45,-74
19661229,-63,-88
19661230,-40,-121
19661231,13,-41
19670101,13,-24
19670102,-21,-55
19670103,-39,-100
19670104,-54,-106
19670105,-31,-72
19670106,-67,-78
19670107,-77,-118
19670108,-80,-118
19670109,-81,-204
19670110,-154,-260
19670111,-121,-154
19670112,-128,-260
19670113,-68,-295
19670114,-54,-120
19670115,-120,-252
19670116,-65,-294
19670117,-2,-66
19670118,-6,-20
19670119,4,-48
19670120,-27,-144
19670121,-106,-230
19670122,-202,-258
19670123,-145,-263
19670124,-122,-164
19670125,-123,-234
19670126,-166,-228
19670127,-176,-252
19670128,-204,-259
19670129,-240,-324
19670130,-233,-330
19670131,-172,-249
19670201,-183,-324
19670202,-168,-226
19670203,-126,-177
19670204,-94,-126
19670205,-90,-189
19670206,2,-194
19670207,-1,-63
19670208,-56,-86
19670209,-58,-104
19670210,-98,-228
19670211,-96,-308
19670212,-72,-98
19670213,-30,-74
19670214,-23,-146
19670215,-53,-225
19670216,-48,-77
19670217,-43,-68
19670218,-51,-152
19670219,-56,-178
19670220,-26,-62
19670221,19,-40
19670222,2,-46
19670223,-26,-44
19670224,-28,-46
19670225,-25,-51
19670226,7,-34
19670227,-5,-38
19670228,-16,-58
19670301,11,-34
19670302,29,-8
19670303,11,0
19670304,21,-37
19670305,19,-84
19670306,22,10
19670307,49,6
19670308,77,-9
19670309,19,2
19670310,16,6
19670311,59,7
19670312,30,6
19670313,17,-5
19670314,30,-8
19670315,4,-68
19670316,49,-12
19670317,29,-41
19670318,41,-88
19670319,40,-98
19670320,31,-33
19670321,9,-10
19670322,17,-21
19670323,33,-37
19670324,19,-118
19670325,30,-54
19670326,9,-51
19670327,19,-4
19670328,52,4
19670329,41,16
19670330,26,2
19670331,23,4
19670401,15,-11
19670402,46,-34
19670403,53,-44
19670404,22,4
19670405,29,4
19670406,30,6
19670407,75,-14
19670408,96,21
19670409,70,-1
19670410,50,14
19670411,42,11
19670412,71,-4
19670413,103,-56
19670414,120,-25
19670415,119,-9
19670416,85,26
19670417,43,-1
19670418,12,-55
19670419,30,-61
19670420,43,-48
19670421,45,-4
19670422,68,12
19670423,63,-13
19670424,80,-6
19670425,73,-5
19670426,91,-30
19670427,141,-35
19670428,133,-6
19670429,85,17
19670430,57,-6
19670501,31,-55
19670502,51,-18
19670503,99,30
19670504,91,11
19670505,96,36
19670506,78,2
19670507,81,8
19670508,91,35
19670509,103,54
19670510,121,61
19670511,111,21
19670512,131,6
19670513,180,39
19670514,158,82
19670515,132,71
19670516,92,51
19670517,86,62
19670518,139,18
19670519,158,36
19670520,123,40
19670521,179,84
19670522,163,65
19670523,182,35
19670524,159,52
19670525,143,84
19670526,138,84
19670527,176,76
19670528,207,56
19670529,204,60
19670530,218,84
19670531,212,79
19670601,196,106
19670602,161,61
19670603,230,55
19670604,225,126
19670605,163,101
19670606,114,45
19670607,107,33
19670608,169,100
19670609,134,76
19670610,136,70
19670611,113,79
19670612,96,60
19670613,89,50
19670614,152,81
19670615,239,109
19670616,173,90
19670617,231,115
19670618,188,93
19670619,236,66
19670620,227,122
19670621,222,115
19670622,167,96
19670623,176,109
19670624,155,79
19670625,171,91
19670626,193,106
19670627,195,157
19670628,187,106
19670629,158,86
19670630,191,133
19670701,169,105
19670702,157,100
19670703,189,71
19670704,203,106
19670705,172,126
19670706,184,108
19670707,145,111
19670708,175,114
19670709,230,91
19670710,239,96
19670711,222,155
19670712,210,136
19670713,168,77
19670714,187,102
19670715,180,110
19670716,201,100
19670717,174,91
19670718,218,61
19670719,239,136
19670720,248,143
19670721,235,154
19670722,222,138
19670723,224,141
19670724,215,105
19670725,213,106
19670726,212,128
19670727,225,129
19670728,206,140
19670729,233,174
19670730,250,171
19670731,250,157
19670801,257,116
19670802,277,143
19670803,291,155
19670804,285,156
19670805,263,186
19670806,243,150
19670807,150,122
19670808,196,125
19670809,221,105
19670810,198,143
19670811,177,135
19670812,233,114
19670813,229,166
19670814,209,156
19670815,213,150
19670816,180,149
19670817,207,140
19670818,199,166
19670819,189,120
19670820,202,110
19670821,175,133
19670822,182,81
19670823,182,131
19670824,179,138
19670825,193,115
19670826,158,91
19670827,164,134
19670828,172,120
19670829,172,92
19670830,175,97
19670831,165,116
19670901,180,84
19670902,169,110
19670903,165,105
19670904,195,118
19670905,243,161
19670906,252,139
19670907,208,154
19670908,176,140
19670909,181,95
19670910,193,95
19670911,157,101
19670912,163,80
19670913,187,56
19670914,206,111
19670915,192,108
19670916,150,89
19670917,130,19
19670918,133,19
19670919,145,66
19670920,112,56
19670921,113,59
19670922,111,59
19670923,110,83
19670924,122,106
19670925,118,89
19670926,143,85
19670927,116,60
19670928,83,27
19670929,101,36
19670930,85,20
19671001,81,-28
19671002,136,45
19671003,128,109
19671004,135,86
19671005,129,72
19671006,146,100
19671007,113,88
19671008,96,86
19671009,104,86
19671010,101,72
19671011,75,54
19671012,87,35
19671013,111,63
19671014,126,85
19671015,115,78
19671016,116,86
19671017,86,36
19671018,56,1
19671019,61,4
19671020,37,4
19671021,24,-18
19671022,22,6
19671023,47,6
19671024,30,-28
19671025,59,7
19671026,74,26
19671027,107,73
19671028,89,67
19671029,101,76
19671030,94,74
19671031,90,58
19671101,63,34
19671102,69,26
19671103,94,29
19671104,106,93
19671105,97,72
19671106,93,72
19671107,93,73
19671108,91,49
19671109,63,46
19671110,46,20
19671111,56,20
19671112,53,36
19671113,46,25
19671114,33,10
19671115,31,1
19671116,46,26
19671117,33,1
19671118,6,-8
19671119,0,-50
19671120,2,-28
19671121,19,0
19671122,21,-23
19671123,-6,-66
19671124,-14,-88
19671125,9,-18
19671126,13,2
19671127,15,-6
19671128,-6,-61
19671129,-50,-78
19671130,-15,-51
19671201,16,-23
19671202,18,-28
19671203,-26,-109
19671204,-61,-93
19671205,-51,-88
19671206,-52,-89
19671207,-80,-114
19671208,-100,-134
19671209,-74,-142
19671210,-60,-78
19671211,-74,-154
19671212,-149,-214
19671213,-119,-218
19671214,-61,-134
19671215,10,-61
19671216,29,-79
19671217,-71,-128
19671218,-120,-194
19671219,-174,-222
19671220,-153,-212
19671221,-141,-252
19671222,-141,-240
19671223,-208,-251
19671224,-197,-239
19671225,-136,-230
19671226,-126,-166
19671227,-151,-202
19671228,-103,-202
19671229,-41,-104
19671230,-20,-124
19671231,-104,-244
19680101,-150,-244
19680102,-117,-240
19680103,-146,-239
19680104,-120,-199
19680105,-171,-254
19680106,-195,-242
19680107,-227,-265
19680108,-223,-296
19680109,-221,-284
19680110,-276,-339
19680111,-263,-332
19680112,-255,-308
19680113,-278,-344
19680114,-231,-278
19680115,-234,-302
19680116,-250,-300
19680117,-267,-319
19680118,-271,-338
19680119,-199,-298
19680120,-48,-205
19680121,-27,-58
19680122,-23,-74
19680123,-71,-142
19680124,-142,-186
19680125,-184,-268
19680126,-181,-267
19680127,-191,-318
19680128,-131,-250
19680129,-115,-154
19680130,-41,-115
19680131,-20,-42
19680201,0,-57
19680202,10,-58
19680203,0,-94
19680204,-10,-48
19680205,-18,-36
19680206,-36,-93
19680207,-92,-204
19680208,-132,-262
19680209,-71,-199
19680210,-50,-100
19680211,-30,-88
19680212,-31,-64
19680213,-27,-64
19680214,-27,-98
19680215,-28,-115
19680216,-55,-187
19680217,-127,-221
19680218,-60,-158
19680219,-71,-146
19680220,-72,-142
19680221,-78,-178
19680222,-87,-126
19680223,-95,-154
19680224,-126,-224
19680225,-88,-276
19680226,-49,-88
19680227,21,-67
19680228,30,-33
19680229,4,-83
19680301,16,-38
19680302,29,-30
19680303,15,-36
19680304,-23,-75
19680305,-20,-68
19680306,6,-29
19680307,-10,-59
19680308,20,-58
19680309,22,-32
19680310,-32,-79
19680311,-30,-76
19680312,-76,-134
19680313,17,-165
19680314,3,-102
19680315,-64,-134
19680316,-64,-118
19680317,-42,-156
19680318,27,-48
19680319,0,-126
19680320,16,-142
19680321,40,-24
19680322,57,-21
19680323,37,6
19680324,26,-4
19680325,107,20
19680326,69,35
19680327,60,-21
19680328,76,13
19680329,88,14
19680330,31,-23
19680331,54,-24
19680401,21,-41
19680402,11,-50
19680403,16,-27
19680404,25,3
19680405,32,7
19680406,59,-3
19680407,33,-15
19680408,2,-52
19680409,43,-43
19680410,53,-114
19680411,47,-23
19680412,30,-2
19680413,40,1
19680414,70,5
19680415,103,1
19680416,67,0
19680417,19,-62
19680418,84,-31
19680419,81,12
19680420,81,-53
19680421,95,21
19680422,117,36
19680423,65,1
19680424,14,-29
19680425,41,5
19680426,119,-11
19680427,109,-3
19680428,60,-61
19680429,92,-13
19680430,141,-3
19680501,142,19
19680502,88,37
19680503,66,44
19680504,90,35
19680505,95,19
19680506,162,46
19680507,139,4
19680508,141,52
19680509,127,42
19680510,123,12
19680511,136,-7
19680512,169,71
19680513,101,79
19680514,151,56
19680515,116,63
19680516,64,13
19680517,32,-13
19680518,100,-13
19680519,73,40
19680520,118,44
19680521,131,1
19680522,64,9
19680523,48,3
19680524,68,-23
19680525,102,-13
19680526,133,24
19680527,144,13
19680528,183,26
19680529,187,68
19680530,199,69
19680531,161,93
19680601,143,44
19680602,217,111
19680603,172,72
19680604,213,83
19680605,238,89
19680606,242,145
19680607,225,124
19680608,191,121
19680609,177,103
19680610,155,71
19680611,142,76
19680612,185,66
19680613,219,96
19680614,196,151
19680615,241,82
19680616,212,105
19680617,212,60
19680618,216,105
19680619,276,147
19680620,256,189
19680621,259,144
19680622,240,152
19680623,229,172
19680624,252,115
19680625,230,149
19680626,219,138
19680627,209,131
19680628,165,120
19680629,149,109
19680630,206,95
19680701,187,146
19680702,205,132
19680703,280,134
19680704,281,177
19680705,248,173
19680706,210,126
19680707,199,107
19680708,190,127
19680709,148,110
19680710,162,93
19680711,154,93
19680712,132,77
19680713,170,101
19680714,152,94
19680715,125,110
19680716,127,109
19680717,132,112
19680718,176,73
19680719,184,70
19680720,170,85
19680721,139,85
19680722,120,67
19680723,132,64
19680724,161,47
19680725,183,77
19680726,204,101
19680727,192,93
19680728,191,109
19680729,187,121
19680730,184,119
19680731,185,73
19680801,230,129
19680802,187,126
19680803,185,79
19680804,198,90
19680805,179,108
19680806,214,102
19680807,207,96
19680808,175,60
19680809,182,76
19680810,162,96
19680811,211,99
19680812,206,127
19680813,186,117
19680814,168,96
19680815,198,95
19680816,214,125
19680817,161,116
19680818,176,115
19680819,177,135
19680820,175,105
19680821,235,143
19680822,242,134
19680823,250,134
19680824,250,139
19680825,237,140
19680826,180,145
19680827,161,142
19680828,213,115
19680829,236,152
19680830,207,155
19680831,183,131
19680901,144,103
19680902,158,102
19680903,237,147
19680904,245,118
19680905,246,114
19680906,242,111
19680907,230,124
19680908,154,76
19680909,124,58
19680910,121,79
19680911,119,64
19680912,101,86
19680913,91,56
19680914,80,29
19680915,87,42
19680916,61,3
19680917,73,-24
19680918,74,32
19680919,74,-22
19680920,97,37
19680921,73,-2
19680922,118,49
19680923,99,80
19680924,121,66
19680925,104,79
19680926,80,36
19680927,50,13
19680928,99,4
19680929,101,8
19680930,98,14
19681001,89,7
19681002,59,30
19681003,65,33
19681004,83,59
19681005,75,-15
19681006,0,-19
19681007,32,-13
19681008,25,3
19681009,69,-25
19681010,24,-17
19681011,36,-39
19681012,26,-50
19681013,76,8
19681014,95,70
19681015,82,-3
19681016,11,-27
19681017,35,-13
19681018,23,4
19681019,6,-37
19681020,15,-53
19681021,64,12
19681022,61,43
19681023,55,-25
19681024,-23,-67
19681025,-54,-103
19681026,4,-84
19681027,1,-88
19681028,-70,-113
19681029,26,-73
19681030,60,-7
19681031,-4,-30
19681101,-27,-62
19681102,-26,-40
19681103,-24,-32
19681104,52,-30
19681105,56,-34
19681106,-12,-38
19681107,-20,-105
19681108,-26,-128
19681109,-76,-100
19681110,-79,-102
19681111,-79,-145
19681112,-52,-142
19681113,-63,-90
19681114,-34,-88
19681115,-14,-38
19681116,-8,-26
19681117,-24,-46
19681118,-30,-46
19681119,-20,-64
19681120,-14,-45
19681121,-24,-54
19681122,0,-54
19681123,36,-2
19681124,32,-18
19681125,-16,-31
19681126,4,-34
19681127,38,-4
19681128,21,-8
19681129,0,-10
19681130,-8,-101
19681201,2,-33
19681202,-27,-98
19681203,-17,-63
19681204,8,-86
19681205,9,-10
19681206,20,0
19681207,22,-46
19681208,-43,-110
19681209,-110,-210
19681210,-85,-217
19681211,-53,-129
19681212,-6,-54
19681213,-19,-58
19681214,-5,-27
19681215,-5,-33
19681216,-13,-45
19681217,-31,-78
19681218,-48,-77
19681219,-49,-81
19681220,-29,-87
19681221,-35,-101
19681222,-44,-67
19681223,-19,-45
19681224,5,-22
19681225,4,-7
19681226,-7,-41
19681227,-14,-40
19681228,-19,-51
19681229,-32,-66
19681230,-41,-83
19681231,-26,-85
19690101,-84,-161
19690102,-81,-158
19690103,-45,-110
19690104,-46,-142
19690105,-126,-177
19690106,-131,-190
19690107,-159,-230
19690108,-110,-180
19690109,-109,-151
19690110,-129,-176
19690111,-90,-151
19690112,-81,-96
19690113,-93,-216
19690114,-92,-290
19690115,-87,-105
19690116,-44,-89
19690117,-16,-56
19690118,-45,-185
19690119,-181,-254
19690120,-222,-308
19690121,-150,-285
19690122,-153,-222
19690123,-142,-184
19690124,-150,-242
19690125,-220,-284
19690126,-234,-344
19690127,-92,-234
19690128,-92,-281
19690129,-204,-304
19690130,-166,-211
19690131,-140,-190
19690201,-130,-143
19690202,-105,-133
19690203,-117,-180
19690204,-154,-247
19690205,-193,-333
19690206,-170,-227
19690207,-56,-178
19690208,-39,-143
19690209,-142,-173
19690210,-162,-213
19690211,-170,-243
19690212,-130,-171
19690213,-138,-176
19690214,-137,-164
19690215,-93,-148
19690216,-61,-103
19690217,-63,-99
19690218,-92,-133
19690219,-92,-184
19690220,-82,-147
19690221,-34,-87
19690222,-4,-37
19690223,-28,-51
19690224,-47,-123
19690225,-68,-187
19690226,-97,-213
19690227,-74,-257
19690228,-45,-245
19690301,-40,-143
19690302,-64,-203
19690303,-49,-213
19690304,-87,-183
19690305,-40,-124
19690306,-22,-170
19690307,-3,-56
19690308,-51,-76
19690309,-60,-177
19690310,-61,-148
19690311,-55,-207
19690312,-51,-140
19690313,-64,-197
19690314,-50,-273
19690315,-20,-194
19690316,-22,-100
19690317,16,-97
19690318,-6,-75
19690319,20,-142
19690320,14,-156
19690321,-30,-163
19690322,17,-154
19690323,30,-120
19690324,24,-67
19690325,-22,-173
19690326,30,-119
19690327,48,-115
19690328,34,-49
19690329,18,-67
19690330,33,-60
19690331,26,-57
19690401,8,-37
19690402,19,-96
19690403,-2,-103
19690404,26,-56
19690405,74,-13
19690406,50,-50
19690407,5,-79
19690408,19,-119
19690409,103,-5
19690410,109,-19
19690411,54,12
19690412,24,-18
19690413,20,-34
19690414,39,7
19690415,27,3
19690416,47,-11
19690417,74,-25
19690418,134,15
19690419,109,12
19690420,107,-23
19690421,44,-13
19690422,89,-3
19690423,91,-13
19690424,93,-7
19690425,118,-23
19690426,126,7
19690427,121,-15
19690428,64,11
19690429,45,3
19690430,9,-25
19690501,48,-35
19690502,22,-55
19690503,23,-67
19690504,83,-55
19690505,108,-43
19690506,132,-33
19690507,143,-10
19690508,162,7
19690509,181,7
19690510,190,57
19690511,161,77
19690512,149,32
19690513,113,49
19690514,146,42
19690515,143,4
19690516,88,46
19690517,75,46
19690518,63,33
19690519,83,32
19690520,126,7
19690521,96,16
19690522,125,24
19690523,85,39
19690524,91,31
19690525,165,-13
19690526,163,37
19690527,123,55
19690528,182,11
19690529,183,71
19690530,133,53
19690531,143,22
19690601,173,48
19690602,200,42
19690603,192,88
19690604,154,83
19690605,162,60
19690606,143,74
19690607,182,88
19690608,191,108
19690609,188,70
19690610,216,116
19690611,214,96
19690612,183,97
19690613,192,115
19690614,212,86
19690615,216,108
19690616,193,93
19690617,197,141
19690618,213,92
19690619,239,130
19690620,247,125
19690621,186,108
19690622,193,69
19690623,154,83
19690624,132,83
19690625,171,75
19690626,196,86
19690627,230,108
19690628,224,120
19690629,213,111
19690630,156,73
19690701,137,82
19690702,114,84
19690703,129,96
19690704,192,66
19690705,194,88
19690706,204,120
19690707,217,111
19690708,219,84
19690709,248,158
19690710,246,153
19690711,221,135
19690712,227,135
19690713,195,138
19690714,183,122
19690715,194,101
19690716,213,118
19690717,182,86
19690718,162,87
19690719,148,103
19690720,158,62
19690721,164,86
19690722,164,82
19690723,227,135
19690724,245,163
19690725,211,132
19690726,217,112
19690727,230,85
19690728,246,118
19690729,253,151
19690730,257,158
19690731,282,165
19690801,234,137
19690802,186,117
19690803,186,104
19690804,205,66
19690805,244,85
19690806,252,112
19690807,209,110
19690808,166,100
19690809,201,60
19690810,252,85
19690811,272,138
19690812,244,124
19690813,278,127
19690814,188,118
19690815,166,97
19690816,197,47
19690817,224,83
19690818,244,129
19690819,245,106
19690820,234,88
19690821,236,90
19690822,175,138
19690823,174,130
19690824,207,136
19690825,188,132
19690826,159,110
19690827,168,113
19690828,202,130
19690829,208,98
19690830,221,134
19690831,154,129
19690901,172,86
19690902,158,80
19690903,102,76
19690904,115,63
19690905,99,58
19690906,134,75
19690907,145,88
19690908,117,70
19690909,166,53
19690910,174,116
19690911,209,117
19690912,205,133
19690913,215,98
19690914,136,73
19690915,108,58
19690916,110,29
19690917,107,57
19690918,74,14
19690919,72,3
19690920,81,43
19690921,85,28
19690922,100,-12
19690923,96,58
19690924,97,23
19690925,113,11
19690926,134,87
19690927,118,88
19690928,93,43
19690929,76,1
19690930,84,48
19691001,92,24
19691002,84,42
19691003,52,30
19691004,73,-10
19691005,48,-10
19691006,84,20
19691007,57,-9
19691008,104,57
19691009,110,67
19691010,97,36
19691011,74,-18
19691012,74,12
19691013,148,48
19691014,98,48
19691015,66,51
19691016,83,57
19691017,114,68
19691018,103,7
19691019,93,65
19691020,96,66
19691021,79,37
19691022,45,5
19691023,40,-34
19691024,60,-26
19691025,38,12
19691026,57,19
19691027,48,7
19691028,35,-3
19691029,13,-18
19691030,7,-5
19691031,-4,-27
19691101,-19,-43
19691102,-10,-49
19691103,-39,-84
19691104,-60,-76
19691105,-50,-82
19691106,-35,-66
19691107,-11,-74
19691108,12,-54
19691109,5,-34
19691110,34,4
19691111,34,12
19691112,34,14
19691113,71,33
19691114,60,12
19691115,25,-2
19691116,20,8
19691117,42,15
19691118,44,26
19691119,48,20
19691120,23,-4
19691121,4,-21
19691122,0,-13
19691123,12,-22
19691124,22,-14
19691125,-12,-58
19691126,-24,-58
19691127,-28,-63
19691128,-39,-76
19691129,-6,-57
19691130,-1,-29
19691201,-7,-44
19691202,-20,-44
19691203,-14,-30
19691204,-9,-33
19691205,-4,-35
19691206,-20,-53
19691207,-46,-78
19691208,8,-83
19691209,-28,-142
19691210,8,-33
19691211,12,4
19691212,5,-14
19691213,-9,-14
19691214,-11,-41
19691215,-40,-99
19691216,-95,-177
19691217,-158,-205
19691218,-165,-191
19691219,-190,-228
19691220,-203,-248
19691221,-155,-222
19691222,-136,-213
19691223,-207,-253
19691224,-90,-223
19691225,-88,-97
19691226,-44,-128
19691227,-36,-50
19691228,-30,-50
19691229,-37,-112
19691230,-90,-204
19691231,-60,-141
19700101,-36,-62
19700102,-54,-133
19700103,-66,-118
19700104,-44,-97
19700105,-33,-98
19700106,-85,-187
19700107,-85,-204
19700108,-133,-248
19700109,-220,-243
19700110,-130,-241
19700111,-77,-132
19700112,-90,-152
19700113,-83,-137
19700114,-134,-208
19700115,-188,-243
19700116,-147,-253
19700117,-91,-172
19700118,-88,-116
19700119,-79,-138
19700120,-103,-157
19700121,-59,-126
19700122,-39,-60
19700123,-24,-44
19700124,-32,-49
19700125,-41,-82
19700126,-66,-131
19700127,-96,-146
19700128,-92,-220
19700129,-216,-328
19700130,-120,-293
19700131,-68,-132
19700201,-6,-80
19700202,-22,-68
19700203,-48,-120
19700204,-68,-88
19700205,-55,-144
19700206,-92,-188
19700207,-101,-184
19700208,-94,-164
19700209,-115,-188
19700210,-184,-224
19700211,-191,-234
19700212,-197,-270
19700213,-171,-278
19700214,-119,-171
19700215,-84,-122
19700216,-99,-238
19700217,-168,-308
19700218,-181,-254
19700219,-186,-282
19700220,-161,-294
19700221,-102,-220
19700222,-145,-244
19700223,-119,-212
19700224,-19,-128
19700225,-5,-22
19700226,-8,-113
19700227,-85,-200
19700228,-116,-238
19700301,-54,-199
19700302,-34,-71
19700303,-33,-75
19700304,-17,-89
19700305,9,-55
19700306,14,-14
19700307,23,-2
19700308,19,-15
19700309,0,-65
19700310,4,-87
19700311,8,-75
19700312,8,-93
19700313,-11,-91
19700314,-8,-102
19700315,-12,-57
19700316,-18,-98
19700317,-13,-191
19700318,16,-34
19700319,19,8
19700320,39,0
19700321,13,-19
19700322,19,-28
19700323,13,-27
19700324,14,-39
19700325,24,-111
19700326,29,-101
19700327,20,-118
19700328,12,-97
19700329,-13,-53
19700330,-10,-37
19700331,4,-82
19700401,-4,-155
19700402,24,-29
19700403,22,-10
19700404,33,-105
19700405,26,2
19700406,33,-56
19700407,59,-101
19700408,24,-8
19700409,57,3
19700410,93,-4
19700411,38,-3
19700412,13,0
19700413,52,-5
19700414,43,-22
19700415,43,-64
19700416,39,-23
19700417,22,10
19700418,49,10
19700419,12,-38
19700420,2,-27
19700421,19,0
19700422,41,-5
19700423,56,-19
19700424,46,-32
19700425,51,7
19700426,30,12
19700427,68,16
19700428,64,18
19700429,58,0
19700430,40,-8
19700501,113,-5
19700502,81,-14
19700503,161,34
19700504,128,17
19700505,196,40
19700506,132,39
19700507,83,24
19700508,149,6
19700509,177,6
19700510,182,28
19700511,113,14
19700512,125,2
19700513,183,8
19700514,146,38
19700515,73,4
19700516,87,-45
19700517,113,-13
19700518,158,22
19700519,131,40
19700520,132,65
19700521,132,44
19700522,122,71
19700523,142,82
19700524,101,28
19700525,106,-14
19700526,149,6
19700527,183,72
19700528,163,102
19700529,146,66
19700530,175,65
19700531,178,42
19700601,152,92
19700602,161,88
19700603,182,72
19700604,206,75
19700605,243,78
19700606,268,112
19700607,226,126
19700608,199,104
19700609,233,67
19700610,252,105
19700611,243,140
19700612,219,138
19700613,181,106
19700614,137,62
19700615,197,47
19700616,176,101
19700617,208,68
19700618,227,117
19700619,203,105
19700620,254,91
19700621,186,116
19700622,156,60
19700623,219,50
19700624,247,85
19700625,257,115
19700626,255,126
19700627,221,135
19700628,233,120
19700629,246,106
19700630,271,121
19700701,274,165
19700702,240,153
19700703,229,140
19700704,200,126
19700705,182,126
19700706,182,128
19700707,156,111
19700708,204,110
19700709,232,78
19700710,257,127
19700711,215,158
19700712,191,116
19700713,192,113
19700714,178,90
19700715,180,103
19700716,175,111
19700717,204,125
19700718,191,138
19700719,285,156
19700720,275,175
19700721,204,162
19700722,186,123
19700723,152,105
19700724,192,78
19700725,200,128
19700726,222,126
19700727,236,124
19700728,256,121
19700729,230,147
19700730,219,119
19700731,229,126
19700801,243,140
19700802,244,135
19700803,213,140
19700804,223,134
19700805,217,110
19700806,221,126
19700807,222,130
19700808,144,112
19700809,181,121
19700810,191,112
19700811,191,150
19700812,182,136
19700813,187,156
19700814,176,143
19700815,191,143
19700816,210,127
19700817,211,115
19700818,191,116
19700819,207,95
19700820,231,95
19700821,236,110
19700822,243,110
19700823,160,124
19700824,138,96
19700825,146,45
19700826,129,76
19700827,139,60
19700828,143,43
19700829,163,91
19700830,189,109
19700831,175,105
19700901,179,96
19700902,206,133
19700903,181,98
19700904,180,103
19700905,159,99
19700906,146,79
19700907,96,64
19700908,71,42
19700909,89,54
19700910,128,24
19700911,169,73
19700912,165,93
19700913,135,91
19700914,120,83
19700915,135,102
19700916,140,96
19700917,182,121
19700918,158,107
19700919,140,119
19700920,138,96
19700921,121,64
19700922,100,40
19700923,69,11
19700924,41,2
19700925,73,19
19700926,63,18
19700927,65,11
19700928,71,-4
19700929,93,-8
19700930,100,-8
19701001,76,42
19701002,83,38
19701003,55,36
19701004,44,16
19701005,49,27
19701006,62,39
19701007,77,46
19701008,83,53
19701009,99,54
19701010,109,40
19701011,100,62
19701012,83,26
19701013,47,-11
19701014,27,-25
19701015,38,-13
19701016,68,-23
19701017,86,62
19701018,74,36
19701019,83,65
19701020,76,57
19701021,79,58
19701022,61,4
19701023,14,-15
19701024,-6,-26
19701025,6,-28
19701026,39,-3
19701027,34,-29
19701028,15,-49
19701029,-28,-70
19701030,-32,-48
19701031,-18,-69
19701101,-21,-68
19701102,-29,-84
19701103,-12,-73
19701104,-33,-89
19701105,-37,-106
19701106,-54,-92
19701107,-49,-88
19701108,-34,-82
19701109,-13,-58
19701110,-17,-47
19701111,-40,-76
19701112,-38,-80
19701113,8,-43
19701114,7,-82
19701115,-58,-146
19701116,16,-60
19701117,19,7
19701118,24,8
19701119,28,13
19701120,25,-1
19701121,0,-11
19701122,12,-7
19701123,11,-24
19701124,-22,-47
19701125,14,-45
19701126,14,-18
19701127,29,-15
19701128,38,2
19701129,7,-109
19701130,-70,-127
19701201,-98,-168
19701202,-58,-106
19701203,7,-58
19701204,-4,-88
19701205,-54,-97
19701206,-25,-71
19701207,14,-25
19701208,9,-47
19701209,11,-52
19701210,28,-58
19701211,43,6
19701212,30,-28
19701213,-21,-60
19701214,-19,-103
19701215,-73,-114
19701216,-73,-170
19701217,-14,-79
19701218,9,-14
19701219,-11,-58
19701220,-54,-83
19701221,-26,-82
19701222,-24,-60
19701223,-56,-118
19701224,-86,-138
19701225,-91,-123
19701226,-117,-184
19701227,-23,-142
19701228,-23,-114
19701229,-113,-161
19701230,-86,-140
19701231,-77,-102
19710101,-103,-113
19710102,-107,-224
19710103,-28,-249
19710104,-16,-83
19710105,-82,-239
19710106,-165,-310
19710107,-21,-165
19710108,23,-52
19710109,29,-10
19710110,40,0
19710111,55,30
19710112,33,-52
19710113,-50,-115
19710114,-16,-90
19710115,-16,-28
19710116,-19,-31
19710117,-28,-84
19710118,0,-68
19710119,14,-8
19710120,10,-19
19710121,7,-6
19710122,9,-4
19710123,6,-9
19710124,9,-7
19710125,24,-4
19710126,31,11
19710127,19,7
19710128,8,-18
19710129,-15,-51
19710130,-48,-111
19710131,-70,-151
19710201,8,-72
19710202,8,-114
19710203,-60,-119
19710204,6,-60
19710205,2,-47
19710206,-39,-93
19710207,-63,-122
19710208,-109,-167
19710209,-132,-199
19710210,-110,-247
19710211,-56,-110
19710212,-42,-59
19710213,-36,-55
19710214,-40,-54
19710215,-46,-100
19710216,-97,-185
19710217,-94,-137
19710218,-56,-113
19710219,-78,-146
19710220,-97,-166
19710221,-96,-150
19710222,-139,-217
19710223,-158,-223
19710224,-90,-169
19710225,-31,-97
19710226,-61,-167
19710227,-163,-195
19710228,-147,-204
19710301,-128,-196
19710302,-124,-231
19710303,-131,-248
19710304,-111,-243
19710305,-83,-176
19710306,-55,-240
19710307,-18,-74
19710308,-21,-95
19710309,-20,-140
19710310,-65,-180
19710311,-50,-216
19710312,-78,-165
19710313,-87,-161
19710314,-53,-238
19710315,-31,-116
19710316,-18,-144
19710317,14,-58
19710318,19,2
19710319,24,-4
19710320,11,-5
19710321,16,-33
19710322,-23,-50
19710323,-26,-76
19710324,-43,-130
19710325,-18,-113
19710326,22,-27
19710327,28,-2
19710328,16,-3
19710329,30,-20
19710330,22,-54
19710331,77,-37
19710401,26,-14
19710402,33,-4
19710403,86,-19
19710404,50,-14
19710405,19,-78
19710406,34,-116
19710407,23,-86
19710408,77,-33
19710409,113,34
19710410,56,17
19710411,66,-50
19710412,50,-4
19710413,34,-11
19710414,21,-20
19710415,9,-54
19710416,39,-98
19710417,44,-19
19710418,61,10
19710419,88,7
19710420,79,7
19710421,47,6
19710422,8,-43
19710423,19,-89
19710424,36,-59
19710425,-10,-65
19710426,0,-103
19710427,7,-107
19710428,39,-114
19710429,32,-52
19710430,43,-51
19710501,63,-73
19710502,99,-28
19710503,85,25
19710504,74,-29
19710505,107,-49
19710506,166,33
19710507,151,22
19710508,111,-3
19710509,178,6
19710510,179,38
19710511,179,84
19710512,178,66
19710513,158,48
19710514,108,48
19710515,96,-24
19710516,128,28
19710517,150,72
19710518,219,52
19710519,209,107
19710520,157,20
19710521,89,32
19710522,35,11
19710523,35,-10
19710524,48,6
19710525,81,12
19710526,117,7
19710527,134,22
19710528,179,62
19710529,197,96
19710530,211,107
19710531,220,82
19710601,258,89
19710602,272,118
19710603,266,153
19710604,187,96
19710605,148,91
19710606,126,57
19710607,176,58
19710608,141,52
19710609,111,45
19710610,143,3
19710611,148,82
19710612,123,79
19710613,101,78
19710614,167,93
19710615,142,108
19710616,210,81
19710617,209,95
19710618,162,107
19710619,215,94
19710620,207,89
19710621,199,92
19710622,178,96
19710623,144,91
19710624,107,60
19710625,162,42
19710626,189,97
19710627,204,69
19710628,206,110
19710629,148,109
19710630,200,82
19710701,213,133
19710702,213,147
19710703,209,136
19710704,226,127
19710705,213,121
19710706,209,81
19710707,213,128
19710708,196,128
19710709,196,127
19710710,223,78
19710711,241,116
19710712,244,164
19710713,176,88
19710714,172,58
19710715,162,82
19710716,166,101
19710717,141,118
19710718,199,118
19710719,192,98
19710720,197,87
19710721,189,72
19710722,216,115
19710723,206,87
19710724,227,103
19710725,244,95
19710726,264,108
19710727,262,168
19710728,239,133
19710729,189,133
19710730,185,82
19710731,220,73
19710801,239,155
19710802,212,135
19710803,196,143
19710804,207,129
19710805,228,129
19710806,218,167
19710807,234,142
19710808,199,127
19710809,187,129
19710810,176,88
19710811,206,104
19710812,168,114
19710813,201,132
19710814,208,88
19710815,193,141
19710816,176,110
19710817,175,88
19710818,182,89
19710819,177,78
19710820,227,133
19710821,184,118
19710822,139,74
19710823,136,63
19710824,181,48
19710825,211,129
19710826,213,95
19710827,216,108
19710828,209,108
19710829,174,130
19710830,154,90
19710831,133,81
19710901,162,48
19710902,160,99
19710903,163,114
19710904,155,89
19710905,156,49
19710906,144,65
19710907,123,34
19710908,126,24
19710909,161,39
19710910,138,108
19710911,134,95
19710912,126,75
19710913,102,35
19710914,80,22
19710915,98,27
19710916,92,-16
19710917,122,-12
19710918,120,46
19710919,128,75
19710920,116,79
19710921,112,60
19710922,128,60
19710923,141,50
19710924,133,5
19710925,121,88
19710926,113,85
19710927,88,40
19710928,68,38
19710929,91,1
19710930,82,-25
19711001,103,45
19711002,97,35
19711003,65,24
19711004,40,14
19711005,43,-17
19711006,73,-19
19711007,109,59
19711008,79,25
19711009,53,-25
19711010,42,-29
19711011,117,-31
19711012,107,31
19711013,68,-2
19711014,14,-18
19711015,12,-46
19711016,27,-78
19711017,46,-30
19711018,59,34
19711019,40,14
19711020,86,22
19711021,84,37
19711022,39,-2
19711023,7,-10
19711024,7,-18
19711025,4,-22
19711026,3,-28
19711027,-10,-39
19711028,64,-11
19711029,72,23
19711030,28,-9
19711031,58,-6
19711101,63,41
19711102,53,30
19711103,91,51
19711104,70,20
19711105,35,-31
19711106,-29,-71
19711107,-33,-76
19711108,-17,-81
19711109,24,-19
19711110,-8,-74
19711111,36,-76
19711112,44,-21
19711113,-20,-87
19711114,7,-55
19711115,14,-40
19711116,13,-35
19711117,-4,-68
19711118,-59,-91
19711119,-86,-172
19711120,-93,-168
19711121,-74,-161
19711122,-71,-132
19711123,-67,-133
19711124,-92,-133
19711125,-61,-150
19711126,-42,-73
19711127,19,-42
19711128,39,15
19711129,38,-9
19711130,16,-25
19711201,19,-2
19711202,4,-10
19711203,-1,-41
19711204,4,-45
19711205,3,-9
19711206,5,-36
19711207,12,-41
19711208,12,-28
19711209,-26,-96
19711210,-40,-105
19711211,-39,-69
19711212,-61,-155
19711213,-133,-225
19711214,-92,-221
19711215,-58,-92
19711216,-36,-65
19711217,6,-39
19711218,-6,-77
19711219,14,-109
19711220,-98,-160
19711221,-70,-175
19711222,-40,-147
19711223,-145,-191
19711224,-34,-195
19711225,-48,-225
19711226,-40,-204
19711227,-12,-68
19711228,-6,-158
19711229,-158,-251
19711230,-30,-164
19711231,-13,-40
19720101,13,-31
19720102,-1,-92
19720103,-31,-68
19720104,-17,-85
19720105,-84,-185
19720106,-92,-221
19720107,-52,-96
19720108,-62,-104
19720109,-78,-105
19720110,-64,-84
19720111,-69,-196
19720112,-196,-272
19720113,-85,-254
19720114,-82,-210
19720115,-195,-261
19720116,-156,-206
19720117,-126,-202
19720118,-133,-217
19720119,-154,-254
19720120,-104,-155
19720121,-77,-104
19720122,-62,-80
19720123,-16,-75
19720124,-6,-26
19720125,-10,-45
19720126,-45,-190
19720127,-190,-258
19720128,-232,-272
19720129,-227,-306
19720130,-189,-258
19720131,-112,-251
19720201,-111,-162
19720202,-96,-162
19720203,-70,-107
19720204,-72,-182
19720205,-141,-209
19720206,-128,-211
19720207,-74,-176
19720208,-44,-74
19720209,-11,-70
19720210,-67,-153
19720211,-53,-118
19720212,-27,-54
19720213,-4,-30
19720214,7,-13
19720215,6,0
19720216,3,-7
19720217,8,-12
19720218,2,-62
19720219,-46,-115
19720220,-64,-115
19720221,-20,-158
19720222,-26,-96
19720223,0,-56
19720224,35,-60
19720225,38,-35
19720226,-12,-159
19720227,-41,-194
19720228,-36,-160
19720229,-51,-148
19720301,-41,-121
19720302,-55,-212
19720303,-24,-178
19720304,-31,-90
19720305,-22,-155
19720306,-16,-194
19720307,-18,-203
19720308,-28,-223
19720309,-93,-186
19720310,-116,-235
19720311,-71,-283
19720312,26,-128
19720313,89,9
19720314,79,-36
19720315,8,-90
19720316,42,-131
19720317,39,-27
19720318,43,-103
19720319,64,-16
19720320,59,-20
19720321,54,-38
19720322,63,0
19720323,30,-33
19720324,22,-60
19720325,4,-55
19720326,3,-80
19720327,-6,-76
19720328,29,-28
19720329,30,0
19720330,33,-9
19720331,21,-10
19720401,29,-15
19720402,21,-23
19720403,29,-73
19720404,33,-82
19720405,53,-92
19720406,41,3
19720407,21,-2
19720408,34,1
19720409,45,-28
19720410,45,3
19720411,45,2
19720412,74,-33
19720413,70,-10
19720414,88,16
19720415,118,8
19720416,75,-25
19720417,79,9
19720418,39,-8
19720419,21,-35
19720420,59,-75
19720421,85,-21
19720422,65,7
19720423,41,-4
19720424,-4,-37
19720425,21,-95
19720426,11,-29
19720427,46,4
19720428,34,4
19720429,61,-9
19720430,73,-27
19720501,121,27
19720502,117,-3
19720503,161,0
19720504,159,8
19720505,160,5
19720506,117,21
19720507,160,-12
19720508,79,9
19720509,37,-43
19720510,59,-61
19720511,75,-30
19720512,74,3
19720513,83,13
19720514,103,-18
19720515,64,24
19720516,84,13
19720517,124,-21
19720518,143,-10
19720519,167,2
19720520,196,25
19720521,244,77
19720522,182,111
19720523,128,92
19720524,140,76
19720525,143,39
19720526,172,61
19720527,134,72
19720528,121,77
19720529,134,82
19720530,154,83
19720531,166,83
19720601,165,86
19720602,151,69
19720603,152,65
19720604,184,93
19720605,209,116
19720606,256,152
19720607,258,151
19720608,203,96
19720609,134,47
19720610,142,51
19720611,182,73
19720612,210,68
19720613,216,116
19720614,248,123
19720615,217,144
19720616,193,126
19720617,174,110
19720618,207,92
19720619,255,124
19720620,246,150
19720621,257,125
19720622,231,152
19720623,217,147
19720624,237,165
19720625,259,138
19720626,286,179
19720627,299,165
19720628,284,182
19720629,277,193
19720630,284,157
19720701,291,193
19720702,281,190
19720703,271,191
19720704,294,206
19720705,263,193
19720706,245,183
19720707,255,184
19720708,316,225
19720709,279,177
19720710,244,167
19720711,278,165
19720712,291,187
19720713,293,217
19720714,277,180
19720715,265,190
19720716,234,182
19720717,274,142
19720718,243,192
19720719,229,128
19720720,267,182
19720721,230,156
19720722,192,133
19720723,190,93
19720724,239,102
19720725,263,167
19720726,227,185
19720727,200,146
19720728,194,127
19720729,225,99
19720730,253,133
19720731,256,161
19720801,267,132
19720802,273,139
19720803,275,143
19720804,262,169
19720805,222,151
19720806,223,128
19720807,244,161
19720808,282,139
19720809,298,194
19720810,269,170
19720811,223,169
19720812,202,143
19720813,165,124
19720814,197,105
19720815,183,111
19720816,182,133
19720817,203,148
19720818,212,147
19720819,226,135
19720820,243,169
19720821,224,145
19720822,260,169
19720823,215,159
19720824,197,162
19720825,192,136
19720826,187,108
19720827,195,102
19720828,164,122
19720829,147,124
19720830,134,88
19720831,130,66
19720901,143,68
19720902,136,56
19720903,150,114
19720904,121,57
19720905,114,39
19720906,160,90
19720907,138,59
19720908,172,99
19720909,183,88
19720910,161,58
19720911,214,120
19720912,223,123
19720913,164,92
19720914,159,69
19720915,186,108
19720916,164,92
19720917,144,93
19720918,136,49
19720919,99,41
19720920,87,11
19720921,114,3
19720922,136,97
19720923,105,39
19720924,101,29
19720925,107,66
19720926,118,43
19720927,74,22
19720928,77,52
19720929,71,44
19720930,58,34
19721001,72,-1
19721002,86,-2
19721003,76,33
19721004,99,69
19721005,89,56
19721006,71,15
19721007,123,33
19721008,109,13
19721009,78,10
19721010,92,53
19721011,115,67
19721012,93,65
19721013,79,53
19721014,64,25
19721015,62,53
19721016,62,21
19721017,83,43
19721018,52,2
19721019,23,-9
19721020,22,-15
19721021,23,-17
19721022,33,6
19721023,26,8
19721024,46,6
19721025,21,4
19721026,31,11
19721027,41,-2
19721028,34,6
19721029,39,-6
19721030,3,-29
19721031,33,-29
19721101,40,-12
19721102,-8,-81
19721103,-52,-103
19721104,-25,-62
19721105,12,-29
19721106,20,-3
19721107,11,-13
19721108,13,-3
19721109,43,5
19721110,37,-32
19721111,66,27
19721112,46,26
19721113,38,11
19721114,26,-18
19721115,-15,-69
19721116,-5,-45
19721117,-2,-26
19721118,-1,-43
19721119,-8,-24
19721120,-5,-45
19721121,-8,-53
19721122,-3,-37
19721123,-8,-37
19721124,-35,-66
19721125,-55,-72
19721126,-69,-95
19721127,-26,-101
19721128,-6,-29
19721129,24,-20
19721130,10,-29
19721201,11,-52
19721202,35,7
19721203,49,23
19721204,47,21
19721205,43,15
19721206,57,24
19721207,61,38
19721208,45,12
19721209,39,-11
19721210,27,4
19721211,25,2
19721212,6,-25
19721213,39,4
19721214,53,14
19721215,60,-5
19721216,23,-21
19721217,28,-21
19721218,-13,-65
19721219,-11,-73
19721220,11,-22
19721221,10,-12
19721222,17,-11
19721223,26,-5
19721224,21,-7
19721225,12,-42
19721226,-28,-69
19721227,-38,-75
19721228,-7,-40
19721229,19,-40
19721230,21,-7
19721231,39,7
19730101,59,10
19730102,15,-38
19730103,33,-14
19730104,-1,-111
19730105,32,-22
19730106,34,-9
19730107,-6,-87
19730108,44,-35
19730109,-16,-103
19730110,13,-77
19730111,-24,-82
19730112,-15,-60
19730113,-1,-38
19730114,-33,-109
19730115,-36,-103
19730116,-36,-55
19730117,-39,-73
19730118,-51,-114
19730119,-48,-118
19730120,-81,-134
19730121,-76,-117
19730122,-94,-174
19730123,-64,-95
19730124,-46,-90
19730125,24,-47
19730126,21,0
19730127,19,0
19730128,4,-138
19730129,-125,-147
19730130,-92,-148
19730131,-109,-172
19730201,-97,-149
19730202,4,-99
19730203,4,-13
19730204,-9,-72
19730205,7,-101
19730206,6,-29
19730207,-19,-89
19730208,-17,-59
19730209,-41,-136
19730210,-48,-159
19730211,-88,-198
19730212,-78,-223
19730213,-31,-89
19730214,9,-33
19730215,8,-61
19730216,3,-13
19730217,4,-6
19730218,6,-45
19730219,-2,-54
19730220,0,-33
19730221,4,-91
19730222,-76,-115
19730223,-101,-180
19730224,-116,-168
19730225,-103,-180
19730226,-124,-250
19730227,-61,-212
19730228,-98,-234
19730301,-96,-261
19730302,-90,-194
19730303,-68,-134
19730304,-39,-232
19730305,-20,-89
19730306,35,-50
19730307,-4,-58
19730308,-13,-69
19730309,-34,-133
19730310,9,-153
19730311,20,-37
19730312,42,-139
19730313,52,-24
19730314,-4,-88
19730315,24,-125
19730316,18,-13
19730317,-11,-109
19730318,-41,-126
19730319,-41,-156
19730320,-20,-152
19730321,-29,-122
19730322,-22,-139
19730323,34,-58
19730324,86,15
19730325,83,8
19730326,107,9
19730327,55,-3
19730328,44,-59
19730329,70,16
19730330,51,13
19730331,21,3
19730401,76,4
19730402,25,4
19730403,42,-9
19730404,41,-6
19730405,45,-53
19730406,35,3
19730407,37,4
19730408,31,-26
19730409,69,-15
19730410,46,-12
19730411,46,-12
19730412,48,-14
19730413,48,0
19730414,62,-14
19730415,59,-2
19730416,51,-47
19730417,79,-14
19730418,128,-6
19730419,71,18
19730420,30,1
19730421,57,-24
19730422,53,-16
19730423,29,-23
19730424,20,-39
19730425,83,-52
19730426,60,8
19730427,60,-1
19730428,71,-22
19730429,71,-3
19730430,164,42
19730501,125,29
19730502,136,47
19730503,146,36
19730504,120,25
19730505,119,20
19730506,98,17
19730507,93,35
19730508,70,9
19730509,93,26
19730510,131,7
19730511,167,43
19730512,140,81
19730513,115,66
19730514,95,53
19730515,130,41
19730516,98,36
19730517,139,52
19730518,173,53
19730519,207,109
19730520,195,103
19730521,216,86
19730522,226,84
19730523,224,95
19730524,174,94
19730525,116,56
19730526,144,28
19730527,193,53
19730528,166,78
19730529,153,84
19730530,184,49
19730531,186,108
19730601,231,83
19730602,233,123
19730603,236,134
19730604,234,152
19730605,212,158
19730606,215,107
19730607,218,154
19730608,235,34
19730609,249,153
19730610,221,160
19730611,190,100
19730612,145,79
19730613,177,80
19730614,182,145
19730615,155,103
19730616,149,85
19730617,153,68
19730618,165,78
19730619,183,99
19730620,210,78
19730621,238,102
19730622,222,126
19730623,250,117
19730624,246,121
19730625,251,123
19730626,258,139
19730627,234,153
19730628,256,137
19730629,215,168
19730630,206,165
19730701,226,142
19730702,247,126
19730703,281,143
19730704,291,154
19730705,295,180
19730706,299,158
19730707,259,193
19730708,224,130
19730709,215,133
19730710,222,90
19730711,260,89
19730712,268,120
19730713,275,165
19730714,264,152
19730715,279,132
19730716,266,171
19730717,257,115
19730718,274,103
19730719,264,178
19730720,266,180
19730721,266,179
19730722,259,135
19730723,225,133
19730724,209,135
19730725,228,122
19730726,250,131
19730727,244,175
19730728,190,136
19730729,183,83
19730730,204,82
19730731,183,125
19730801,213,122
19730802,226,110
19730803,229,170
19730804,244,158
19730805,215,150
19730806,220,157
19730807,257,174
19730808,203,152
19730809,176,127
19730810,208,84
19730811,213,109
19730812,203,150
19730813,210,120
19730814,221,124
19730815,238,114
19730816,220,151
19730817,240,107
19730818,252,153
19730819,218,160
19730820,204,131
19730821,169,109
19730822,127,87
19730823,130,58
19730824,109,65
19730825,126,70
19730826,125,66
19730827,128,30
19730828,134,66
19730829,141,55
19730830,173,72
19730831,183,116
19730901,149,96
19730902,139,86
19730903,114,87
19730904,112,78
19730905,159,74
19730906,128,93
19730907,107,76
19730908,129,72
19730909,104,76
19730910,84,55
19730911,95,30
19730912,66,3
19730913,87,34
19730914,67,12
19730915,83,14
19730916,89,-13
19730917,96,-17
19730918,83,44
19730919,125,66
19730920,130,58
19730921,76,26
19730922,71,16
19730923,68,-13
19730924,79,-34
19730925,88,-27
19730926,68,-20
19730927,49,27
19730928,57,21
19730929,68,56
19730930,94,68
19731001,97,60
19731002,75,43
19731003,100,54
19731004,126,77
19731005,105,61
19731006,76,16
19731007,64,-9
19731008,76,38
19731009,62,12
19731010,61,-20
19731011,0,-28
19731012,19,-40
19731013,36,-23
19731014,21,-39
19731015,43,13
19731016,19,1
19731017,13,-1
19731018,-1,-44
19731019,14,-59
19731020,-23,-63
19731021,-15,-46
19731022,-29,-60
19731023,-12,-52
19731024,-2,-47
19731025,37,-16
19731026,36,14
19731027,35,-20
19731028,49,-27
19731029,49,8
19731030,8,-22
19731031,-5,-40
19731101,10,-61
19731102,21,-3
19731103,23,12
19731104,36,16
19731105,55,22
19731106,37,25
19731107,38,9
19731108,16,-15
19731109,51,-13
19731110,40,-4
19731111,-1,-31
19731112,-18,-51
19731113,-5,-98
19731114,5,-20
19731115,-20,-82
19731116,-46,-111
19731117,-51,-96
19731118,-53,-74
19731119,-15,-89
19731120,-14,-82
19731121,-72,-146
19731122,-28,-181
19731123,11,-92
19731124,-61,-96
19731125,-90,-178
19731126,-60,-163
19731127,-50,-93
19731128,-61,-79
19731129,-62,-113
19731130,-72,-162
19731201,-96,-204
19731202,-182,-262
19731203,-78,-255
19731204,-70,-137
19731205,-126,-216
19731206,-201,-240
19731207,-221,-262
19731208,-241,-267
19731209,-248,-277
19731210,-64,-266
19731211,24,-64
19731212,6,-60
19731213,-39,-71
19731214,-47,-64
19731215,-63,-164
19731216,-100,-172
19731217,-42,-100
19731218,-49,-115
19731219,-49,-150
19731220,-65,-150
19731221,-54,-104
19731222,-37,-119
19731223,-20,-45
19731224,3,-56
19731225,-48,-87
19731226,-6,-59
19731227,-1,-34
19731228,28,-28
19731229,19,-65
19731230,31,-56
19731231,31,0
19740101,6,-87
19740102,-84,-186
19740103,3,-102
19740104,-2,-30
19740105,1,-24
19740106,4,-55
19740107,-48,-128
19740108,-114,-150
19740109,-104,-187
19740110,-102,-187
19740111,-94,-193
19740112,-134,-184
19740113,-106,-160
19740114,-90,-118
19740115,-48,-105
19740116,-46,-82
19740117,-26,-55
19740118,-24,-51
19740119,-23,-65
19740120,-52,-140
19740121,-134,-252
19740122,-3,-146
19740123,-3,-110
19740124,-73,-196
19740125,-54,-88
19740126,-71,-90
19740127,-90,-196
19740128,-119,-172
19740129,-64,-141
19740130,7,-64
19740131,7,-10
19740201,10,-7
19740202,13,-80
19740203,9,-64
19740204,8,2
19740205,8,-2
19740206,4,-20
19740207,6,-18
19740208,9,2
19740209,7,-25
19740210,-22,-74
19740211,-10,-104
19740212,17,-10
19740213,31,-8
19740214,35,-34
19740215,0,-22
19740216,0,-20
19740217,-1,-22
19740218,2,-33
19740219,-6,-54
19740220,-42,-80
19740221,-13,-87
19740222,11,-18
19740223,14,-17
19740224,11,-12
19740225,-3,-18
19740226,6,-27
19740227,9,-19
19740228,-8,-26
19740301,-20,-45
19740302,-25,-54
19740303,-7,-39
19740304,11,-73
19740305,-13,-129
19740306,0,-140
19740307,-23,-161
19740308,-12,-58
19740309,-11,-67
19740310,-46,-89
19740311,-39,-85
19740312,43,-120
19740313,23,-108
19740314,15,-21
19740315,14,-47
19740316,-1,-54
19740317,15,-72
19740318,30,-35
19740319,14,-115
19740320,14,-60
19740321,-9,-126
19740322,12,-30
19740323,38,-46
19740324,21,-95
19740325,61,-23
19740326,46,-32
19740327,50,-94
19740328,47,-22
19740329,37,-100
19740330,75,-14
19740331,87,-65
19740401,111,-64
19740402,120,-64
19740403,102,-56
19740404,83,-45
19740405,65,14
19740406,93,-11
19740407,71,-4
19740408,75,17
19740409,30,-41
19740410,18,-68
19740411,-11,-43
19740412,13,-82
19740413,19,-68
19740414,35,-97
19740415,59,-70
19740416,60,-37
19740417,33,-11
19740418,29,-9
19740419,12,-45
19740420,28,-70
19740421,19,-35
19740422,13,-61
19740423,16,-31
19740424,2,-43
19740425,8,-66
19740426,49,-89
19740427,108,-77
19740428,108,19
19740429,127,3
19740430,97,5
19740501,73,-34
19740502,78,-42
19740503,66,-18
19740504,50,-42
19740505,38,-28
19740506,73,-78
19740507,61,-26
19740508,48,6
19740509,46,24
19740510,59,20
19740511,70,23
19740512,84,-12
19740513,122,-35
19740514,135,-19
19740515,168,34
19740516,201,20
19740517,195,19
19740518,143,46
19740519,80,2
19740520,70,-5
19740521,88,-18
19740522,99,-6
19740523,120,-27
19740524,111,58
19740525,98,16
19740526,121,-4
19740527,100,40
19740528,119,51
19740529,159,48
19740530,116,69
19740531,133,64
19740601,141,76
19740602,158,36
19740603,143,68
19740604,124,77
19740605,173,69
19740606,171,76
19740607,208,99
19740608,146,101
19740609,142,90
19740610,174,68
19740611,125,103
19740612,176,104
19740613,155,127
19740614,221,116
19740615,239,96
19740616,226,139
19740617,234,107
19740618,241,106
19740619,272,114
19740620,263,127
19740621,255,129
19740622,242,132
19740623,232,154
19740624,182,114
19740625,183,89
19740626,169,106
19740627,203,75
19740628,224,134
19740629,194,115
19740630,190,138
19740701,214,125
19740702,193,127
19740703,151,136
19740704,202,138
19740705,201,135
19740706,220,113
19740707,220,140
19740708,219,130
19740709,227,161
19740710,268,163
19740711,200,158
19740712,209,139
19740713,217,132
19740714,220,151
19740715,200,133
19740716,205,130
19740717,211,133
19740718,233,132
19740719,246,162
19740720,255,174
19740721,246,177
19740722,217,157
19740723,234,153
19740724,234,164
19740725,201,157
19740726,214,165
19740727,191,131
19740728,177,117
19740729,190,118
19740730,186,111
19740731,197,114
19740801,210,135
19740802,191,115
19740803,223,117
19740804,197,122
19740805,191,135
19740806,188,118
19740807,129,105
19740808,150,101
19740809,144,116
19740810,202,124
19740811,171,128
19740812,214,128
19740813,220,126
19740814,179,111
19740815,158,131
19740816,183,129
19740817,200,130
19740818,185,137
19740819,182,121
19740820,138,104
19740821,169,83
19740822,188,72
19740823,191,121
19740824,184,136
19740825,182,127
19740826,208,93
19740827,208,127
19740828,220,118
19740829,228,137
19740830,195,146
19740831,184,128
19740901,159,81
19740902,192,68
19740903,216,96
19740904,220,143
19740905,180,151
19740906,174,140
19740907,188,158
19740908,180,145
19740909,165,134
19740910,167,120
19740911,127,86
19740912,115,37
19740913,130,89
19740914,121,87
19740915,141,30
19740916,149,86
19740917,142,92
19740918,166,121
19740919,152,88
19740920,132,67
19740921,124,72
19740922,139,90
19740923,150,95
19740924,137,93
19740925,103,63
19740926,153,97
19740927,155,127
19740928,155,90
19740929,165,63
19740930,163,116
19741001,128,100
19741002,164,97
19741003,133,103
19741004,133,40
19741005,100,78
19741006,106,66
19741007,93,57
19741008,93,60
19741009,69,38
19741010,62,35
19741011,91,57
19741012,84,64
19741013,69,46
19741014,65,15
19741015,60,-10
19741016,50,-13
19741017,53,5
19741018,49,20
19741019,25,-15
19741020,32,-5
19741021,67,31
19741022,58,22
19741023,22,3
19741024,36,15
19741025,46,26
19741026,49,33
19741027,45,33
19741028,49,28
19741029,44,4
19741030,41,9
19741031,46,32
19741101,44,16
19741102,23,10
19741103,21,4
19741104,19,8
19741105,33,19
19741106,26,9
19741107,29,-3
19741108,14,-5
19741109,8,-9
19741110,0,-34
19741111,5,-23
19741112,53,4
19741113,54,32
19741114,40,-54
19741115,13,-75
19741116,60,7
19741117,43,29
19741118,38,2
19741119,44,0
19741120,33,-18
19741121,-12,-39
19741122,-16,-33
19741123,-14,-45
19741124,9,-14
19741125,9,-18
19741126,-15,-32
19741127,4,-23
19741128,6,-18
19741129,6,-16
19741130,-1,-29
19741201,-6,-28
19741202,-13,-57
19741203,-10,-22
19741204,-2,-16
19741205,6,-16
19741206,0,-12
19741207,-8,-30
19741208,-1,-27
19741209,2,-16
19741210,15,-16
19741211,18,-2
19741212,16,-2
19741213,10,-13
19741214,10,-4
19741215,1,-13
19741216,-2,-13
19741217,1,-14
19741218,13,-37
19741219,13,-9
19741220,5,-28
19741221,-1,-24
19741222,38,-4
19741223,40,-4
19741224,28,-23
19741225,36,13
19741226,23,7
19741227,17,2
19741228,6,-26
19741229,-23,-73
19741230,-41,-73
19741231,-60,-99
19750101,-13,-93
19750102,4,-30
19750103,18,-10
19750104,27,-32
19750105,-16,-62
19750106,-26,-75
19750107,-73,-146
19750108,-122,-189
19750109,-181,-250
19750110,-72,-232
19750111,-114,-201
19750112,-166,-284
19750113,12,-204
19750114,21,-24
19750115,43,8
19750116,35,21
19750117,36,17
19750118,34,-12
19750119,-11,-22
19750120,2,-37
19750121,4,-50
19750122,6,-5
19750123,16,3
19750124,17,3
19750125,13,-1
19750126,4,-13
19750127,-6,-35
19750128,-30,-72
19750129,-19,-45
19750130,-19,-42
19750131,-26,-46
19750201,-34,-53
19750202,-47,-106
19750203,26,-100
19750204,48,15
19750205,37,-19
19750206,20,-30
19750207,-14,-95
19750208,-40,-122
19750209,4,-42
19750210,-39,-133
19750211,-36,-127
19750212,-47,-196
19750213,-20,-112
19750214,-112,-178
19750215,-113,-202
19750216,-116,-211
19750217,-115,-221
19750218,-143,-266
19750219,-67,-223
19750220,-32,-102
19750221,3,-99
19750222,2,-119
19750223,44,-26
19750224,42,-48
19750225,5,-36
19750226,4,-103
19750227,47,-15
19750228,26,-49
19750301,-16,-130
19750302,-25,-199
19750303,-19,-62
19750304,6,-19
19750305,26,6
19750306,21,6
19750307,18,5
19750308,18,2
19750309,10,-2
19750310,37,5
19750311,34,-24
19750312,25,-55
19750313,64,-44
19750314,66,-7
19750315,41,-25
19750316,36,8
19750317,10,-45
19750318,10,-94
19750319,27,-80
19750320,2,-87
19750321,29,-73
19750322,64,-48
19750323,72,-84
19750324,59,-53
19750325,60,-3
19750326,14,-20
19750327,18,-5
19750328,14,-6
19750329,9,-32
19750330,17,-3
19750331,25,-5
19750401,37,-22
19750402,13,-41
19750403,37,12
19750404,63,4
19750405,32,-20
19750406,71,-31
19750407,29,5
19750408,39,8
19750409,83,-13
19750410,43,4
19750411,36,-3
19750412,40,7
19750413,21,2
19750414,14,-8
19750415,18,-46
19750416,40,-48
19750417,80,-50
19750418,76,-57
19750419,88,-57
19750420,115,-45
19750421,84,27
19750422,85,27
19750423,96,2
19750424,115,4
19750425,55,-4
19750426,74,11
19750427,84,6
19750428,103,34
19750429,116,7
19750430,146,33
19750501,165,56
19750502,150,65
19750503,134,62
19750504,127,38
19750505,128,2
19750506,170,8
19750507,203,44
19750508,214,58
19750509,213,83
19750510,234,89
19750511,214,119
19750512,206,116
19750513,210,94
19750514,160,82
19750515,215,56
19750516,253,107
19750517,264,103
19750518,214,161
19750519,194,91
19750520,196,78
19750521,160,113
19750522,123,83
19750523,108,48
19750524,135,68
19750525,134,21
19750526,102,43
19750527,112,17
19750528,92,53
19750529,73,12
19750530,88,8
19750531,86,6
19750601,92,43
19750602,115,43
19750603,151,36
19750604,153,58
19750605,163,100
19750606,173,81
19750607,195,68
19750608,235,83
19750609,237,137
19750610,217,91
19750611,170,56
19750612,151,102
19750613,173,108
19750614,158,95
19750615,165,92
19750616,184,95
19750617,206,108
19750618,203,125
19750619,219,88
19750620,236,124
19750621,251,125
19750622,227,148
19750623,193,97
19750624,182,122
19750625,190,107
19750626,166,103
19750627,166,115
19750628,133,71
19750629,151,89
19750630,209,66
19750701,235,96
19750702,248,126
19750703,263,151
19750704,227,144
19750705,198,102
19750706,208,91
19750707,213,107
19750708,155,89
19750709,161,77
19750710,233,77
19750711,246,163
19750712,250,166
19750713,198,158
19750714,198,134
19750715,194,89
19750716,201,100
19750717,165,96
19750718,183,96
19750719,226,114
19750720,210,135
19750721,184,137
19750722,220,88
19750723,247,143
19750724,250,128
19750725,257,160
19750726,253,152
19750727,249,184
19750728,271,172
19750729,238,181
19750730,248,132
19750731,260,135
19750801,274,147
19750802,254,141
19750803,251,158
19750804,237,154
19750805,261,164
19750806,243,182
19750807,225,126
19750808,247,117
19750809,202,125
19750810,195,67
19750811,163,48
19750812,159,100
19750813,187,92
19750814,165,81
19750815,139,96
19750816,137,106
19750817,141,102
19750818,143,103
19750819,155,74
19750820,200,82
19750821,221,93
19750822,223,144
19750823,241,162
19750824,208,153
19750825,155,92
19750826,120,97
19750827,141,86
19750828,165,87
19750829,173,83
19750830,175,86
19750831,164,83
19750901,173,100
19750902,189,127
19750903,192,92
19750904,219,126
19750905,163,84
19750906,181,112
19750907,143,69
19750908,130,50
19750909,168,67
19750910,180,119
19750911,185,122
19750912,195,103
19750913,147,99
19750914,144,115
19750915,143,115
19750916,154,106
19750917,174,118
19750918,169,121
19750919,175,108
19750920,129,44
19750921,139,26
19750922,123,76
19750923,126,81
19750924,163,98
19750925,133,82
19750926,143,101
19750927,150,102
19750928,136,81
19750929,128,62
19750930,131,54
19751001,155,77
19751002,131,108
19751003,124,89
19751004,97,39
19751005,81,9
19751006,80,30
19751007,103,56
19751008,70,18
19751009,32,2
19751010,38,-3
19751011,63,-12
19751012,95,34
19751013,103,51
19751014,68,28
19751015,61,28
19751016,84,27
19751017,79,27
19751018,87,34
19751019,34,-19
19751020,46,-62
19751021,22,-13
19751022,49,5
19751023,41,8
19751024,57,20
19751025,60,43
19751026,104,48
19751027,90,47
19751028,88,-42
19751029,16,-83
19751030,25,-55
19751031,-54,-96
19751101,3,-86
19751102,-2,-67
19751103,-14,-115
19751104,5,-39
19751105,48,4
19751106,60,41
19751107,46,15
19751108,20,-42
19751109,77,7
19751110,71,38
19751111,38,-59
19751112,-1,-71
19751113,33,-10
19751114,34,16
19751115,41,2
19751116,50,36
19751117,39,-1
19751118,4,-22
19751119,5,-22
19751120,-21,-69
19751121,-55,-119
19751122,-68,-94
19751123,-49,-93
19751124,24,-58
19751125,30,11
19751126,25,13
19751127,24,-54
19751128,-33,-56
19751129,-9,-53
19751130,29,-12
19751201,20,7
19751202,10,-4
19751203,18,-2
19751204,30,7
19751205,25,-3
19751206,2,-57
19751207,-18,-62
19751208,-17,-42
19751209,-33,-99
19751210,-71,-137
19751211,-53,-179
19751212,22,-159
19751213,22,-57
19751214,-21,-133
19751215,21,-21
19751216,4,-112
19751217,-111,-193
19751218,-113,-168
19751219,-56,-134
19751220,-45,-207
19751221,22,-46
19751222,29,-50
19751223,13,-88
19751224,-38,-150
19751225,-26,-96
19751226,-60,-101
19751227,2,-180
19751228,30,-10
19751229,-10,-74
19751230,17,-63
19751231,50,-42
19760101,-33,-97
19760102,-62,-128
19760103,-94,-204
19760104,-168,-228
19760105,-149,-210
19760106,-131,-194
19760107,-58,-183
19760108,-5,-88
19760109,-52,-213
19760110,-201,-271
19760111,-166,-245
19760112,-141,-182
19760113,-141,-209
19760114,-195,-259
19760115,-140,-296
19760116,-141,-230
19760117,-209,-268
19760118,-209,-277
19760119,-73,-283
19760120,-27,-73
19760121,5,-37
19760122,3,-48
19760123,-35,-87
19760124,-43,-60
19760125,-50,-147
19760126,-139,-214
19760127,-161,-244
19760128,-186,-265
19760129,-196,-288
19760130,-136,-285
19760131,-131,-288
19760201,-122,-237
19760202,-232,-338
19760203,-267,-344
19760204,-266,-359
19760205,-199,-353
19760206,-161,-281
19760207,-88,-313
19760208,-31,-89
19760209,-46,-85
19760210,-63,-85
19760211,-66,-114
19760212,-109,-172
19760213,-120,-199
19760214,-116,-245
19760215,-96,-199
19760216,-42,-128
19760217,44,-43
19760218,10,-40
19760219,-15,-102
19760220,-50,-132
19760221,-37,-122
19760222,-91,-190
19760223,-56,-225
19760224,-46,-128
19760225,25,-84
19760226,39,2
19760227,14,-42
19760228,-40,-146
19760229,-21,-222
19760301,9,-33
19760302,1,-58
19760303,-56,-129
19760304,-68,-156
19760305,-22,-235
19760306,7,-157
19760307,-16,-154
19760308,-43,-128
19760309,-46,-108
19760310,-32,-114
19760311,-40,-114
19760312,-47,-132
19760313,-83,-140
19760314,-63,-174
19760315,-56,-110
19760316,-69,-162
19760317,-56,-248
19760318,-67,-214
19760319,-73,-209
19760320,-63,-204
19760321,-38,-250
19760322,-38,-203
19760323,5,-77
19760324,7,-44
19760325,-8,-85
19760326,9,-26
19760327,24,-9
19760328,12,-33
19760329,23,7
19760330,26,1
19760331,14,-18
19760401,-4,-84
19760402,54,-64
19760403,45,-66
19760404,44,-123
19760405,19,-82
19760406,10,-19
19760407,11,-32
19760408,10,-54
19760409,43,-96
19760410,34,-105
19760411,63,-11
19760412,90,1
19760413,115,-41
19760414,83,-38
19760415,96,-17
19760416,116,-21
19760417,62,2
19760418,54,28
19760419,54,-17
19760420,65,-12
19760421,40,-17
19760422,69,-7
19760423,96,-19
19760424,62,-29
19760425,54,-8
19760426,47,-43
19760427,38,-66
19760428,18,-40
19760429,25,-42
19760430,62,-68
19760501,49,-49
19760502,59,-23
19760503,88,-22
19760504,143,37
19760505,131,7
19760506,101,25
19760507,69,37
19760508,89,2
19760509,140,-26
19760510,196,-3
19760511,185,52
19760512,190,62
19760513,211,69
19760514,199,47
19760515,193,43
19760516,208,45
19760517,182,80
19760518,182,42
19760519,183,76
19760520,144,58
19760521,139,60
19760522,172,31
19760523,218,39
19760524,229,96
19760525,196,117
19760526,171,37
19760527,54,9
19760528,95,24
19760529,148,-3
19760530,176,42
19760531,179,43
19760601,156,108
19760602,117,71
19760603,105,56
19760604,115,37
19760605,137,86
19760606,132,13
19760607,145,65
19760608,79,36
19760609,119,63
19760610,143,53
19760611,136,49
19760612,133,43
19760613,121,65
19760614,140,47
19760615,168,86
19760616,170,76
19760617,156,96
19760618,147,86
19760619,116,66
19760620,129,100
19760621,124,88
19760622,148,86
19760623,142,108
19760624,195,51
19760625,233,124
19760626,243,146
19760627,224,127
19760628,215,144
19760629,149,108
19760630,207,101
19760701,195,112
19760702,183,103
19760703,160,103
19760704,154,79
19760705,106,78
19760706,101,74
19760707,98,62
19760708,149,86
19760709,179,96
19760710,214,91
19760711,184,134
19760712,155,109
19760713,190,92
19760714,204,72
19760715,216,86
19760716,230,124
19760717,227,142
19760718,193,150
19760719,214,143
19760720,253,115
19760721,256,142
19760722,250,182
19760723,198,147
19760724,233,170
19760725,243,142
19760726,233,174
19760727,200,148
19760728,210,118
19760729,173,142
19760730,174,107
19760731,171,124
19760801,170,129
19760802,151,102
19760803,169,117
19760804,161,77
19760805,139,114
19760806,176,110
19760807,156,105
19760808,209,74
19760809,207,104
19760810,196,125
19760811,189,124
19760812,205,112
19760813,194,131
19760814,206,79
19760815,220,97
19760816,215,108
19760817,217,127
19760818,236,122
19760819,191,121
19760820,161,96
19760821,134,61
19760822,145,87
19760823,141,81
19760824,190,107
19760825,158,81
19760826,143,41
19760827,140,82
19760828,188,93
19760829,206,110
19760830,193,81
19760831,216,147
19760901,180,133
19760902,160,127
19760903,134,85
19760904,98,43
19760905,129,34
19760906,151,58
19760907,138,82
19760908,131,32
19760909,123,37
19760910,110,13
19760911,151,104
19760912,164,105
19760913,143,104
19760914,150,104
19760915,180,114
19760916,145,53
19760917,103,33
19760918,115,-4
19760919,126,10
19760920,136,4
19760921,89,42
19760922,99,37
19760923,120,60
19760924,72,3
19760925,68,3
19760926,77,16
19760927,53,1
19760928,51,-23
19760929,53,-44
19760930,73,13
19761001,73,32
19761002,70,-5
19761003,89,-20
19761004,95,-18
19761005,100,17
19761006,59,-23
19761007,68,-24
19761008,44,18
19761009,34,14
19761010,54,22
19761011,26,-18
19761012,1,-31
19761013,-7,-34
19761014,-11,-49
19761015,3,-75
19761016,19,-28
19761017,9,-33
19761018,19,-49
19761019,22,-65
19761020,58,-45
19761021,28,-30
19761022,-6,-33
19761023,23,-12
19761024,32,6
19761025,30,20
19761026,24,3
19761027,19,-27
19761028,-26,-53
19761029,-2,-45
19761030,-6,-20
19761031,-16,-28
19761101,-26,-39
19761102,-35,-94
19761103,-94,-125
19761104,-78,-126
19761105,-4,-79
19761106,32,-4
19761107,38,14
19761108,38,14
19761109,65,17
19761110,58,28
19761111,34,7
19761112,22,6
19761113,44,6
19761114,40,-28
19761115,-26,-57
19761116,12,-44
19761117,17,4
19761118,12,-18
19761119,-1,-24
19761120,11,-13
19761121,22,11
19761122,21,-7
19761123,-6,-34
19761124,-30,-73
19761125,-72,-110
19761126,-21,-101
19761127,-20,-43
19761128,4,-29
19761129,31,-2
19761130,35,17
19761201,29,6
19761202,38,12
19761203,32,8
19761204,30,4
19761205,13,4
19761206,10,-14
19761207,9,-15
19761208,7,-17
19761209,3,-8
19761210,7,-17
19761211,11,0
19761212,6,-97
19761213,-77,-108
19761214,-36,-93
19761215,-24,-63
19761216,-39,-47
19761217,-31,-70
19761218,-52,-68
19761219,-52,-93
19761220,-52,-134
19761221,-6,-60
19761222,-10,-117
19761223,-76,-124
19761224,-24,-83
19761225,-60,-126
19761226,-86,-138
19761227,-136,-214
19761228,-172,-273
19761229,-77,-173
19761230,-46,-239
19761231,-60,-133
19770101,-43,-72
19770102,-45,-97
19770103,-56,-81
19770104,-45,-58
19770105,10,-59
19770106,7,2
19770107,5,-6
19770108,0,-52
19770109,-48,-114
19770110,-66,-114
19770111,-56,-79
19770112,-33,-81
19770113,-6,-33
19770114,-12,-37
19770115,-20,-133
19770116,-86,-173
19770117,-156,-248
19770118,-126,-191
19770119,-106,-169
19770120,-160,-226
19770121,-204,-282
19770122,-161,-296
19770123,-139,-194
19770124,-146,-260
19770125,-157,-282
19770126,-86,-182
19770127,-30,-128
19770128,11,-30
19770129,7,-146
19770130,-26,-149
19770131,-36,-68
19770201,-26,-61
19770202,-46,-77
19770203,-71,-131
19770204,-36,-108
19770205,-36,-113
19770206,-71,-88
19770207,-73,-143
19770208,-71,-145
19770209,-66,-98
19770210,-96,-148
19770211,-131,-244
19770212,-210,-334
19770213,-166,-323
19770214,-126,-244
19770215,-122,-214
19770216,-66,-234
19770217,-55,-94
19770218,-46,-104
19770219,-48,-84
19770220,-24,-49
19770221,-36,-59
19770222,-36,-61
19770223,-54,-90
19770224,-56,-113
19770225,-68,-117
19770226,-110,-217
19770227,-122,-195
19770228,-109,-199
19770301,-111,-194
19770302,-104,-205
19770303,-131,-273
19770304,-96,-229
19770305,-71,-112
19770306,-55,-130
19770307,-15,-151
19770308,8,-23
19770309,64,-20
19770310,35,-39
19770311,26,7
19770312,20,-6
19770313,11,-17
19770314,16,4
19770315,16,2
19770316,21,7
19770317,31,5
19770318,21,3
19770319,33,4
19770320,58,1
19770321,18,-16
19770322,24,-84
19770323,-10,-67
19770324,73,-99
19770325,44,0
19770326,17,-74
19770327,-21,-124
19770328,-46,-161
19770329,-60,-93
19770330,-51,-154
19770331,15,-108
19770401,-2,-119
19770402,30,-39
19770403,30,-6
19770404,30,-14
19770405,-13,-54
19770406,-15,-123
19770407,17,-54
19770408,10,-21
19770409,-2,-102
19770410,11,-93
19770411,49,2
19770412,53,8
19770413,70,5
19770414,46,7
19770415,58,2
19770416,75,-3
19770417,44,1
19770418,34,0
19770419,33,0
19770420,61,-16
19770421,82,-58
19770422,30,14
19770423,81,9
19770424,92,-3
19770425,124,31
19770426,93,27
19770427,108,-29
19770428,88,41
19770429,134,16
19770430,90,33
19770501,90,27
19770502,121,-9
19770503,108,8
19770504,148,-18
19770505,186,56
19770506,241,72
19770507,203,35
19770508,103,-3
19770509,70,20
19770510,100,13
19770511,139,67
19770512,171,72
19770513,183,82
19770514,222,118
19770515,226,91
19770516,194,106
19770517,248,116
19770518,169,60
19770519,78,52
19770520,87,40
19770521,124,50
19770522,139,78
19770523,169,95
19770524,119,57
19770525,81,51
19770526,79,42
19770527,163,17
19770528,139,70
19770529,115,47
19770530,96,25
19770531,106,43
19770601,153,17
19770602,150,36
19770603,151,71
19770604,121,65
19770605,145,80
19770606,155,48
19770607,177,94
19770608,221,79
19770609,212,117
19770610,203,101
19770611,255,91
19770612,289,147
19770613,278,134
19770614,282,136
19770615,298,137
19770616,292,146
19770617,211,152
19770618,213,117
19770619,212,107
19770620,163,98
19770621,123,32
19770622,124,49
19770623,141,67
19770624,128,52
19770625,132,57
19770626,176,63
19770627,156,88
19770628,178,68
19770629,193,117
19770630,208,94
19770701,205,104
19770702,194,93
19770703,236,142
19770704,235,178
19770705,198,147
19770706,201,107
19770707,207,122
19770708,237,100
19770709,248,104
19770710,238,122
19770711,179,121
19770712,164,102
19770713,191,114
19770714,188,106
19770715,173,127
19770716,162,100
19770717,183,113
19770718,180,87
19770719,181,117
19770720,205,142
19770721,229,113
19770722,219,137
19770723,200,126
19770724,204,113
19770725,179,116
19770726,205,141
19770727,235,181
19770728,207,146
19770729,162,146
19770730,228,157
19770731,245,165
19770801,226,155
19770802,230,147
19770803,214,139
19770804,264,177
19770805,261,174
19770806,246,161
19770807,200,155
19770808,211,139
19770809,240,164
19770810,199,164
19770811,194,162
19770812,194,136
19770813,166,110
19770814,170,117
19770815,171,85
19770816,191,107
19770817,135,66
19770818,128,76
19770819,126,62
19770820,126,66
19770821,129,54
19770822,160,77
19770823,168,44
19770824,155,74
19770825,160,76
19770826,178,52
19770827,171,128
19770828,153,136
19770829,151,77
19770830,179,61
19770831,194,134
19770901,213,146
19770902,194,135
19770903,223,132
19770904,186,146
19770905,174,128
19770906,167,113
19770907,158,84
19770908,134,77
19770909,150,46
19770910,119,58
19770911,116,35
19770912,119,26
19770913,80,57
19770914,70,46
19770915,92,12
19770916,93,57
19770917,70,46
19770918,83,31
19770919,76,41
19770920,70,6
19770921,126,51
19770922,83,43
19770923,69,-9
19770924,72,14
19770925,69,-4
19770926,73,-32
19770927,95,-10
19770928,110,44
19770929,81,52
19770930,100,57
19771001,73,27
19771002,60,11
19771003,31,18
19771004,31,15
19771005,23,1
19771006,10,-5
19771007,29,-21
19771008,6,-30
19771009,25,-52
19771010,63,2
19771011,79,62
19771012,82,27
19771013,62,21
19771014,43,-23
19771015,-3,-32
19771016,21,-16
19771017,17,-43
19771018,88,-5
19771019,74,-17
19771020,15,-58
19771021,54,1
19771022,79,53
19771023,81,27
19771024,54,23
19771025,73,52
19771026,69,52
19771027,79,28
19771028,75,4
19771029,78,30
19771030,52,-9
19771031,54,-20
19771101,67,43
19771102,54,23
19771103,43,7
19771104,17,-1
19771105,14,4
19771106,33,9
19771107,55,26
19771108,77,47
19771109,79,29
19771110,40,23
19771111,39,17
19771112,72,37
19771113,70,37
19771114,38,13
19771115,36,14
19771116,33,6
19771117,30,-1
19771118,4,-30
19771119,-16,-28
19771120,-6,-74
19771121,19,-54
19771122,20,2
19771123,25,2
19771124,14,-65
19771125,8,-55
19771126,1,-14
19771127,-12,-82
19771128,-77,-134
19771129,-81,-123
19771130,-70,-109
19771201,-12,-94
19771202,8,-44
19771203,-43,-65
19771204,-23,-56
19771205,-21,-36
19771206,-35,-63
19771207,-46,-113
19771208,-43,-83
19771209,-44,-84
19771210,-35,-57
19771211,-50,-73
19771212,-29,-70
19771213,-6,-29
19771214,11,-8
19771215,14,4
19771216,14,-10
19771217,13,-10
19771218,14,-43
19771219,8,-44
19771220,3,-44
19771221,-31,-144
19771222,-83,-152
19771223,-125,-170
19771224,-46,-143
19771225,-92,-213
19771226,-108,-189
19771227,-112,-253
19771228,-230,-303
19771229,-139,-322
19771230,-74,-140
19771231,-129,-158
19780101,-122,-227
19780102,-29,-219
19780103,-26,-233
19780104,-226,-329
19780105,-106,-290
19780106,-165,-295
19780107,1,-296
19780108,28,0
19780109,19,-37
19780110,9,-12
19780111,-2,-15
19780112,-5,-79
19780113,-58,-175
19780114,-59,-142
19780115,-11,-108
19780116,14,-11
19780117,2,-79
19780118,3,-58
19780119,-19,-113
19780120,-60,-107
19780121,-80,-152
19780122,-76,-155
19780123,-111,-147
19780124,-112,-215
19780125,-91,-152
19780126,-116,-160
19780127,-146,-215
19780128,-213,-267
19780129,-144,-276
19780130,-58,-157
19780131,-53,-92
19780201,-57,-90
19780202,-85,-113
19780203,-89,-136
19780204,-126,-204
19780205,-133,-233
19780206,-133,-209
19780207,-110,-152
19780208,-113,-225
19780209,-111,-160
19780210,-142,-233
19780211,-172,-264
19780212,-191,-269
19780213,-172,-266
19780214,-172,-287
19780215,-195,-359
19780216,-178,-294
19780217,-156,-275
19780218,-136,-262
19780219,-147,-335
19780220,-88,-216
19780221,-88,-168
19780222,-136,-230
19780223,-86,-243
19780224,-80,-236
19780225,-66,-99
19780226,-18,-69
19780227,-22,-59
19780228,4,-42
19780301,13,-3
19780302,16,3
19780303,18,1
19780304,14,2
19780305,11,3
19780306,8,-3
19780307,6,-14
19780308,-10,-46
19780309,-29,-69
19780310,13,-52
19780311,12,-23
19780312,14,-125
19780313,4,-72
19780314,16,-40
19780315,-37,-140
19780316,-107,-185
19780317,-107,-186
19780318,-88,-116
19780319,-67,-137
19780320,-93,-169
19780321,-101,-198
19780322,-65,-155
19780323,-11,-211
19780324,23,-184
19780325,24,-135
19780326,58,-9
19780327,33,-38
19780328,58,10
19780329,59,10
19780330,68,22
19780331,59,13
19780401,63,-1
19780402,33,-9
19780403,44,-49
19780404,11,-28
19780405,-14,-79
19780406,13,-64
19780407,31,-8
19780408,5,-20
19780409,42,-58
19780410,78,-23
19780411,80,7
19780412,118,-4
19780413,64,3
19780414,72,-7
19780415,21,-22
19780416,34,8
19780417,46,8
19780418,42,-44
19780419,61,-8
19780420,106,11
19780421,87,18
19780422,88,-43
19780423,54,-49
19780424,15,-48
19780425,10,-42
19780426,22,-62
19780427,22,-56
19780428,30,-73
19780429,6,-72
19780430,50,-95
19780501,74,-46
19780502,93,-43
19780503,101,-55
19780504,120,-44
19780505,86,-13
19780506,59,-29
19780507,81,-22
19780508,68,-26
19780509,49,-20
19780510,22,-32
19780511,78,-24
19780512,123,-8
19780513,148,42
19780514,161,39
19780515,208,66
19780516,203,66
19780517,210,77
19780518,243,66
19780519,239,86
19780520,214,89
19780521,175,69
19780522,194,93
19780523,164,85
19780524,172,42
19780525,208,45
19780526,216,86
19780527,196,115
19780528,180,90
19780529,170,92
19780530,179,117
19780531,199,85
19780601,179,104
19780602,140,67
19780603,234,71
19780604,213,136
19780605,209,71
19780606,252,145
19780607,263,148
19780608,231,158
19780609,204,152
19780610,175,111
19780611,186,85
19780612,159,97
19780613,142,82
19780614,127,33
19780615,149,46
19780616,134,49
19780617,92,43
19780618,107,49
19780619,160,17
19780620,191,46
19780621,223,77
19780622,218,97
19780623,191,136
19780624,179,117
19780625,228,96
19780626,220,144
19780627,235,95
19780628,208,132
19780629,214,117
19780630,210,133
19780701,211,107
19780702,237,97
19780703,237,114
19780704,214,152
19780705,215,149
19780706,246,138
19780707,231,142
19780708,211,132
19780709,190,125
19780710,138,109
19780711,191,128
19780712,169,101
19780713,157,85
19780714,202,81
19780715,172,128
19780716,180,95
19780717,185,78
19780718,134,98
19780719,158,75
19780720,177,112
19780721,141,100
19780722,141,97
19780723,187,77
19780724,212,93
19780725,218,106
19780726,233,92
19780727,254,105
19780728,249,127
19780729,257,151
19780730,260,158
19780731,282,153
19780801,268,175
19780802,248,157
19780803,266,164
19780804,188,156
19780805,166,89
19780806,164,109
19780807,149,116
19780808,151,110
19780809,153,104
19780810,151,121
19780811,173,110
19780812,158,78
19780813,107,75
19780814,123,64
19780815,141,62
19780816,139,86
19780817,188,76
19780818,185,118
19780819,153,118
19780820,161,96
19780821,139,118
19780822,208,65
19780823,198,132
19780824,183,118
19780825,169,93
19780826,166,102
19780827,154,91
19780828,148,105
19780829,139,86
19780830,149,74
19780831,194,106
19780901,136,105
19780902,214,126
19780903,185,120
19780904,150,114
19780905,149,83
19780906,163,95
19780907,144,111
19780908,176,98
19780909,174,82
19780910,168,85
19780911,125,100
19780912,131,102
19780913,114,76
19780914,113,31
19780915,76,60
19780916,80,50
19780917,94,35
19780918,103,79
19780919,106,77
19780920,79,55
19780921,94,44
19780922,83,12
19780923,78,22
19780924,70,17
19780925,72,13
19780926,79,-3
19780927,82,-16
19780928,94,-9
19780929,54,-3
19780930,53,-3
19781001,51,-13
19781002,60,-9
19781003,82,26
19781004,80,46
19781005,71,46
19781006,59,17
19781007,35,4
19781008,33,-32
19781009,58,-49
19781010,89,-4
19781011,20,-30
19781012,108,0
19781013,140,68
19781014,119,49
19781015,81,22
19781016,33,-32
19781017,64,-38
19781018,74,25
19781019,82,39
19781020,77,25
19781021,78,8
19781022,20,-9
19781023,10,-16
19781024,55,-2
19781025,52,17
19781026,37,-2
19781027,33,-23
19781028,50,17
19781029,33,-23
19781030,8,-37
19781031,3,-59
19781101,60,-18
19781102,66,10
19781103,74,22
19781104,66,5
19781105,41,6
19781106,10,-19
19781107,34,-33
19781108,39,16
19781109,51,7
19781110,65,23
19781111,71,4
19781112,39,-13
19781113,63,33
19781114,48,22
19781115,71,12
19781116,63,-18
19781117,54,-43
19781118,18,-69
19781119,50,9
19781120,59,-43
19781121,-16,-46
19781122,37,-17
19781123,25,-6
19781124,-4,-69
19781125,-26,-72
19781126,-20,-61
19781127,-21,-97
19781128,-21,-37
19781129,-31,-60
19781130,-50,-85
19781201,-83,-113
19781202,-84,-125
19781203,-71,-123
19781204,-48,-85
19781205,-52,-103
19781206,-61,-120
19781207,-19,-66
19781208,-15,-43
19781209,-35,-64
19781210,-36,-134
19781211,-131,-224
19781212,-92,-224
19781213,-86,-174
19781214,-149,-195
19781215,-157,-272
19781216,-260,-323
19781217,-156,-354
19781218,-57,-224
19781219,-57,-200
19781220,-174,-275
19781221,-160,-268
19781222,-36,-247
19781223,-26,-191
19781224,-187,-281
19781225,-188,-243
19781226,-173,-238
19781227,-226,-313
19781228,-246,-350
19781229,-281,-360
19781230,-255,-334
19781231,-203,-316
19790101,-196,-269
19790102,-221,-292
19790103,-171,-229
19790104,-162,-176
19790105,-163,-201
19790106,-176,-232
19790107,-62,-191
19790108,-22,-64
19790109,-17,-87
19790110,-21,-43
19790111,-20,-53
19790112,-34,-60
19790113,3,-34
19790114,3,-13
19790115,-11,-69
19790116,-53,-76
19790117,-75,-87
19790118,-79,-221
19790119,-85,-253
19790120,-37,-97
19790121,-96,-186
19790122,-81,-187
19790123,-86,-222
19790124,-166,-210
19790125,-140,-189
19790126,-44,-141
19790127,-35,-66
19790128,-39,-202
19790129,-110,-263
19790130,-90,-146
19790131,-96,-167
19790201,-47,-96
19790202,-43,-87
19790203,-47,-75
19790204,-67,-93
19790205,-86,-172
19790206,-171,-297
19790207,-148,-265
19790208,-66,-162
19790209,-96,-142
19790210,-131,-190
19790211,-187,-262
19790212,-206,-297
19790213,-249,-363
19790214,-236,-332
19790215,-149,-332
19790216,-87,-189
19790217,-60,-138
19790218,-52,-161
19790219,-99,-193
19790220,-56,-101
19790221,-26,-81
19790222,-33,-79
19790223,-71,-169
19790224,-45,-99
19790225,-26,-134
19790226,23,-28
19790227,24,-29
19790228,3,-59
19790301,20,-19
19790302,4,-38
19790303,12,-15
19790304,40,-6
19790305,33,-16
19790306,25,-3
19790307,36,-9
19790308,8,-17
19790309,8,-15
19790310,7,-26
19790311,7,-38
19790312,4,-20
19790313,-8,-29
19790314,-3,-32
19790315,-12,-144
19790316,-143,-223
19790317,-126,-214
19790318,-87,-253
19790319,-71,-214
19790320,-32,-117
19790321,-4,-70
19790322,14,-76
19790323,29,-13
19790324,23,-79
19790325,26,-43
19790326,32,-37
19790327,44,-23
19790328,49,-23
19790329,39,-95
19790330,60,-4
19790331,30,-38
19790401,43,11
19790402,30,10
19790403,14,4
19790404,30,5
19790405,50,-22
19790406,14,-7
19790407,8,-29
19790408,45,-57
19790409,42,-60
19790410,37,-76
19790411,54,-47
19790412,50,-3
19790413,30,-24
19790414,-23,-68
19790415,-22,-69
19790416,-16,-91
19790417,-2,-92
19790418,-15,-63
19790419,-6,-107
19790420,-3,-110
19790421,35,-123
19790422,44,-79
19790423,53,-62
19790424,74,-34
19790425,86,-16
19790426,101,16
19790427,85,41
19790428,90,14
19790429,83,5
19790430,95,19
19790501,80,32
19790502,95,-3
19790503,91,13
19790504,60,16
19790505,113,11
19790506,128,-13
19790507,91,8
19790508,83,6
19790509,100,16
19790510,153,13
19790511,94,30
19790512,123,25
19790513,128,16
19790514,97,20
19790515,166,47
19790516,186,56
19790517,214,38
19790518,233,121
19790519,176,112
19790520,132,73
19790521,153,37
19790522,200,94
19790523,220,133
19790524,230,93
19790525,254,114
19790526,223,140
19790527,201,102
19790528,232,65
19790529,206,135
19790530,232,115
19790531,242,155
19790601,215,117
19790602,237,88
19790603,201,115
19790604,219,93
19790605,209,131
19790606,193,71
19790607,211,103
19790608,192,90
19790609,200,97
19790610,118,62
19790611,140,72
19790612,195,105
19790613,236,121
19790614,203,114
19790615,155,115
19790616,213,105
19790617,212,145
19790618,171,87
19790619,150,71
19790620,181,82
19790621,231,76
19790622,248,143
19790623,262,154
19790624,239,150
19790625,250,148
19790626,250,142
19790627,201,131
19790628,172,127
19790629,156,114
19790630,180,128
19790701,190,122
19790702,200,109
19790703,202,120
19790704,210,102
19790705,216,119
19790706,183,107
19790707,216,142
19790708,210,164
19790709,204,142
19790710,225,116
19790711,210,118
19790712,224,133
19790713,214,133
19790714,245,162
19790715,223,161
19790716,204,138
19790717,230,100
19790718,213,131
19790719,175,135
19790720,174,127
19790721,181,125
19790722,181,127
19790723,182,135
19790724,204,111
19790725,181,121
19790726,146,121
19790727,177,122
19790728,187,102
19790729,198,126
19790730,210,103
19790731,210,105
19790801,210,117
19790802,218,154
19790803,200,136
19790804,186,136
19790805,149,101
19790806,133,88
19790807,135,97
19790808,200,78
19790809,223,85
19790810,165,110
19790811,221,142
19790812,249,137
19790813,212,134
19790814,220,100
19790815,233,105
19790816,250,133
19790817,258,146
19790818,241,147
19790819,239,119
19790820,215,128
19790821,205,167
19790822,204,151
19790823,200,126
19790824,163,118
19790825,186,101
19790826,194,137
19790827,204,150
19790828,200,91
19790829,161,110
19790830,206,77
19790831,167,112
19790901,153,72
19790902,160,58
19790903,153,37
19790904,163,67
19790905,181,122
19790906,135,107
19790907,166,54
19790908,179,47
19790909,181,30
19790910,173,54
19790911,154,88
19790912,123,95
19790913,134,67
19790914,132,82
19790915,119,50
19790916,107,33
19790917,110,53
19790918,116,81
19790919,132,92
19790920,142,81
19790921,124,52
19790922,127,90
19790923,118,69
19790924,124,17
19790925,139,61
19790926,136,36
19790927,114,89
19790928,119,64
19790929,84,47
19790930,86,26
19791001,60,23
19791002,66,12
19791003,84,15
19791004,68,34
19791005,60,13
19791006,73,-7
19791007,54,18
19791008,54,6
19791009,84,51
19791010,87,48
19791011,55,33
19791012,94,41
19791013,94,38
19791014,82,42
19791015,103,71
19791016,108,74
19791017,112,80
19791018,80,-1
19791019,41,-9
19791020,69,-5
19791021,66,47
19791022,48,-26
19791023,16,-16
19791024,16,-27
19791025,19,-23
19791026,46,4
19791027,16,1
19791028,4,-30
19791029,-28,-67
19791030,-31,-65
19791031,-49,-91
19791101,-25,-64
19791102,-26,-43
19791103,-29,-51
19791104,-16,-45
19791105,-6,-32
19791106,24,-6
19791107,17,5
19791108,10,-2
19791109,21,2
19791110,15,3
19791111,13,-14
19791112,20,-6
19791113,17,0
19791114,12,2
19791115,19,0
19791116,7,-3
19791117,53,2
19791118,51,29
19791119,48,21
19791120,33,22
19791121,30,18
19791122,26,13
19791123,64,14
19791124,62,3
19791125,34,6
19791126,28,-5
19791127,20,1
19791128,8,-52
19791129,-32,-53
19791130,-27,-60
19791201,-36,-65
19791202,-7,-47
19791203,22,-8
19791204,9,-22
19791205,42,-20
19791206,33,3
19791207,4,-83
19791208,-83,-150
19791209,-37,-113
19791210,-46,-134
19791211,-92,-159
19791212,-156,-209
19791213,-184,-219
19791214,-126,-229
19791215,-78,-136
19791216,-77,-167
19791217,0,-80
19791218,9,-9
19791219,16,-64
19791220,-62,-139
19791221,-106,-193
19791222,-52,-140
19791223,10,-53
19791224,18,2
19791225,3,-19
19791226,-19,-51
19791227,10,-24
19791228,11,-14
19791229,-12,-65
19791230,-39,-83
19791231,-22,-80
19800101,-26,-63
19800102,-48,-72
19800103,-17,-75
19800104,-26,-62
19800105,-36,-95
19800106,-49,-66
19800107,-37,-59
19800108,-36,-73
19800109,-68,-150
19800110,-76,-150
19800111,-76,-107
19800112,-74,-116
19800113,-5,-140
19800114,4,-35
19800115,-15,-109
19800116,-109,-176
19800117,-31,-286
19800118,1,-46
19800119,-40,-135
19800120,-65,-223
19800121,-42,-144
19800122,-89,-149
19800123,-100,-119
19800124,-114,-198
19800125,-180,-223
19800126,-215,-250
19800127,-207,-300
19800128,-188,-278
19800129,-110,-228
19800130,-130,-283
19800131,-276,-353
19800201,-247,-380
19800202,-121,-248
19800203,-54,-179
19800204,-62,-93
19800205,-74,-143
19800206,-96,-166
19800207,-126,-146
19800208,-144,-178
19800209,-163,-210
19800210,-184,-257
19800211,-161,-243
19800212,-196,-307
19800213,-121,-232
19800214,-30,-156
19800215,6,-41
19800216,7,-5
19800217,4,-124
19800218,-90,-230
19800219,-25,-124
19800220,-3,-48
19800221,-26,-53
19800222,-31,-133
19800223,-29,-131
19800224,-3,-99
19800225,-8,-157
19800226,-53,-85
19800227,-39,-63
19800228,-23,-103
19800229,-16,-52
19800301,-9,-32
19800302,-27,-58
19800303,-36,-68
19800304,-47,-69
19800305,-57,-129
19800306,-16,-178
19800307,16,-33
19800308,-11,-103
19800309,-38,-182
19800310,-57,-208
19800311,-46,-243
19800312,-29,-109
19800313,-12,-164
19800314,18,-213
19800315,32,-185
19800316,-12,-164
19800317,-59,-158
19800318,-78,-174
19800319,-77,-177
19800320,-75,-267
19800321,-68,-264
19800322,-46,-260
19800323,-26,-241
19800324,-16,-193
19800325,-6,-183
19800326,17,-203
19800327,-7,-82
19800328,8,-51
19800329,72,-18
19800330,47,-24
19800331,18,-9
19800401,23,5
19800402,27,8
19800403,33,-33
19800404,61,-14
19800405,58,-13
19800406,28,-4
19800407,79,17
19800408,44,-15
19800409,29,6
19800410,31,1
19800411,53,-43
19800412,68,-30
19800413,61,-51
19800414,69,-44
19800415,52,-65
19800416,68,-4
19800417,43,-40
19800418,59,-69
19800419,31,-2
19800420,26,0
19800421,41,-15
19800422,94,-22
19800423,83,-33
19800424,56,12
19800425,174,22
19800426,163,10
19800427,106,24
19800428,79,32
19800429,114,10
19800430,118,23
19800501,60,7
19800502,48,-37
19800503,73,-30
19800504,119,-25
19800505,104,7
19800506,104,27
19800507,150,16
19800508,171,14
19800509,129,92
19800510,108,37
19800511,61,12
19800512,68,8
19800513,77,-8
19800514,150,-13
19800515,183,40
19800516,181,42
19800517,147,65
19800518,117,60
19800519,62,-3
19800520,33,2
19800521,29,0
19800522,30,2
19800523,96,12
19800524,102,23
19800525,129,46
19800526,106,57
19800527,93,59
19800528,174,54
19800529,196,44
19800530,218,71
19800531,190,107
19800601,227,97
19800602,243,128
19800603,250,141
19800604,224,106
19800605,246,82
19800606,235,107
19800607,249,133
19800608,280,143
19800609,268,164
19800610,275,173
19800611,262,144
19800612,185,93
19800613,162,58
19800614,205,118
19800615,213,97
19800616,253,118
19800617,258,120
19800618,266,123
19800619,264,133
19800620,272,142
19800621,254,137
19800622,203,138
19800623,218,116
19800624,204,123
19800625,168,126
19800626,178,136
19800627,151,127
19800628,183,126
19800629,201,104
19800630,186,135
19800701,168,113
19800702,126,86
19800703,136,82
19800704,126,90
19800705,157,97
19800706,145,117
19800707,223,126
19800708,185,121
19800709,206,82
19800710,211,107
19800711,179,121
19800712,184,103
19800713,211,112
19800714,210,84
19800715,220,96
19800716,233,108
19800717,197,131
19800718,174,117
19800719,181,134
19800720,194,143
19800721,219,130
19800722,231,110
19800723,245,126
19800724,235,138
19800725,249,132
19800726,254,173
19800727,263,144
19800728,266,137
19800729,270,152
19800730,271,157
19800731,269,157
19800801,286,162
19800802,272,163
19800803,219,148
19800804,237,164
19800805,224,143
19800806,224,162
19800807,196,160
19800808,186,141
19800809,198,137
19800810,180,132
19800811,198,133
19800812,228,152
19800813,207,152
19800814,195,125
19800815,170,97
19800816,158,107
19800817,184,113
19800818,204,119
19800819,228,87
19800820,229,83
19800821,169,114
19800822,168,123
19800823,141,105
19800824,139,90
19800825,152,72
19800826,141,91
19800827,134,54
19800828,159,34
19800829,120,83
19800830,120,72
19800831,127,53
19800901,166,49
19800902,154,47
19800903,120,62
19800904,163,83
19800905,173,57
19800906,173,74
19800907,160,120
19800908,196,135
19800909,198,127
19800910,167,129
19800911,173,107
19800912,128,73
19800913,143,113
19800914,123,107
19800915,148,97
19800916,158,88
19800917,153,92
19800918,145,53
19800919,161,87
19800920,137,80
19800921,124,36
19800922,106,7
19800923,130,37
19800924,103,16
19800925,120,16
19800926,122,16
19800927,93,37
19800928,70,3
19800929,84,-21
19800930,85,35
19801001,65,36
19801002,85,46
19801003,93,73
19801004,79,66
19801005,97,53
19801006,88,54
19801007,68,54
19801008,93,67
19801009,103,76
19801010,85,66
19801011,85,66
19801012,89,46
19801013,95,77
19801014,87,49
19801015,92,43
19801016,93,72
19801017,72,-12
19801018,98,1
19801019,97,80
19801020,94,69
19801021,70,27
19801022,50,22
19801023,29,-16
19801024,15,-24
19801025,8,-9
19801026,-6,-18
19801027,-4,-63
19801028,4,-57
19801029,-4,-24
19801030,-6,-76
19801031,-26,-83
19801101,-22,-100
19801102,23,-46
19801103,3,-18
19801104,4,-10
19801105,6,-40
19801106,24,-56
19801107,11,-19
19801108,8,-72
19801109,11,-10
19801110,-9,-43
19801111,-42,-87
19801112,-71,-145
19801113,-51,-137
19801114,-34,-60
19801115,-46,-51
19801116,2,-52
19801117,18,-2
19801118,43,-14
19801119,7,-44
19801120,-41,-93
19801121,17,-46
19801122,39,-38
19801123,33,-33
19801124,21,-56
19801125,-31,-50
19801126,-49,-91
19801127,-71,-98
19801128,-58,-119
19801129,-104,-197
19801130,-177,-213
19801201,5,-181
19801202,21,-10
19801203,21,-47
19801204,-46,-87
19801205,-57,-84
19801206,-82,-175
19801207,-123,-213
19801208,-158,-234
19801209,-42,-242
19801210,-42,-238
19801211,-165,-250
19801212,-115,-260
19801213,24,-116
19801214,30,-17
19801215,-17,-128
19801216,4,-81
19801217,-80,-213
19801218,-12,-200
19801219,-32,-103
19801220,-62,-108
19801221,-16,-63
19801222,4,-16
19801223,6,1
19801224,4,-18
19801225,1,-20
19801226,-17,-36
19801227,-30,-69
19801228,-13,-63
19801229,0,-53
19801230,30,-25
19801231,-20,-86
19810101,-11,-31
19810102,-25,-114
19810103,-81,-144
19810104,-85,-160
19810105,-149,-176
19810106,-158,-256
19810107,-190,-285
19810108,-50,-232
19810109,-2,-51
19810110,2,-29
19810111,-25,-145
19810112,-4,-86
19810113,-6,-60
19810114,-40,-99
19810115,-37,-67
19810116,-33,-69
19810117,-15,-48
19810118,-23,-111
19810119,-45,-108
19810120,-63,-92
19810121,-48,-106
19810122,-46,-81
19810123,-10,-49
19810124,10,-17
19810125,21,1
19810126,4,-161
19810127,-14,-215
19810128,32,-15
19810129,30,-7
19810130,25,-4
19810131,13,-122
19810201,44,-114
19810202,-31,-80
19810203,-11,-61
19810204,-55,-101
19810205,-98,-210
19810206,-101,-204
19810207,5,-187
19810208,-8,-102
19810209,-36,-71
19810210,-56,-89
19810211,-57,-82
19810212,-65,-116
19810213,-86,-174
19810214,-134,-221
19810215,-81,-186
19810216,-90,-126
19810217,-94,-234
19810218,-68,-147
19810219,-88,-188
19810220,-99,-176
19810221,-86,-145
19810222,-43,-102
19810223,-45,-116
19810224,-66,-107
19810225,-51,-172
19810226,-18,-105
19810227,-35,-219
19810228,-40,-235
19810301,-38,-230
19810302,-40,-208
19810303,-69,-235
19810304,-75,-212
19810305,-92,-175
19810306,-101,-291
19810307,-101,-255
19810308,-87,-259
19810309,-25,-119
19810310,6,-77
19810311,-72,-136
19810312,-125,-225
19810313,-112,-215
19810314,-112,-162
19810315,-95,-199
19810316,-63,-278
19810317,-35,-267
19810318,-12,-90
19810319,-11,-225
19810320,11,-30
19810321,2,-96
19810322,-2,-121
19810323,76,-11
19810324,51,-16
19810325,25,-3
19810326,25,-99
19810327,-11,-82
19810328,-18,-107
19810329,28,-150
19810330,45,-71
19810331,75,-61
19810401,54,-1
19810402,87,-71
19810403,54,11
19810404,48,1
19810405,55,-51
19810406,74,-7
19810407,69,-15
19810408,104,-31
19810409,48,-14
19810410,28,-81
19810411,80,17
19810412,87,-6
19810413,53,14
19810414,35,-18
19810415,15,-41
19810416,12,-52
19810417,21,-68
19810418,36,-60
19810419,59,5
19810420,64,-47
19810421,38,-49
19810422,-31,-83
19810423,-2,-106
19810424,15,-61
19810425,26,-51
19810426,50,-59
19810427,72,-55
19810428,29,-26
19810429,4,-17
19810430,6,-63
19810501,21,-102
19810502,24,-21
19810503,35,-3
19810504,41,-10
19810505,107,-51
19810506,130,-25
19810507,74,24
19810508,135,-21
19810509,163,15
19810510,203,18
19810511,132,53
19810512,116,-14
19810513,139,-2
19810514,197,-15
19810515,146,20
19810516,109,-16
19810517,195,-19
19810518,205,32
19810519,239,44
19810520,234,61
19810521,245,61
19810522,231,86
19810523,255,90
19810524,268,114
19810525,250,101
19810526,212,120
19810527,206,100
19810528,169,92
19810529,165,101
19810530,158,105
19810531,170,96
19810601,182,45
19810602,185,86
19810603,125,35
19810604,173,37
19810605,159,99
19810606,176,96
19810607,194,104
19810608,169,101
19810609,204,106
19810610,199,155
19810611,179,115
19810612,180,98
19810613,135,89
19810614,119,81
19810615,154,53
19810616,172,80
19810617,152,102
19810618,183,53
19810619,159,96
19810620,196,93
19810621,152,111
19810622,201,59
19810623,174,82
19810624,230,109
19810625,261,161
19810626,264,162
19810627,205,152
19810628,177,114
19810629,235,109
19810630,278,156
19810701,221,152
19810702,182,121
19810703,214,123
19810704,240,143
19810705,207,135
19810706,205,121
19810707,242,124
19810708,223,146
19810709,225,131
19810710,272,129
19810711,273,163
19810712,266,162
19810713,277,165
19810714,233,176
19810715,196,131
19810716,186,131
19810717,208,137
19810718,209,125
19810719,215,121
19810720,164,129
19810721,166,111
19810722,251,153
19810723,209,145
19810724,235,145
19810725,229,165
19810726,249,154
19810727,246,158
19810728,205,165
19810729,218,165
19810730,250,165
19810731,219,164
19810801,215,135
19810802,218,141
19810803,219,130
19810804,210,114
19810805,225,132
19810806,238,124
19810807,218,155
19810808,196,103
19810809,195,115
19810810,172,84
19810811,159,98
19810812,177,89
19810813,187,86
19810814,180,118
19810815,188,130
19810816,207,130
19810817,201,140
19810818,172,125
19810819,175,114
19810820,169,115
19810821,155,105
19810822,168,134
19810823,176,125
19810824,146,96
19810825,105,90
19810826,121,79
19810827,130,66
19810828,135,94
19810829,169,79
19810830,165,106
19810831,144,102
19810901,139,95
19810902,156,86
19810903,161,108
19810904,149,97
19810905,155,83
19810906,139,75
19810907,132,70
19810908,164,52
19810909,175,80
19810910,164,75
19810911,119,63
19810912,102,76
19810913,98,64
19810914,102,55
19810915,73,44
19810916,93,52
19810917,84,40
19810918,98,49
19810919,89,57
19810920,69,42
19810921,80,37
19810922,70,48
19810923,109,63
19810924,133,77
19810925,130,70
19810926,120,82
19810927,135,85
19810928,162,48
19810929,184,105
19810930,146,104
19811001,130,76
19811002,140,71
19811003,172,79
19811004,129,95
19811005,147,103
19811006,127,92
19811007,128,39
19811008,115,81
19811009,104,69
19811010,89,33
19811011,97,70
19811012,103,67
19811013,99,60
19811014,81,54
19811015,83,15
19811016,75,35
19811017,55,32
19811018,55,31
19811019,52,8
19811020,40,-11
19811021,80,21
19811022,81,53
19811023,63,10
19811024,74,16
19811025,60,13
19811026,59,20
19811027,54,21
19811028,55,26
19811029,51,5
19811030,20,4
19811031,15,-1
19811101,8,-5
19811102,5,-25
19811103,-9,-67
19811104,-1,-54
19811105,5,-26
19811106,5,-24
19811107,5,-14
19811108,9,-7
19811109,3,-24
19811110,9,-5
19811111,24,-14
19811112,26,0
19811113,4,-11
19811114,5,-9
19811115,13,-24
19811116,-3,-25
19811117,7,-26
19811118,-3,-36
19811119,0,-35
19811120,21,-18
19811121,15,-16
19811122,10,-4
19811123,0,-25
19811124,2,-41
19811125,5,-24
19811126,-20,-60
19811127,-17,-59
19811128,-11,-61
19811129,10,-14
19811130,8,-10
19811201,4,-29
19811202,-2,-35
19811203,17,-29
19811204,29,5
19811205,10,-10
19811206,-5,-61
19811207,-45,-120
19811208,-40,-75
19811209,-39,-92
19811210,-75,-175
19811211,-143,-223
19811212,-72,-228
19811213,-51,-102
19811214,-59,-135
19811215,-62,-165
19811216,-101,-224
19811217,-168,-245
19811218,-116,-251
19811219,-65,-131
19811220,-81,-112
19811221,-80,-121
19811222,-78,-106
19811223,-84,-175
19811224,-171,-221
19811225,-74,-196
19811226,-40,-84
19811227,-20,-53
19811228,5,-22
19811229,-11,-45
19811230,-21,-55
19811231,-29,-71
19820101,-68,-208
19820102,-208,-252
19820103,-252,-300
19820104,-182,-275
19820105,-172,-215
19820106,-190,-250
19820107,-206,-275
19820108,-206,-295
19820109,-272,-325
19820110,-156,-306
19820111,-114,-218
19820112,-162,-230
19820113,-162,-258
19820114,-19,-228
19820115,25,-30
19820116,-5,-87
19820117,-45,-90
19820118,-70,-130
19820119,-45,-134
19820120,-35,-114
19820121,-30,-74
19820122,-58,-66
19820123,-35,-65
19820124,-64,-182
19820125,-50,-180
19820126,-165,-325
19820127,-155,-175
19820128,-168,-255
19820129,-130,-263
19820130,-76,-145
19820131,-60,-78
19820201,-76,-136
19820202,-101,-175
19820203,-15,-102
19820204,-15,-30
19820205,-30,-202
19820206,-156,-265
19820207,-197,-300
19820208,-190,-312
19820209,-155,-276
19820210,-66,-162
19820211,-30,-66
19820212,5,-50
19820213,10,-12
19820214,1,-50
19820215,-2,-37
19820216,12,-54
19820217,-19,-76
19820218,-50,-210
19820219,-38,-115
19820220,-22,-120
19820221,6,-40
19820222,-22,-65
19820223,-35,-110
19820224,-8,-63
19820225,-8,-90
19820226,-50,-186
19820227,-74,-234
19820228,-64,-175
19820301,-32,-77
19820302,15,-32
19820303,11,-4
19820304,15,-12
19820305,17,4
19820306,4,-100
19820307,-10,-175
19820308,37,-52
19820309,5,-140
19820310,-42,-105
19820311,-60,-114
19820312,-50,-112
19820313,-6,-66
19820314,9,-26
19820315,10,-23
19820316,25,-7
19820317,47,-5
19820318,68,-30
19820319,60,-57
19820320,25,-71
19820321,3,-136
19820322,30,-140
19820323,25,-103
19820324,49,-10
19820325,49,-7
19820326,87,14
19820327,78,25
19820328,44,0
19820329,39,-21
19820330,45,-30
19820331,13,-16
19820401,67,5
19820402,45,4
19820403,66,-39
19820404,65,-10
19820405,25,-22
19820406,40,-41
19820407,20,-20
19820408,56,10
19820409,53,8
19820410,15,-11
19820411,26,-16
19820412,36,-1
19820413,50,-25
19820414,26,-25
19820415,50,-11
19820416,64,5
19820417,34,10
19820418,60,-14
19820419,20,-24
19820420,22,-48
19820421,38,-40
19820422,60,-30
19820423,106,-34
19820424,114,-30
19820425,103,-15
19820426,102,-25
19820427,90,20
19820428,77,-10
19820429,70,21
19820430,120,-5
19820501,86,26
19820502,99,45
19820503,65,24
19820504,75,20
19820505,135,45
19820506,205,55
19820507,215,96
19820508,198,65
19820509,140,75
19820510,106,65
19820511,133,53
19820512,134,29
19820513,100,40
19820514,58,34
19820515,50,6
19820516,50,4
19820517,61,32
19820518,76,-6
19820519,70,26
19820520,85,0
19820521,120,6
19820522,142,19
19820523,130,75
19820524,160,75
19820525,155,101
19820526,172,80
19820527,160,101
19820528,140,70
19820529,135,106
19820530,155,85
19820531,205,100
19820601,186,106
19820602,205,75
19820603,233,125
19820604,215,130
19820605,240,136
19820606,154,60
19820607,64,30
19820608,75,15
19820609,60,15
19820610,60,5
19820611,71,33
19820612,128,50
19820613,100,54
19820614,110,65
19820615,116,60
19820616,116,60
19820617,69,55
19820618,73,54
19820619,126,62
19820620,166,84
19820621,189,79
19820622,155,95
19820623,140,76
19820624,160,59
19820625,165,89
19820626,170,101
19820627,170,90
19820628,170,99
19820629,162,95
19820630,152,114
19820701,175,90
19820702,196,100
19820703,186,120
19820704,205,110
19820705,192,136
19820706,197,120
19820707,199,114
19820708,215,136
19820709,205,147
19820710,211,126
19820711,255,140
19820712,265,155
19820713,245,182
19820714,196,106
19820715,248,114
19820716,251,148
19820717,256,180
19820718,250,171
19820719,225,170
19820720,230,125
19820721,220,121
19820722,172,100
19820723,156,116
19820724,175,110
19820725,193,110
19820726,235,105
19820727,180,136
19820728,170,90
19820729,195,134
19820730,206,135
19820731,207,126
19820801,215,136
19820802,256,140
19820803,224,125
19820804,220,106
19820805,189,123
19820806,175,79
19820807,171,126
19820808,206,140
19820809,185,125
19820810,205,145
19820811,190,145
19820812,186,119
19820813,196,84
19820814,200,136
19820815,164,130
19820816,155,130
19820817,180,132
19820818,175,116
19820819,180,95
19820820,189,130
19820821,160,120
19820822,166,115
19820823,160,110
19820824,174,105
19820825,155,130
19820826,180,120
19820827,185,120
19820828,188,134
19820829,160,106
19820830,165,95
19820831,180,111
19820901,175,105
19820902,167,120
19820903,135,95
19820904,126,66
19820905,126,56
19820906,136,65
19820907,133,50
19820908,121,58
19820909,135,76
19820910,116,40
19820911,158,39
19820912,150,86
19820913,116,70
19820914,92,44
19820915,92,42
19820916,141,92
19820917,140,69
19820918,152,75
19820919,157,115
19820920,134,86
19820921,187,90
19820922,175,125
19820923,135,104
19820924,120,48
19820925,111,30
19820926,111,30
19820927,110,26
19820928,96,40
19820929,90,34
19820930,101,65
19821001,100,69
19821002,90,26
19821003,106,30
19821004,105,90
19821005,116,80
19821006,113,56
19821007,112,42
19821008,86,26
19821009,26,-3
19821010,30,-6
19821011,35,-28
19821012,44,-22
19821013,38,-15
19821014,57,20
19821015,50,25
19821016,32,10
19821017,16,-2
19821018,-2,-19
19821019,-8,-32
19821020,-17,-58
19821021,-10,-30
19821022,30,-25
19821023,61,16
19821024,85,35
19821025,74,0
19821026,39,-10
19821027,61,38
19821028,80,45
19821029,80,30
19821030,77,25
19821031,75,47
19821101,48,-15
19821102,56,-14
19821103,56,-28
19821104,5,-45
19821105,-24,-55
19821106,-4,-51
19821107,6,-31
19821108,34,1
19821109,27,-10
19821110,76,25
19821111,85,62
19821112,80,42
19821113,65,20
19821114,65,55
19821115,58,20
19821116,31,15
19821117,39,12
19821118,13,-6
19821119,32,-2
19821120,45,26
19821121,38,-1
19821122,14,-8
19821123,61,14
19821124,65,30
19821125,65,10
19821126,32,-5
19821127,59,25
19821128,59,15
19821129,50,4
19821130,4,-31
19821201,10,-30
19821202,6,-38
19821203,16,-30
19821204,10,-5
19821205,30,-6
19821206,25,10
19821207,16,-34
19821208,-33,-55
19821209,-55,-90
19821210,-37,-82
19821211,-28,-46
19821212,-28,-41
19821213,-40,-124
19821214,-124,-187
19821215,-28,-155
19821216,-10,-70
19821217,-1,-74
19821218,-12,-72
19821219,4,-27
19821220,10,-30
19821221,19,-25
19821222,25,15
19821223,25,12
19821224,16,2
19821225,10,-10
19821226,21,-8
19821227,25,0
19821228,4,-8
19821229,-8,-38
19821230,-28,-88
19821231,-50,-110
19830101,-30,-50
19830102,-44,-84
19830103,-65,-80
19830104,-26,-75
19830105,-15,-26
19830106,18,-25
19830107,60,18
19830108,25,0
19830109,0,-32
19830110,10,-32
19830111,0,-52
19830112,23,-51
19830113,36,-6
19830114,16,-18
19830115,-5,-52
19830116,-27,-61
19830117,-35,-72
19830118,-26,-85
19830119,-28,-55
19830120,-53,-165
19830121,-35,-200
19830122,-38,-64
19830123,-64,-141
19830124,-105,-172
19830125,10,-105
19830126,10,0
19830127,6,-65
19830128,-25,-40
19830129,-37,-80
19830130,-80,-226
19830131,-106,-266
19830201,-114,-263
19830202,-118,-274
19830203,-125,-185
19830204,-178,-230
19830205,-155,-245
19830206,-145,-210
19830207,-158,-202
19830208,-180,-255
19830209,-165,-280
19830210,-52,-165
19830211,-70,-110
19830212,-99,-170
19830213,-90,-151
19830214,-100,-190
19830215,-16,-225
19830216,-17,-83
19830217,0,-105
19830218,2,-65
19830219,-4,-102
19830220,-5,-84
19830221,-84,-184
19830222,-60,-250
19830223,-15,-115
19830224,-5,-61
19830225,38,-31
19830226,36,-71
19830227,-71,-135
19830228,-95,-255
19830301,-94,-260
19830302,-65,-225
19830303,-49,-150
19830304,-32,-145
19830305,2,-32
19830306,-25,-65
19830307,-46,-170
19830308,-56,-101
19830309,-65,-270
19830310,-60,-225
19830311,-45,-270
19830312,-34,-128
19830313,6,-110
19830314,27,-10
19830315,25,-26
19830316,35,10
19830317,15,6
19830318,16,4
19830319,20,2
19830320,6,-5
19830321,22,-9
19830322,25,-11
19830323,20,-6
19830324,15,-5
19830325,15,-15
19830326,28,5
19830327,11,-28
19830328,5,-5
19830329,2,-14
19830330,6,-25
19830331,25,-5
19830401,49,1
19830402,25,-10
19830403,85,1
19830404,72,30
19830405,104,2
19830406,110,20
19830407,68,26
19830408,55,13
19830409,18,0
19830410,10,4
19830411,15,-2
19830412,6,-52
19830413,-5,-81
19830414,14,-65
19830415,21,-60
19830416,34,-56
19830417,71,-62
19830418,102,5
19830419,112,0
19830420,95,60
19830421,140,10
19830422,155,-5
19830423,142,10
19830424,141,0
19830425,150,0
19830426,163,5
19830427,116,45
19830428,72,21
19830429,65,-10
19830430,76,15
19830501,40,20
19830502,72,18
19830503,70,15
19830504,102,-20
19830505,120,26
19830506,124,20
19830507,135,26
19830508,154,10
19830509,146,20
19830510,145,22
19830511,165,62
19830512,130,80
19830513,165,66
19830514,160,85
19830515,175,85
19830516,191,70
19830517,186,95
19830518,152,125
19830519,135,95
19830520,130,60
19830521,165,67
19830522,180,62
19830523,217,105
19830524,195,102
19830525,175,85
19830526,186,77
19830527,175,115
19830528,174,98
19830529,191,140
19830530,182,126
19830531,159,102
19830601,154,96
19830602,190,104
19830603,195,115
19830604,167,105
19830605,135,55
19830606,130,82
19830607,149,70
19830608,180,96
19830609,172,80
19830610,159,104
19830611,182,108
19830612,205,95
19830613,215,150
19830614,226,126
19830615,247,145
19830616,258,140
19830617,207,142
19830618,167,120
19830619,180,77
19830620,164,115
19830621,126,67
19830622,134,65
19830623,140,71
19830624,123,64
19830625,185,35
19830626,160,95
19830627,190,110
19830628,171,125
19830629,170,135
19830630,195,115
19830701,220,104
19830702,248,115
19830703,225,135
19830704,196,135
19830705,200,109
19830706,212,134
19830707,215,154
19830708,240,135
19830709,267,145
19830710,283,160
19830711,260,175
19830712,245,165
19830713,260,159
19830714,232,132
19830715,220,102
19830716,194,145
19830717,180,126
19830718,212,91
19830719,221,138
19830720,185,110
19830721,185,106
19830722,212,115
19830723,210,170
19830724,230,128
19830725,270,186
19830726,227,145
19830727,220,135
19830728,253,115
19830729,202,155
19830730,207,140
19830731,184,110
19830801,213,118
19830802,245,120
19830803,240,150
19830804,265,146
19830805,272,167
19830806,240,145
19830807,208,120
19830808,238,120
19830809,266,165
19830810,246,170
19830811,242,180
19830812,187,134
19830813,139,89
19830814,140,72
19830815,145,70
19830816,172,100
19830817,178,134
19830818,180,105
19830819,145,110
19830820,185,90
19830821,185,95
19830822,220,96
19830823,218,144
19830824,176,92
19830825,125,65
19830826,112,70
19830827,136,70
19830828,123,90
19830829,132,90
19830830,172,102
19830831,154,120
19830901,140,80
19830902,175,36
19830903,204,100
19830904,221,115
19830905,190,124
19830906,170,124
19830907,152,96
19830908,155,102
19830909,124,105
19830910,127,101
19830911,127,95
19830912,157,75
19830913,175,114
19830914,157,110
19830915,136,108
19830916,158,72
19830917,171,95
19830918,157,124
19830919,155,118
19830920,158,120
19830921,158,110
19830922,142,104
19830923,138,107
19830924,114,35
19830925,83,55
19830926,104,50
19830927,109,45
19830928,115,20
19830929,72,16
19830930,60,18
19831001,75,20
19831002,62,16
19831003,58,-10
19831004,70,18
19831005,100,60
19831006,115,58
19831007,58,17
19831008,82,29
19831009,55,35
19831010,57,28
19831011,66,32
19831012,66,34
19831013,35,25
19831014,107,0
19831015,105,75
19831016,90,68
19831017,105,80
19831018,100,80
19831019,90,64
19831020,76,55
19831021,60,40
19831022,61,12
19831023,70,18
19831024,81,36
19831025,42,-1
19831026,74,0
19831027,67,-10
19831028,52,-4
19831029,30,-31
19831030,50,10
19831031,68,50
19831101,60,20
19831102,45,27
19831103,40,-4
19831104,50,8
19831105,15,-10
19831106,70,5
19831107,46,11
19831108,75,45
19831109,75,-6
19831110,6,-18
19831111,1,-62
19831112,-40,-75
19831113,-45,-77
19831114,-35,-95
19831115,0,-38
19831116,-2,-43
19831117,-40,-115
19831118,-8,-114
19831119,-46,-70
19831120,15,-50
19831121,5,-65
19831122,-56,-150
19831123,-110,-195
19831124,-65,-174
19831125,30,-70
19831126,16,-54
19831127,15,-160
19831128,-153,-185
19831129,-153,-172
19831130,-150,-170
19831201,-168,-200
19831202,-15,-178
19831203,20,-16
19831204,25,8
19831205,10,-18
19831206,0,-40
19831207,-38,-71
19831208,5,-120
19831209,8,-88
19831210,-87,-217
19831211,-190,-210
19831212,-142,-194
19831213,-120,-162
19831214,6,-195
19831215,13,0
19831216,5,-7
19831217,2,-110
19831218,-38,-112
19831219,-39,-54
19831220,-42,-65
19831221,11,-42
19831222,11,4
19831223,12,6
19831224,13,-16
19831225,0,-43
19831226,-43,-80
19831227,-70,-125
19831228,-2,-75
19831229,-8,-46
19831230,-36,-170
19831231,-28,-150
19840101,-25,-205
19840102,-10,-66
19840103,-13,-88
19840104,8,-15
19840105,-10,-97
19840106,0,-115
19840107,0,-55
19840108,-50,-156
19840109,-150,-220
19840110,-125,-221
19840111,-70,-173
19840112,-20,-81
19840113,17,-21
19840114,0,-31
19840115,-14,-34
19840116,2,-55
19840117,-7,-36
19840118,-3,-28
19840119,4,-17
19840120,-17,-85
19840121,-55,-124
19840122,-124,-184
19840123,-118,-176
19840124,-100,-155
19840125,6,-120
19840126,10,-40
19840127,-40,-72
19840128,-55,-95
19840129,-89,-160
19840130,-84,-155
19840131,-70,-100
19840201,-75,-100
19840202,-60,-92
19840203,-54,-81
19840204,-36,-72
19840205,-36,-50
19840206,-24,-44
19840207,-34,-66
19840208,-54,-75
19840209,-28,-70
19840210,-34,-63
19840211,-63,-144
19840212,-12,-120
19840213,-2,-12
19840214,0,-20
19840215,-9,-22
19840216,-22,-56
19840217,-40,-122
19840218,-68,-215
19840219,-108,-170
19840220,-120,-224
19840221,-144,-205
19840222,-100,-195
19840223,-106,-230
19840224,-123,-235
19840225,-62,-195
19840226,-8,-110
19840227,-25,-110
19840228,-34,-92
19840229,-40,-81
19840301,10,-40
19840302,10,-90
19840303,-34,-165
19840304,-4,-44
19840305,-7,-16
19840306,10,-20
19840307,10,-25
19840308,6,-64
19840309,7,-70
19840310,-4,-160
19840311,5,-146
19840312,8,-170
19840313,32,-185
19840314,30,-176
19840315,5,-120
19840316,-22,-113
19840317,-62,-156
19840318,-45,-150
19840319,-50,-160
19840320,-50,-195
19840321,-45,-145
19840322,-65,-150
19840323,-55,-140
19840324,-45,-200
19840325,-30,-215
19840326,-33,-190
19840327,-15,-112
19840328,14,-16
19840329,25,0
19840330,45,2
19840331,30,10
19840401,35,10
19840402,35,4
19840403,20,2
19840404,27,15
19840405,35,15
19840406,35,-10
19840407,37,6
19840408,80,7
19840409,65,-15
19840410,107,20
19840411,52,2
19840412,26,-30
19840413,72,5
19840414,67,4
19840415,75,15
19840416,119,44
19840417,93,5
19840418,80,5
19840419,70,-10
19840420,44,-6
19840421,65,-30
19840422,86,-16
19840423,105,25
19840424,125,-6
19840425,80,25
19840426,35,-8
19840427,55,-30
19840428,115,-30
19840429,131,25
19840430,170,1
19840501,140,10
19840502,135,10
19840503,135,-10
19840504,178,22
19840505,125,71
19840506,151,38
19840507,125,20
19840508,100,37
19840509,65,15
19840510,50,-15
19840511,80,-5
19840512,115,0
19840513,150,17
19840514,177,33
19840515,210,46
19840516,231,80
19840517,283,105
19840518,224,130
19840519,225,110
19840520,205,130
19840521,220,120
19840522,222,133
19840523,194,110
19840524,192,123
19840525,220,115
19840526,217,150
19840527,218,125
19840528,210,144
19840529,230,110
19840530,235,106
19840531,234,112
19840601,245,135
19840602,212,156
19840603,218,125
19840604,230,130
19840605,200,134
19840606,168,87
19840607,200,91
19840608,160,72
19840609,132,50
19840610,100,42
19840611,115,30
19840612,135,35
19840613,145,75
19840614,188,90
19840615,198,69
19840616,185,110
19840617,200,80
19840618,200,100
19840619,217,120
19840620,213,126
19840621,190,101
19840622,220,115
19840623,194,135
19840624,190,110
19840625,190,110
19840626,180,110
19840627,174,121
19840628,180,96
19840629,150,105
19840630,172,125
19840701,160,108
19840702,167,120
19840703,152,104
19840704,154,105
19840705,164,105
19840706,170,108
19840707,202,90
19840708,222,136
19840709,244,155
19840710,261,160
19840711,267,180
19840712,235,180
19840713,210,175
19840714,198,146
19840715,190,136
19840716,205,140
19840717,218,131
19840718,205,152
19840719,210,136
19840720,192,145
19840721,186,150
19840722,188,140
19840723,195,115
19840724,170,127
19840725,191,131
19840726,180,105
19840727,192,139
19840728,205,120
19840729,195,130
19840730,216,127
19840731,230,140
19840801,238,150
19840802,245,165
19840803,240,167
19840804,230,166
19840805,242,121
19840806,262,165
19840807,274,172
19840808,250,161
19840809,233,165
19840810,212,135
19840811,176,120
19840812,145,110
19840813,148,110
19840814,130,91
19840815,123,90
19840816,148,45
19840817,140,100
19840818,158,76
19840819,172,90
19840820,167,130
19840821,180,75
19840822,215,136
19840823,212,150
19840824,150,65
19840825,118,65
19840826,110,35
19840827,115,55
19840828,140,35
19840829,155,65
19840830,168,105
19840831,167,115
19840901,156,90
19840902,117,72
19840903,128,55
19840904,110,75
19840905,110,80
19840906,132,49
19840907,131,60
19840908,133,54
19840909,162,120
19840910,152,110
19840911,141,111
19840912,144,100
19840913,140,95
19840914,124,95
19840915,140,70
19840916,135,89
19840917,110,74
19840918,114,70
19840919,104,77
19840920,90,70
19840921,100,70
19840922,112,63
19840923,102,75
19840924,92,78
19840925,90,70
19840926,106,80
19840927,95,60
19840928,65,50
19840929,85,50
19840930,102,79
19841001,95,65
19841002,105,70
19841003,135,102
19841004,154,90
19841005,114,90
19841006,108,78
19841007,106,80
19841008,108,90
19841009,95,75
19841010,75,55
19841011,90,25
19841012,91,54
19841013,55,26
19841014,32,12
19841015,30,-20
19841016,15,-25
19841017,84,6
19841018,85,46
19841019,65,10
19841020,100,65
19841021,96,75
19841022,88,49
19841023,52,25
19841024,48,18
19841025,30,7
19841026,27,10
19841027,25,12
19841028,65,25
19841029,55,11
19841030,40,5
19841031,90,35
19841101,60,35
19841102,92,55
19841103,100,80
19841104,95,45
19841105,62,40
19841106,55,40
19841107,57,50
19841108,54,-2
19841109,-2,-25
19841110,-15,-50
19841111,-32,-45
19841112,-5,-38
19841113,15,-5
19841114,10,0
19841115,22,2
19841116,2,-16
19841117,2,-13
19841118,5,-10
19841119,-4,-30
19841120,-15,-31
19841121,-22,-35
19841122,-25,-75
19841123,-16,-65
19841124,-15,-44
19841125,-44,-80
19841126,-40,-72
19841127,-70,-135
19841128,-104,-162
19841129,-35,-120
19841130,30,-35
19841201,34,11
19841202,14,-5
19841203,12,-7
19841204,15,10
19841205,15,-20
19841206,-20,-80
19841207,-20,-80
19841208,-20,-65
19841209,2,-40
19841210,2,-15
19841211,-15,-30
19841212,-18,-56
19841213,-56,-102
19841214,-78,-135
19841215,-60,-156
19841216,-64,-120
19841217,-90,-120
19841218,-72,-135
19841219,-50,-111
19841220,-5,-50
19841221,6,-30
19841222,-15,-72
19841223,-52,-72
19841224,-34,-70
19841225,-25,-84
19841226,-84,-145
19841227,-90,-142
19841228,-106,-175
19841229,-112,-156
19841230,-94,-135
19841231,-50,-155
19850101,-40,-60
19850102,-46,-184
19850103,-130,-262
19850104,-260,-294
19850105,-280,-302
19850106,-290,-312
19850107,-294,-316
19850108,-182,-316
19850109,-140,-182
19850110,-180,-278
19850111,-184,-250
19850112,-198,-240
19850113,-170,-205
19850114,-100,-250
19850115,-48,-100
19850116,-14,-65
19850117,-15,-95
19850118,-32,-95
19850119,-95,-210
19850120,-143,-280
19850121,-263,-335
19850122,-246,-340
19850123,-187,-255
19850124,-184,-195
19850125,-184,-204
19850126,-196,-332
19850127,-260,-348
19850128,-245,-320
19850129,-50,-285
19850130,-40,-164
19850131,-110,-198
19850201,-175,-238
19850202,-174,-205
19850203,-142,-175
19850204,-125,-182
19850205,-165,-258
19850206,-200,-280
19850207,-210,-270
19850208,-195,-250
19850209,-213,-290
19850210,-210,-335
19850211,-164,-224
19850212,-162,-230
19850213,-190,-270
19850214,-215,-320
19850215,-196,-325
19850216,-205,-350
19850217,-186,-302
19850218,-120,-198
19850219,-108,-182
19850220,-130,-196
19850221,-134,-210
19850222,-165,-212
19850223,-162,-215
19850224,-120,-165
19850225,-104,-152
19850226,-78,-110
19850227,-35,-82
19850228,-15,-40
19850301,-15,-58
19850302,-55,-76
19850303,-57,-98
19850304,-60,-102
19850305,-54,-94
19850306,-64,-95
19850307,-30,-104
19850308,-20,-126
19850309,-25,-115
19850310,-30,-112
19850311,-4,-50
19850312,20,-85
19850313,33,-30
19850314,10,-15
19850315,2,-10
19850316,6,-40
19850317,10,-78
19850318,25,-68
19850319,30,-155
19850320,15,-165
19850321,15,-100
19850322,64,-58
19850323,74,-84
19850324,75,-82
19850325,65,-76
19850326,16,-16
19850327,15,6
19850328,25,5
19850329,20,-25
19850330,7,-80
19850331,30,-49
19850401,0,-89
19850402,16,-85
19850403,45,-15
19850404,-2,-32
19850405,2,-17
19850406,-8,-42
19850407,15,-130
19850408,-12,-50
19850409,0,-43
19850410,10,-105
19850411,15,-82
19850412,25,-70
19850413,46,-110
19850414,62,-96
19850415,60,-56
19850416,40,9
19850417,30,-30
19850418,30,-21
19850419,70,-6
19850420,30,-5
19850421,30,-21
19850422,52,10
19850423,35,-7
19850424,58,-35
19850425,64,-18
19850426,35,-14
19850427,38,-47
19850428,60,-60
19850429,88,-38
19850430,50,15
19850501,120,30
19850502,65,32
19850503,77,14
19850504,150,-2
19850505,100,33
19850506,120,22
19850507,90,-6
19850508,66,22
19850509,125,17
19850510,108,-5
19850511,98,48
19850512,157,40
19850513,196,30
19850514,186,54
19850515,110,40
19850516,102,10
19850517,78,14
19850518,82,-14
19850519,138,-10
19850520,132,60
19850521,60,18
19850522,65,-20
19850523,32,0
19850524,68,10
19850525,105,14
19850526,182,64
19850527,227,101
19850528,241,114
19850529,258,126
19850530,270,121
19850531,228,104
19850601,182,90
19850602,200,95
19850603,97,52
19850604,106,45
19850605,120,64
19850606,98,34
19850607,110,10
19850608,149,40
19850609,150,71
19850610,126,100
19850611,140,90
19850612,205,100
19850613,150,112
19850614,180,115
19850615,167,110
19850616,195,90
19850617,208,105
19850618,226,140
19850619,207,110
19850620,245,125
19850621,232,125
19850622,190,135
19850623,190,140
19850624,245,124
19850625,200,133
19850626,182,100
19850627,165,121
19850628,132,85
19850629,122,73
19850630,116,80
19850701,120,87
19850702,122,84
19850703,147,85
19850704,171,92
19850705,213,96
19850706,202,130
19850707,170,125
19850708,180,115
19850709,205,140
19850710,212,136
19850711,222,106
19850712,232,120
19850713,222,124
19850714,195,150
19850715,215,155
19850716,222,160
19850717,190,135
19850718,175,131
19850719,191,122
19850720,207,121
19850721,232,160
19850722,175,129
19850723,205,130
19850724,235,150
19850725,215,135
19850726,146,105
19850727,150,106
19850728,185,130
19850729,205,124
19850730,220,116
19850731,185,145
19850801,190,138
19850802,198,131
19850803,200,150
19850804,187,140
19850805,168,118
19850806,195,122
19850807,210,146
19850808,242,162
19850809,250,177
19850810,290,184
19850811,235,180
19850812,192,145
19850813,202,150
19850814,206,141
19850815,206,130
19850816,205,150
19850817,212,141
19850818,215,156
19850819,195,140
19850820,200,130
19850821,212,140
19850822,185,160
19850823,180,128
19850824,180,120
19850825,175,135
19850826,192,150
19850827,185,134
19850828,180,122
19850829,178,140
19850830,169,120
19850831,158,92
19850901,161,105
19850902,192,145
19850903,160,120
19850904,192,112
19850905,162,120
19850906,152,100
19850907,175,134
19850908,167,105
19850909,115,90
19850910,112,88
19850911,128,94
19850912,144,65
19850913,132,74
19850914,150,55
19850915,135,90
19850916,135,105
19850917,140,91
19850918,125,70
19850919,130,55
19850920,126,58
19850921,115,75
19850922,115,60
19850923,85,42
19850924,92,36
19850925,82,45
19850926,85,50
19850927,82,30
19850928,70,36
19850929,70,50
19850930,68,36
19851001,80,30
19851002,120,80
19851003,116,70
19851004,142,85
19851005,155,115
19851006,125,94
19851007,94,55
19851008,125,85
19851009,136,105
19851010,122,82
19851011,97,75
19851012,94,77
19851013,80,70
19851014,72,40
19851015,75,22
19851016,100,4
19851017,40,4
19851018,40,-15
19851019,61,25
19851020,90,45
19851021,75,26
19851022,65,31
19851023,77,32
19851024,94,45
19851025,74,30
19851026,90,20
19851027,40,-6
19851028,20,-45
19851029,-20,-60
19851030,45,-32
19851031,38,-35
19851101,-22,-50
19851102,8,-22
19851103,20,8
19851104,24,0
19851105,40,-5
19851106,40,24
19851107,45,25
19851108,38,25
19851109,25,-6
19851110,45,-2
19851111,50,22
19851112,25,5
19851113,10,-12
19851114,10,-8
19851115,2,-16
19851116,0,-24
19851117,-24,-38
19851118,-34,-50
19851119,-30,-53
19851120,-50,-76
19851121,-18,-80
19851122,-18,-40
19851123,-24,-40
19851124,-24,-40
19851125,-25,-82
19851126,-82,-124
19851127,-124,-180
19851128,-97,-170
19851129,-46,-132
19851130,-46,-125
19851201,-100,-139
19851202,-138,-177
19851203,-120,-180
19851204,-75,-180
19851205,-98,-132
19851206,-132,-200
19851207,-140,-220
19851208,-84,-218
19851209,-25,-84
19851210,-42,-110
19851211,-51,-75
19851212,-16,-74
19851213,16,-16
19851214,7,3
19851215,4,-62
19851216,-55,-179
19851217,-160,-202
19851218,-136,-200
19851219,-112,-178
19851220,-112,-160
19851221,-72,-175
19851222,44,-72
19851223,32,-50
19851224,-4,-51
19851225,16,-4
19851226,6,-12
19851227,-12,-165
19851228,-54,-235
19851229,-55,-65
19851230,-60,-166
19851231,-135,-190
19860101,-65,-152
19860102,-52,-88
19860103,-48,-105
19860104,-50,-68
19860105,-56,-72
19860106,-35,-66
19860107,-40,-108
19860108,-76,-194
19860109,-185,-218
19860110,-173,-202
19860111,-182,-250
19860112,-112,-182
19860113,-100,-145
19860114,-130,-144
19860115,-134,-198
19860116,-190,-222
19860117,-187,-240
19860118,-190,-240
19860119,-190,-290
19860120,-233,-300
19860121,-150,-327
19860122,5,-150
19860123,6,5
19860124,10,-10
19860125,10,-10
19860126,10,-20
19860127,10,-15
19860128,5,-24
19860129,-24,-42
19860130,-35,-76
19860131,-37,-60
19860201,-58,-110
19860202,-110,-218
19860203,-148,-215
19860204,-146,-195
19860205,-165,-208
19860206,-150,-215
19860207,-143,-226
19860208,-90,-210
19860209,-95,-124
19860210,-66,-143
19860211,-35,-104
19860212,-5,-70
19860213,-18,-85
19860214,-85,-212
19860215,-100,-235
19860216,-55,-125
19860217,-55,-130
19860218,-120,-192
19860219,-155,-310
19860220,-130,-286
19860221,-130,-220
19860222,-144,-170
19860223,-138,-210
19860224,-135,-210
19860225,-130,-270
19860226,-74,-158
19860227,-82,-132
19860228,-78,-269
19860301,-19,-130
19860302,-30,-124
19860303,-33,-114
19860304,2,-70
19860305,-5,-24
19860306,26,-30
19860307,21,2
19860308,20,-16
19860309,54,-35
19860310,-5,-70
19860311,-14,-34
19860312,-8,-31
19860313,-10,-30
19860314,-4,-39
19860315,-18,-108
19860316,15,-100
19860317,45,-103
19860318,61,-86
19860319,61,-98
19860320,68,-75
19860321,56,-54
19860322,45,-36
19860323,42,-30
19860324,28,-15
19860325,40,2
19860326,22,3
19860327,30,10
19860328,37,8
19860329,68,5
19860330,70,10
19860331,47,8
19860401,23,1
19860402,30,-2
19860403,27,-20
19860404,33,-25
19860405,32,-33
19860406,46,-25
19860407,73,-24
19860408,61,-20
19860409,45,4
19860410,5,-60
19860411,-25,-95
19860412,-2,-92
19860413,15,-56
19860414,35,-80
19860415,40,-25
19860416,-4,-53
19860417,-10,-74
19860418,31,-50
19860419,18,-5
19860420,15,-3
19860421,45,5
19860422,30,14
19860423,135,-6
19860424,155,12
19860425,93,-10
19860426,170,46
19860427,190,74
19860428,145,45
19860429,120,20
19860430,70,-10
19860501,70,-12
19860502,65,15
19860503,81,-14
19860504,85,30
19860505,98,35
19860506,205,15
19860507,202,96
19860508,174,26
19860509,88,31
19860510,107,28
19860511,96,31
19860512,154,36
19860513,125,70
19860514,105,80
19860515,170,76
19860516,170,55
19860517,126,65
19860518,130,78
19860519,135,74
19860520,125,86
19860521,163,60
19860522,191,55
19860523,152,103
19860524,162,90
19860525,146,85
19860526,128,85
19860527,124,64
19860528,141,16
19860529,170,75
19860530,170,93
19860531,175,60
19860601,203,65
19860602,204,96
19860603,210,126
19860604,199,136
19860605,200,134
19860606,182,135
19860607,210,155
19860608,200,141
19860609,215,120
19860610,189,117
19860611,230,114
19860612,254,118
19860613,232,166
19860614,210,128
19860615,200,140
19860616,192,114
19860617,246,115
19860618,280,167
19860619,261,175
19860620,250,172
19860621,178,135
19860622,146,95
19860623,136,90
19860624,154,96
19860625,210,74
19860626,260,144
19860627,233,140
19860628,230,166
19860629,208,151
19860630,195,126
19860701,155,100
19860702,203,111
19860703,166,94
19860704,184,110
19860705,218,135
19860706,205,155
19860707,220,166
19860708,225,162
19860709,205,160
19860710,225,149
19860711,195,157
19860712,180,145
19860713,171,142
19860714,173,143
19860715,193,125
19860716,220,120
19860717,233,145
19860718,244,155
19860719,250,145
19860720,214,170
19860721,215,121
19860722,212,130
19860723,210,124
19860724,216,161
19860725,238,165
19860726,253,178
19860727,240,160
19860728,250,148
19860729,256,151
19860730,260,150
19860731,252,166
19860801,260,165
19860802,225,170
19860803,210,150
19860804,227,161
19860805,271,152
19860806,226,140
19860807,179,129
19860808,181,90
19860809,225,105
19860810,182,142
19860811,200,125
19860812,192,122
19860813,157,130
19860814,160,126
19860815,158,90
19860816,137,105
19860817,135,55
19860818,140,95
19860819,160,112
19860820,162,115
19860821,151,110
19860822,135,91
19860823,118,91
19860824,130,98
19860825,112,72
19860826,108,54
19860827,97,60
19860828,120,55
19860829,130,68
19860830,136,85
19860831,140,90
19860901,112,81
19860902,147,62
19860903,136,90
19860904,137,94
19860905,140,82
19860906,124,75
19860907,126,54
19860908,122,69
19860909,115,71
19860910,135,70
19860911,148,88
19860912,115,75
19860913,108,66
19860914,106,52
19860915,97,45
19860916,97,50
19860917,84,52
19860918,101,22
19860919,96,23
19860920,90,24
19860921,75,54
19860922,71,44
19860923,83,32
19860924,85,16
19860925,62,-5
19860926,13,-6
19860927,27,-25
19860928,55,-16
19860929,100,31
19860930,72,10
19861001,127,24
19861002,110,80
19861003,105,38
19861004,61,35
19861005,50,-1
19861006,70,-18
19861007,52,30
19861008,65,-2
19861009,35,-5
19861010,36,-24
19861011,26,9
19861012,46,-20
19861013,95,45
19861014,81,41
19861015,82,55
19861016,81,55
19861017,82,54
19861018,75,4
19861019,50,28
19861020,75,35
19861021,65,50
19861022,65,38
19861023,56,40
19861024,60,29
19861025,55,29
19861026,65,25
19861027,40,22
19861028,62,34
19861029,77,54
19861030,70,34
19861031,51,35
19861101,46,26
19861102,50,5
19861103,20,-20
19861104,12,-31
19861105,24,5
19861106,11,2
19861107,16,0
19861108,6,-20
19861109,22,-10
19861110,63,18
19861111,85,54
19861112,81,4
19861113,4,-39
19861114,24,-49
19861115,26,-10
19861116,11,-10
19861117,34,11
19861118,33,17
19861119,33,18
19861120,45,29
19861121,61,26
19861122,35,14
19861123,40,15
19861124,31,12
19861125,22,12
19861126,90,14
19861127,81,40
19861128,60,19
19861129,69,41
19861130,41,6
19861201,52,10
19861202,39,-56
19861203,-50,-65
19861204,-12,-58
19861205,-58,-101
19861206,-28,-95
19861207,-55,-122
19861208,-25,-121
19861209,0,-28
19861210,21,-6
19861211,25,-25
19861212,-14,-125
19861213,-5,-116
19861214,-35,-196
19861215,-195,-259
19861216,-195,-283
19861217,-151,-205
19861218,-165,-235
19861219,-212,-245
19861220,-126,-216
19861221,-89,-126
19861222,-76,-109
19861223,-78,-121
19861224,-115,-187
19861225,-144,-195
19861226,-114,-170
19861227,-115,-200
19861228,-150,-232
19861229,-130,-240
19861230,-120,-171
19861231,-170,-212
19870101,-169,-254
19870102,-198,-266
19870103,-194,-260
19870104,-242,-287
19870105,-285,-310
19870106,-250,-290
19870107,-264,-350
19870108,-333,-380
19870109,-338,-385
19870110,-329,-351
19870111,-315,-352
19870112,-331,-400
19870113,-292,-402
19870114,-192,-293
19870115,-155,-240
19870116,-120,-225
19870117,-94,-169
19870118,-97,-170
19870119,-94,-160
19870120,-48,-160
19870121,-26,-60
19870122,-29,-78
19870123,-77,-169
19870124,-150,-305
19870125,-118,-152
19870126,-130,-166
19870127,-163,-231
19870128,-220,-318
19870129,-210,-345
19870130,-152,-231
19870131,-54,-252
19870201,-49,-118
19870202,-23,-184
19870203,-2,-194
19870204,5,-35
19870205,10,-45
19870206,10,1
19870207,5,-123
19870208,-123,-288
19870209,-134,-170
19870210,-140,-176
19870211,-120,-275
19870212,-68,-130
19870213,-43,-68
19870214,10,-55
19870215,5,-61
19870216,-40,-91
19870217,-87,-116
19870218,-83,-90
19870219,-81,-168
19870220,-44,-132
19870221,-12,-120
19870222,-11,-104
19870223,-92,-145
19870224,-105,-239
19870225,-120,-209
19870226,-113,-306
19870227,-118,-260
19870228,-134,-261
19870301,-142,-214
19870302,-124,-179
19870303,-126,-160
19870304,-116,-180
19870305,-123,-215
19870306,-138,-260
19870307,-33,-203
19870308,-25,-112
19870309,-4,-157
19870310,-5,-145
19870311,-10,-132
19870312,-21,-169
19870313,-50,-195
19870314,-16,-193
19870315,-34,-190
19870316,-23,-139
19870317,12,-142
19870318,8,-135
19870319,-12,-128
19870320,-35,-94
19870321,-19,-57
19870322,3,-64
19870323,1,-67
19870324,14,-59
19870325,27,-27
19870326,25,-90
19870327,3,-67
19870328,25,3
19870329,33,12
19870330,32,11
19870331,60,5
19870401,66,-30
19870402,74,-50
19870403,68,-55
19870404,102,-40
19870405,78,0
19870406,51,-31
19870407,25,-35
19870408,-28,-82
19870409,-17,-113
19870410,20,-115
19870411,50,-74
19870412,66,-52
19870413,81,-25
19870414,85,15
19870415,96,-13
19870416,82,14
19870417,61,2
19870418,20,-19
19870419,15,-44
19870420,-10,-66
19870421,5,-60
19870422,20,-64
19870423,28,-46
19870424,40,22
19870425,29,-2
19870426,60,-15
19870427,90,-6
19870428,100,-15
19870429,160,45
19870430,145,36
19870501,182,42
19870502,186,72
19870503,205,56
19870504,140,40
19870505,42,15
19870506,32,4
19870507,62,-40
19870508,99,5
19870509,85,6
19870510,51,-3
19870511,41,5
19870512,100,25
19870513,160,40
19870514,216,80
19870515,225,45
19870516,148,50
19870517,195,50
19870518,166,77
19870519,122,64
19870520,122,84
19870521,177,65
19870522,146,100
19870523,175,55
19870524,118,50
19870525,82,23
19870526,75,25
19870527,57,25
19870528,38,24
19870529,77,25
19870530,91,45
19870531,165,14
19870601,170,75
19870602,202,75
19870603,185,105
19870604,180,125
19870605,165,100
19870606,206,95
19870607,151,111
19870608,185,115
19870609,165,108
19870610,179,96
19870611,178,119
19870612,181,115
19870613,154,105
19870614,124,85
19870615,150,99
19870616,170,121
19870617,176,126
19870618,170,101
19870619,156,96
19870620,187,95
19870621,200,88
19870622,177,120
19870623,150,128
19870624,166,136
19870625,199,130
19870626,178,120
19870627,153,105
19870628,158,114
19870629,172,114
19870630,160,110
19870701,155,98
19870702,190,125
19870703,180,120
19870704,176,82
19870705,195,94
19870706,222,126
19870707,232,131
19870708,221,140
19870709,185,124
19870710,170,115
19870711,148,99
19870712,131,90
19870713,156,102
19870714,145,118
19870715,133,105
19870716,113,83
19870717,155,95
19870718,170,104
19870719,210,119
19870720,226,116
19870721,246,119
19870722,269,146
19870723,263,160
19870724,255,148
19870725,203,154
19870726,186,135
19870727,159,124
19870728,160,116
19870729,175,120
19870730,184,130
19870731,195,106
19870801,182,130
19870802,192,120
19870803,175,138
19870804,230,155
19870805,160,141
19870806,186,115
19870807,184,130
19870808,155,77
19870809,116,75
19870810,112,85
19870811,158,105
19870812,175,111
19870813,180,75
19870814,125,89
19870815,130,62
19870816,120,84
19870817,93,74
19870818,159,61
19870819,181,68
19870820,186,130
19870821,175,110
19870822,175,122
19870823,180,125
19870824,128,72
19870825,116,35
19870826,118,37
19870827,95,74
19870828,148,90
19870829,132,97
19870830,98,80
19870831,86,70
19870901,116,65
19870902,95,74
19870903,118,75
19870904,130,77
19870905,140,65
19870906,150,50
19870907,149,65
19870908,111,100
19870909,121,108
19870910,142,95
19870911,115,102
19870912,131,90
19870913,116,86
19870914,125,62
19870915,120,61
19870916,121,49
19870917,118,64
19870918,105,31
19870919,80,61
19870920,85,65
19870921,95,67
19870922,89,24
19870923,75,54
19870924,87,70
19870925,102,74
19870926,95,75
19870927,86,61
19870928,93,52
19870929,91,54
19870930,107,47
19871001,135,50
19871002,141,33
19871003,119,49
19871004,105,60
19871005,90,44
19871006,110,62
19871007,108,72
19871008,120,88
19871009,105,78
19871010,115,82
19871011,132,70
19871012,125,60
19871013,112,62
19871014,98,49
19871015,73,60
19871016,103,72
19871017,115,81
19871018,105,59
19871019,105,25
19871020,53,34
19871021,43,5
19871022,9,-6
19871023,28,-15
19871024,35,22
19871025,26,2
19871026,36,15
19871027,65,35
19871028,65,31
19871029,52,16
19871030,45,14
19871031,60,15
19871101,45,30
19871102,50,40
19871103,40,30
19871104,39,-14
19871105,38,-5
19871106,6,-45
19871107,-28,-59
19871108,-36,-56
19871109,-20,-37
19871110,-31,-62
19871111,-30,-66
19871112,-35,-55
19871113,-23,-60
19871114,-22,-56
19871115,-44,-59
19871116,-38,-49
19871117,-3,-57
19871118,-1,-14
19871119,-9,-32
19871120,-15,-93
19871121,-92,-114
19871122,-49,-108
19871123,-53,-84
19871124,-81,-120
19871125,-115,-200
19871126,-56,-210
19871127,2,-57
19871128,10,2
19871129,6,-7
19871130,17,5
19871201,16,-16
19871202,20,-68
19871203,1,-86
19871204,20,-4
19871205,6,0
19871206,3,-85
19871207,-12,-188
19871208,-125,-271
19871209,-125,-181
19871210,-130,-206
19871211,-140,-218
19871212,-92,-140
19871213,-80,-159
19871214,-2,-167
19871215,-39,-210
19871216,-47,-135
19871217,-102,-140
19871218,-20,-114
19871219,-22,-120
19871220,-19,-118
19871221,-34,-198
19871222,-190,-250
19871223,-77,-248
19871224,-16,-78
19871225,-2,-35
19871226,26,-4
19871227,25,-170
19871228,-83,-166
19871229,-86,-130
19871230,-45,-115
19871231,-115,-208
19880101,-87,-246
19880102,15,-88
19880103,34,5
19880104,35,14
19880105,21,-2
19880106,-2,-84
19880107,-71,-125
19880108,-108,-148
19880109,-84,-144
19880110,19,-84
19880111,36,0
19880112,2,-9
19880113,6,-22
19880114,12,-21
19880115,19,-16
19880116,18,-56
19880117,-55,-86
19880118,-86,-158
19880119,-15,-139
19880120,-17,-39
19880121,-10,-55
19880122,-55,-85
19880123,-63,-66
19880124,-62,-120
19880125,-107,-150
19880126,-85,-144
19880127,-89,-145
19880128,-116,-175
19880129,-122,-166
19880130,-120,-162
19880131,-102,-151
19880201,-86,-121
19880202,-73,-110
19880203,-26,-73
19880204,-35,-46
19880205,-14,-50
19880206,5,-14
19880207,10,-2
19880208,11,1
19880209,2,-40
19880210,6,-24
19880211,8,1
19880212,11,1
19880213,10,-5
19880214,9,0
19880215,18,-9
19880216,-4,-48
19880217,-39,-75
19880218,-55,-154
19880219,-125,-174
19880220,-160,-212
19880221,-183,-272
19880222,-156,-249
19880223,-105,-220
19880224,-95,-150
19880225,-96,-226
19880226,-76,-174
19880227,-58,-163
19880228,-44,-60
19880229,-60,-129
19880301,-65,-111
19880302,-26,-83
19880303,-30,-124
19880304,-72,-201
19880305,-28,-132
19880306,-18,-49
19880307,-15,-38
19880308,-30,-70
19880309,-62,-135
19880310,-30,-106
19880311,-16,-54
19880312,-15,-38
19880313,-27,-68
19880314,-29,-95
19880315,-24,-50
19880316,-25,-70
19880317,-28,-125
19880318,-29,-95
19880319,-30,-71
19880320,-19,-56
19880321,20,-65
19880322,30,-5
19880323,20,-16
19880324,21,0
19880325,15,-4
19880326,18,4
19880327,26,5
19880328,25,4
19880329,19,8
19880330,30,-1
19880331,52,-40
19880401,107,-26
19880402,82,25
19880403,72,34
19880404,60,22
19880405,61,15
19880406,50,1
19880407,53,-26
19880408,39,1
19880409,13,-32
19880410,-24,-81
19880411,-18,-156
19880412,-14,-121
19880413,-18,-91
19880414,12,-150
19880415,15,-130
19880416,82,-12
19880417,75,31
19880418,71,-3
19880419,56,-30
19880420,54,-45
19880421,12,-14
19880422,-5,-86
19880423,-8,-96
19880424,-20,-52
19880425,-15,-53
19880426,-15,-52
19880427,65,-152
19880428,62,16
19880429,75,15
19880430,121,4
19880501,110,24
19880502,115,-10
19880503,155,26
19880504,140,25
19880505,85,19
19880506,74,15
19880507,85,9
19880508,104,8
19880509,66,-5
19880510,117,-6
19880511,152,12
19880512,170,25
19880513,161,15
19880514,136,45
19880515,100,20
19880516,113,8
19880517,164,54
19880518,200,72
19880519,162,91
19880520,179,55
19880521,205,78
19880522,187,100
19880523,135,85
19880524,175,76
19880525,151,115
19880526,150,69
19880527,214,56
19880528,196,105
19880529,249,138
19880530,254,151
19880531,226,65
19880601,146,75
19880602,143,65
19880603,134,42
19880604,194,66
19880605,240,87
19880606,260,145
19880607,230,154
19880608,186,95
19880609,176,125
19880610,172,90
19880611,132,72
19880612,171,50
19880613,170,127
19880614,155,95
19880615,175,89
19880616,195,114
19880617,184,121
19880618,176,112
19880619,194,126
19880620,243,151
19880621,216,154
19880622,259,160
19880623,245,150
19880624,267,155
19880625,274,175
19880626,269,168
19880627,287,177
19880628,307,184
19880629,278,179
19880630,275,204
19880701,264,206
19880702,273,196
19880703,280,188
19880704,255,192
19880705,211,176
19880706,201,162
19880707,166,108
19880708,165,117
19880709,164,105
19880710,221,121
19880711,253,141
19880712,256,165
19880713,265,157
19880714,266,177
19880715,248,200
19880716,274,200
19880717,287,206
19880718,296,210
19880719,275,205
19880720,260,188
19880721,246,185
19880722,233,190
19880723,201,168
19880724,220,153
19880725,217,140
19880726,234,165
19880727,232,168
19880728,208,133
19880729,201,150
19880730,201,141
19880731,192,145
19880801,176,129
19880802,192,130
19880803,192,115
19880804,185,126
19880805,186,135
19880806,160,121
19880807,159,106
19880808,158,133
19880809,185,138
19880810,155,134
19880811,170,135
19880812,186,108
19880813,200,134
19880814,190,137
19880815,169,141
19880816,172,135
19880817,157,132
19880818,144,101
19880819,141,85
19880820,158,116
19880821,170,135
19880822,190,135
19880823,183,126
19880824,192,144
19880825,175,130
19880826,167,128
19880827,167,142
19880828,170,144
19880829,144,98
19880830,148,64
19880831,130,104
19880901,130,98
19880902,167,120
19880903,202,104
19880904,206,125
19880905,200,138
19880906,177,139
19880907,195,135
19880908,180,95
19880909,180,75
19880910,186,104
19880911,170,100
19880912,149,81
19880913,129,93
19880914,100,53
19880915,111,41
19880916,150,95
19880917,98,58
19880918,90,50
19880919,66,39
19880920,116,8
19880921,92,50
19880922,102,25
19880923,115,65
19880924,125,94
19880925,120,94
19880926,141,94
19880927,115,80
19880928,122,75
19880929,145,100
19880930,127,92
19881001,100,62
19881002,90,39
19881003,101,80
19881004,128,79
19881005,113,94
19881006,146,70
19881007,128,61
19881008,115,80
19881009,103,66
19881010,105,84
19881011,107,35
19881012,58,4
19881013,100,28
19881014,91,34
19881015,96,86
19881016,105,39
19881017,121,51
19881018,90,32
19881019,63,-4
19881020,35,-35
19881021,76,18
19881022,65,0
19881023,54,-24
19881024,-22,-63
19881025,-9,-32
19881026,28,-41
19881027,32,4
19881028,45,4
19881029,8,-39
19881030,-18,-79
19881031,-21,-101
19881101,-22,-84
19881102,-53,-84
19881103,-45,-102
19881104,5,-105
19881105,30,5
19881106,29,-1
19881107,1,-25
19881108,-20,-84
19881109,-36,-115
19881110,16,-54
19881111,27,10
19881112,36,20
19881113,30,12
19881114,16,-12
19881115,0,-36
19881116,21,-78
19881117,40,-9
19881118,-8,-50
19881119,-47,-107
19881120,-97,-138
19881121,-97,-150
19881122,-30,-142
19881123,-67,-164
19881124,13,-177
19881125,12,-16
19881126,-15,-65
19881127,-55,-124
19881128,-117,-146
19881129,-134,-214
19881130,-127,-205
19881201,-140,-206
19881202,-32,-142
19881203,-18,-58
19881204,-58,-134
19881205,-40,-85
19881206,-22,-66
19881207,-39,-52
19881208,-30,-78
19881209,-3,-30
19881210,-19,-108
19881211,-104,-212
19881212,-112,-202
19881213,-39,-168
19881214,-36,-86
19881215,-84,-150
19881216,-21,-100
19881217,5,-22
19881218,6,-60
19881219,-59,-211
19881220,-126,-221
19881221,-35,-127
19881222,-40,-171
19881223,-4,-96
19881224,-15,-219
19881225,-180,-264
19881226,-100,-276
19881227,-175,-262
19881228,-121,-254
19881229,33,-122
19881230,32,-60
19881231,-44,-154
19890101,-154,-240
19890102,-14,-232
19890103,20,-14
19890104,32,2
19890105,15,-9
19890106,17,-3
19890107,-2,-18
19890108,-12,-44
19890109,10,-34
19890110,10,-23
19890111,-5,-145
19890112,8,-210
19890113,15,2
19890114,2,-38
19890115,5,-27
19890116,12,-12
19890117,30,-44
19890118,-3,-65
19890119,-40,-72
19890120,14,-40
19890121,15,-90
19890122,12,-80
19890123,12,-53
19890124,-49,-125
19890125,-15,-140
19890126,10,-15
19890127,15,-30
19890128,34,-44
19890129,44,15
19890130,41,-1
19890131,5,-34
19890201,30,-41
19890202,33,0
19890203,54,5
19890204,47,-40
19890205,40,10
19890206,24,-11
19890207,44,11
19890208,26,-5
19890209,1,-106
19890210,-35,-106
19890211,-2,-50
19890212,5,-4
19890213,8,-22
19890214,4,-94
19890215,0,-21
19890216,13,-9
19890217,-5,-60
19890218,-44,-161
19890219,-25,-184
19890220,-18,-51
19890221,2,-25
19890222,7,-51
19890223,-30,-59
19890224,13,-30
19890225,16,-59
19890226,8,-52
19890227,50,8
19890228,55,8
19890301,25,-1
19890302,16,5
19890303,13,1
19890304,14,1
19890305,17,4
19890306,12,0
19890307,6,-16
19890308,31,-24
19890309,10,-18
19890310,14,-20
19890311,33,6
19890312,32,3
19890313,20,0
19890314,33,-4
19890315,25,15
19890316,35,-12
19890317,16,0
19890318,15,2
19890319,7,-26
19890320,28,-9
19890321,55,4
19890322,55,10
19890323,38,7
19890324,30,-7
19890325,10,-15
19890326,14,2
19890327,29,-15
19890328,-8,-50
19890329,6,-38
19890330,30,-19
19890331,35,-51
19890401,-8,-51
19890402,-11,-46
19890403,-1,-90
19890404,2,-86
19890405,58,-113
19890406,45,-45
19890407,72,-31
19890408,71,-41
19890409,28,15
19890410,50,14
19890411,65,0
19890412,92,23
19890413,145,26
19890414,127,36
19890415,80,7
19890416,66,0
19890417,93,6
19890418,45,28
19890419,78,19
19890420,96,0
19890421,80,1
19890422,77,35
19890423,74,14
19890424,74,24
19890425,92,0
19890426,144,25
19890427,166,75
19890428,184,120
19890429,193,98
19890430,158,60
19890501,120,5
19890502,121,28
19890503,137,52
19890504,124,77
19890505,144,65
19890506,135,51
19890507,122,41
19890508,121,34
19890509,140,60
19890510,138,79
19890511,114,55
19890512,138,44
19890513,181,52
19890514,140,92
19890515,155,64
19890516,184,70
19890517,158,104
19890518,146,75
19890519,125,50
19890520,130,74
19890521,110,55
19890522,106,36
19890523,187,70
19890524,228,92
19890525,253,112
19890526,242,143
19890527,195,99
19890528,145,55
19890529,176,79
19890530,162,105
19890531,184,65
19890601,147,100
19890602,164,79
19890603,149,105
19890604,260,105
19890605,246,133
19890606,243,130
19890607,189,150
19890608,250,134
19890609,190,137
19890610,206,100
19890611,166,111
19890612,189,116
19890613,163,92
19890614,142,72
19890615,212,99
19890616,235,120
19890617,210,109
19890618,194,123
19890619,162,124
19890620,202,135
19890621,224,132
19890622,212,136
19890623,246,109
19890624,260,160
19890625,212,139
19890626,226,155
19890627,269,168
19890628,281,151
19890629,285,174
19890630,211,170
19890701,188,141
19890702,224,145
19890703,196,131
19890704,245,105
19890705,246,135
19890706,231,130
19890707,246,105
19890708,239,180
19890709,275,159
19890710,231,146
19890711,197,134
19890712,201,126
19890713,225,160
19890714,228,164
19890715,199,137
19890716,175,125
19890717,182,115
19890718,176,140
19890719,170,101
19890720,166,131
19890721,171,107
19890722,157,134
19890723,182,112
19890724,215,103
19890725,238,135
19890726,242,169
19890727,255,114
19890728,256,141
19890729,236,171
19890730,220,155
19890731,240,150
19890801,215,175
19890802,258,175
19890803,276,195
19890804,247,157
19890805,226,135
19890806,186,136
19890807,202,133
19890808,196,126
19890809,192,114
19890810,181,125
19890811,184,140
19890812,206,104
19890813,200,134
19890814,206,134
19890815,216,125
19890816,220,144
19890817,204,144
19890818,205,156
19890819,193,135
19890820,185,115
19890821,159,117
19890822,160,100
19890823,164,62
19890824,172,100
19890825,125,80
19890826,125,100
19890827,122,68
19890828,124,85
19890829,139,96
19890830,139,66
19890831,152,50
19890901,110,79
19890902,149,105
19890903,140,124
19890904,136,88
19890905,140,71
19890906,172,110
19890907,170,130
19890908,152,92
19890909,132,70
19890910,149,60
19890911,124,69
19890912,111,22
19890913,125,56
19890914,129,58
19890915,161,56
19890916,145,106
19890917,148,92
19890918,132,112
19890919,154,76
19890920,172,125
19890921,178,110
19890922,196,122
19890923,155,124
19890924,164,119
19890925,127,108
19890926,141,113
19890927,150,80
19890928,138,124
19890929,132,53
19890930,78,21
19891001,46,-2
19891002,53,-7
19891003,50,29
19891004,76,16
19891005,68,22
19891006,55,26
19891007,57,17
19891008,64,47
19891009,77,44
19891010,72,32
19891011,49,25
19891012,38,16
19891013,46,25
19891014,60,12
19891015,61,36
19891016,64,12
19891017,46,0
19891018,40,-21
19891019,58,-21
19891020,88,50
19891021,88,34
19891022,102,56
19891023,88,70
19891024,85,46
19891025,59,-1
19891026,59,35
19891027,59,43
19891028,52,18
19891029,45,24
19891030,40,10
19891031,35,9
19891101,39,12
19891102,55,39
19891103,42,32
19891104,41,29
19891105,44,27
19891106,79,44
19891107,72,49
19891108,51,19
19891109,42,29
19891110,38,32
19891111,62,38
19891112,87,54
19891113,75,31
19891114,31,0
19891115,5,-15
19891116,-12,-50
19891117,8,-25
19891118,20,-5
19891119,36,0
19891120,40,-26
19891121,-25,-90
19891122,-35,-56
19891123,-53,-92
19891124,-56,-115
19891125,-56,-109
19891126,-54,-109
19891127,-109,-185
19891128,-100,-196
19891129,-42,-112
19891130,0,-42
19891201,35,-3
19891202,42,-24
19891203,55,16
19891204,27,-51
19891205,-51,-102
19891206,-78,-110
19891207,-73,-145
19891208,-100,-145
19891209,-83,-144
19891210,-135,-221
19891211,-153,-220
19891212,-167,-195
19891213,-101,-205
19891214,-101,-201
19891215,-198,-258
19891216,-78,-280
19891217,-42,-121
19891218,-58,-111
19891219,26,-58
19891220,28,-2
19891221,-2,-65
19891222,15,-59
19891223,-6,-75
19891224,-40,-87
19891225,-53,-90
19891226,15,-54
19891227,25,12
19891228,12,-5
19891229,-5,-23
19891230,1,-39
19891231,-17,-43
19900101,-17,-39
19900102,-31,-112
19900103,-112,-172
19900104,-30,-172
19900105,-10,-30
19900106,-5,-22
19900107,-5,-28
19900108,5,-10
19900109,-2,-50
19900110,-5,-36
19900111,-14,-202
19900112,-202,-289
19900113,-166,-255
19900114,-168,-234
19900115,-170,-280
19900116,-125,-170
19900117,-110,-138
19900118,-70,-119
19900119,-119,-178
19900120,-98,-281
19900121,-100,-170
19900122,-170,-281
19900123,-103,-274
19900124,2,-103
19900125,11,-4
19900126,2,-11
19900127,15,-4
19900128,4,-93
19900129,6,-92
19900130,13,6
19900131,7,-5
19900201,11,-3
19900202,20,8
19900203,20,3
19900204,18,9
19900205,14,3
19900206,46,14
19900207,45,8
19900208,40,14
19900209,22,-7
19900210,7,-34
19900211,9,-41
19900212,15,-45
19900213,15,-5
19900214,0,-20
19900215,6,-13
19900216,4,-16
19900217,-6,-75
19900218,-43,-160
19900219,-46,-75
19900220,31,-61
19900221,70,22
19900222,40,4
19900223,87,5
19900224,58,36
19900225,42,-10
19900226,-9,-100
19900227,25,-14
19900228,12,-18
19900301,-10,-37
19900302,-15,-45
19900303,-34,-70
19900304,-52,-126
19900305,16,-96
19900306,15,-48
19900307,-22,-51
19900308,-44,-108
19900309,15,-60
19900310,5,-38
19900311,-14,-85
19900312,-31,-126
19900313,-48,-104
19900314,-20,-125
19900315,17,-135
19900316,58,12
19900317,71,26
19900318,86,6
19900319,141,16
19900320,80,21
19900321,50,-6
19900322,56,5
19900323,80,25
19900324,51,-15
19900325,27,2
19900326,6,-35
19900327,20,-90
19900328,48,-51
19900329,50,-52
19900330,76,4
19900331,56,0
19900401,41,-17
19900402,40,-22
19900403,47,-15
19900404,80,36
19900405,44,-34
19900406,50,-58
19900407,40,-46
19900408,-8,-60
19900409,88,-79
19900410,84,9
19900411,86,-20
19900412,104,-35
19900413,126,-35
19900414,106,-25
19900415,101,-24
19900416,126,27
19900417,120,31
19900418,101,32
19900419,132,10
19900420,125,9
19900421,125,44
19900422,130,10
19900423,144,28
19900424,141,31
19900425,167,20
19900426,157,35
19900427,160,50
19900428,165,16
19900429,120,12
19900430,160,68
19900501,136,56
19900502,164,-2
19900503,225,113
19900504,174,73
19900505,200,80
19900506,161,88
19900507,128,74
19900508,96,19
19900509,95,57
19900510,174,6
19900511,151,20
19900512,95,32
19900513,148,29
19900514,166,73
19900515,141,94
19900516,137,67
19900517,107,60
19900518,86,39
19900519,70,11
19900520,100,30
19900521,116,47
19900522,116,31
19900523,108,44
19900524,140,45
19900525,88,60
19900526,120,70
19900527,88,40
19900528,98,26
19900529,111,46
19900530,152,25
19900531,169,90
19900601,146,70
19900602,191,46
19900603,201,118
19900604,225,100
19900605,210,144
19900606,144,65
19900607,125,44
19900608,134,50
19900609,198,54
19900610,147,85
19900611,146,89
19900612,126,89
19900613,131,76
19900614,115,75
19900615,94,50
19900616,103,34
19900617,132,69
19900618,181,62
19900619,184,125
19900620,131,85
19900621,166,88
19900622,170,75
19900623,224,88
19900624,241,100
19900625,220,131
19900626,245,141
19900627,220,139
19900628,232,133
19900629,208,135
19900630,196,150
19900701,191,109
19900702,199,110
19900703,210,106
19900704,211,142
19900705,225,142
19900706,204,150
19900707,240,174
19900708,217,156
19900709,232,176
19900710,211,154
19900711,202,149
19900712,186,139
19900713,204,124
19900714,182,119
19900715,150,125
19900716,185,129
19900717,185,135
19900718,203,137
19900719,212,126
19900720,202,145
19900721,207,145
19900722,195,154
19900723,206,155
19900724,185,114
19900725,161,100
19900726,188,109
19900727,182,130
19900728,165,96
19900729,180,106
19900730,165,122
19900731,172,114
19900801,180,121
19900802,218,135
19900803,236,115
19900804,256,166
19900805,250,175
19900806,216,165
19900807,193,134
19900808,195,134
19900809,205,141
19900810,192,130
19900811,185,141
19900812,202,125
19900813,205,114
19900814,219,115
19900815,235,140
19900816,225,138
19900817,205,151
19900818,234,148
19900819,195,145
19900820,190,136
19900821,182,136
19900822,173,143
19900823,165,126
19900824,142,94
19900825,165,85
19900826,155,75
19900827,145,85
19900828,148,74
19900829,162,89
19900830,175,95
19900831,141,98
19900901,115,75
19900902,113,80
19900903,115,99
19900904,131,66
19900905,122,96
19900906,142,114
19900907,130,105
19900908,138,100
19900909,149,70
19900910,127,75
19900911,90,69
19900912,110,64
19900913,126,45
19900914,111,50
19900915,99,50
19900916,114,41
19900917,137,15
19900918,111,53
19900919,135,67
19900920,140,55
19900921,101,80
19900922,95,64
19900923,77,34
19900924,70,-4
19900925,61,30
19900926,73,40
19900927,62,33
19900928,76,32
19900929,59,30
19900930,76,4
19901001,54,5
19901002,60,24
19901003,76,-20
19901004,66,-6
19901005,61,25
19901006,80,44
19901007,72,39
19901008,68,25
19901009,78,6
19901010,101,76
19901011,88,50
19901012,60,12
19901013,53,-5
19901014,113,52
19901015,96,78
19901016,91,75
19901017,113,83
19901018,100,58
19901019,58,24
19901020,28,0
19901021,12,-21
19901022,47,-49
19901023,62,26
19901024,62,45
19901025,48,26
19901026,46,30
19901027,34,25
19901028,32,17
19901029,45,-11
19901030,44,22
19901031,40,10
19901101,60,9
19901102,60,43
19901103,57,21
19901104,48,10
19901105,15,-1
19901106,17,-16
19901107,2,-20
19901108,15,-30
19901109,15,-25
19901110,28,1
19901111,28,-49
19901112,-28,-58
19901113,-2,-29
19901114,-22,-105
19901115,-75,-110
19901116,-10,-85
19901117,32,-16
19901118,13,-26
19901119,-24,-63
19901120,-63,-115
19901121,-113,-133
19901122,-128,-185
19901123,-45,-140
19901124,-55,-128
19901125,-50,-135
19901126,-25,-60
19901127,1,-25
19901128,-15,-32
19901129,2,-39
19901130,-39,-165
19901201,-16,-54
19901202,14,-42
19901203,45,13
19901204,23,5
19901205,6,-89
19901206,-23,-141
19901207,44,-23
19901208,44,-36
19901209,-35,-175
19901210,-30,-174
19901211,-34,-50
19901212,6,-45
19901213,11,-59
19901214,-59,-115
19901215,-48,-130
19901216,5,-48
19901217,-19,-120
19901218,-4,-32
19901219,-2,-29
19901220,-24,-85
19901221,-17,-79
19901222,-25,-75
19901223,-37,-70
19901224,18,-37
19901225,18,-31
19901226,-30,-58
19901227,-32,-65
19901228,19,-32
19901229,11,0
19901230,8,-14
19901231,0,-31
19910101,-30,-122
19910102,-121,-219
19910103,-34,-175
19910104,-39,-95
19910105,-66,-115
19910106,-32,-125
19910107,3,-32
19910108,6,-20
19910109,-7,-40
19910110,5,-54
19910111,-43,-148
19910112,-148,-260
19910113,-119,-260
19910114,-84,-120
19910115,-50,-220
19910116,-21,-50
19910117,-44,-150
19910118,-14,-165
19910119,9,-88
19910120,10,-88
19910121,15,-24
19910122,12,-81
19910123,51,12
19910124,16,-50
19910125,55,-46
19910126,20,-165
19910127,-98,-217
19910128,-30,-99
19910129,-58,-220
19910130,-151,-270
19910131,-30,-151
19910201,-29,-115
19910202,-82,-172
19910203,-85,-190
19910204,-65,-140
19910205,-121,-220
19910206,-112,-235
19910207,-94,-180
19910208,-104,-189
19910209,-108,-222
19910210,-88,-138
19910211,-82,-171
19910212,-158,-205
19910213,-101,-175
19910214,-69,-114
19910215,-50,-71
19910216,-70,-95
19910217,-75,-106
19910218,-90,-112
19910219,-112,-179
19910220,-100,-234
19910221,12,-100
19910222,25,0
19910223,20,-8
19910224,20,-9
19910225,25,14
19910226,17,-55
19910227,-45,-96
19910228,-19,-110
19910301,-2,-96
19910302,-35,-155
19910303,-61,-187
19910304,-18,-115
19910305,-13,-51
19910306,-3,-29
19910307,-4,-35
19910308,5,-32
19910309,20,-35
19910310,-12,-80
19910311,7,-62
19910312,27,2
19910313,2,-124
19910314,-54,-195
19910315,-30,-86
19910316,-20,-120
19910317,-13,-163
19910318,-28,-105
19910319,8,-52
19910320,17,0
19910321,18,4
19910322,10,-5
19910323,-5,-36
19910324,-35,-55
19910325,-30,-90
19910326,25,-41
19910327,16,-80
19910328,21,-160
19910329,67,-21
19910330,51,-26
19910331,22,-12
19910401,10,-79
19910402,25,-60
19910403,51,20
19910404,80,37
19910405,57,-13
19910406,106,15
19910407,89,5
19910408,90,4
19910409,58,18
19910410,114,7
19910411,112,-20
19910412,115,-9
19910413,146,5
19910414,132,19
19910415,31,-5
19910416,55,0
19910417,5,-40
19910418,-3,-40
19910419,14,-90
19910420,-5,-40
19910421,6,-41
19910422,30,-81
19910423,40,-56
19910424,72,-61
19910425,55,-15
19910426,75,-35
19910427,59,-35
19910428,34,10
19910429,67,-6
19910430,70,3
19910501,139,20
19910502,76,35
19910503,70,38
19910504,92,25
19910505,89,25
19910506,61,1
19910507,80,-45
19910508,115,-25
19910509,64,-8
19910510,94,-46
19910511,165,59
19910512,140,60
19910513,134,62
19910514,152,9
19910515,130,59
19910516,140,45
19910517,150,64
19910518,144,30
19910519,101,20
19910520,140,10
19910521,136,64
19910522,131,65
19910523,121,69
19910524,97,72
19910525,120,51
19910526,130,54
19910527,145,71
19910528,124,71
19910529,111,69
19910530,148,50
19910531,150,80
19910601,151,60
19910602,122,84
19910603,105,76
19910604,150,36
19910605,152,80
19910606,147,86
19910607,140,66
19910608,151,95
19910609,175,65
19910610,165,106
19910611,194,94
19910612,175,105
19910613,192,95
19910614,154,119
19910615,149,114
19910616,150,101
19910617,185,105
19910618,184,95
19910619,170,130
19910620,190,111
19910621,157,108
19910622,187,114
19910623,178,137
19910624,189,120
19910625,241,145
19910626,208,152
19910627,189,140
19910628,185,129
19910629,234,152
19910630,210,134
19910701,177,130
19910702,198,125
19910703,230,148
19910704,219,120
19910705,228,132
19910706,236,148
19910707,250,137
19910708,242,150
19910709,226,111
19910710,272,175
19910711,238,160
19910712,176,121
19910713,205,110
19910714,197,135
19910715,209,146
19910716,217,140
19910717,227,148
19910718,191,140
19910719,219,156
19910720,166,140
19910721,203,144
19910722,192,140
19910723,194,136
19910724,190,132
19910725,168,126
19910726,180,121
19910727,199,134
19910728,220,102
19910729,248,131
19910730,256,175
19910731,230,161
19910801,245,129
19910802,255,144
19910803,228,155
19910804,211,145
19910805,245,141
19910806,246,174
19910807,221,164
19910808,181,141
19910809,151,128
19910810,180,134
19910811,168,130
19910812,180,110
19910813,161,119
19910814,166,110
19910815,191,91
19910816,197,125
19910817,188,139
19910818,185,138
19910819,165,130
19910820,170,133
19910821,165,139
19910822,172,103
19910823,205,128
19910824,215,151
19910825,236,136
19910826,226,135
19910827,196,145
19910828,154,135
19910829,179,108
19910830,190,98
19910831,162,94
19910901,180,115
19910902,225,100
19910903,197,137
19910904,175,98
19910905,125,62
19910906,95,45
19910907,80,25
19910908,106,54
19910909,122,64
19910910,116,56
19910911,156,79
19910912,89,49
19910913,106,50
19910914,120,25
19910915,133,76
19910916,161,116
19910917,120,50
19910918,94,19
19910919,103,9
19910920,85,54
19910921,88,68
19910922,100,56
19910923,91,59
19910924,125,85
19910925,136,89
19910926,131,96
19910927,134,95
19910928,142,80
19910929,105,44
19910930,105,50
19911001,134,101
19911002,113,89
19911003,100,66
19911004,102,55
19911005,108,75
19911006,114,81
19911007,125,78
19911008,129,24
19911009,131,52
19911010,99,80
19911011,105,79
19911012,101,76
19911013,110,69
19911014,90,68
19911015,78,49
19911016,102,77
19911017,114,81
19911018,110,68
19911019,72,56
19911020,65,24
19911021,25,5
19911022,22,-3
19911023,27,-9
19911024,5,-10
19911025,16,-22
19911026,25,15
19911027,30,5
19911028,33,19
19911029,23,-1
19911030,20,-4
19911031,22,10
19911101,51,16
19911102,50,11
19911103,81,10
19911104,71,26
19911105,66,28
19911106,55,6
19911107,52,24
19911108,40,15
19911109,39,10
19911110,35,7
19911111,14,-29
19911112,30,-26
19911113,51,20
19911114,60,15
19911115,46,19
19911116,41,15
19911117,25,-9
19911118,2,-25
19911119,-2,-14
19911120,-10,-40
19911121,-14,-51
19911122,31,-20
19911123,22,-34
19911124,38,-10
19911125,50,30
19911126,51,45
19911127,49,37
19911128,44,36
19911129,69,39
19911130,46,-5
19911201,35,-20
19911202,40,12
19911203,22,-12
19911204,15,-59
19911205,-55,-119
19911206,-102,-149
19911207,-100,-155
19911208,-25,-150
19911209,5,-26
19911210,-3,-36
19911211,2,-34
19911212,5,-35
19911213,22,-11
19911214,8,-21
19911215,-17,-119
19911216,-35,-85
19911217,-11,-118
19911218,20,-12
19911219,-5,-19
19911220,15,-19
19911221,19,-8
19911222,16,-80
19911223,-9,-89
19911224,5,-39
19911225,-38,-155
19911226,-55,-101
19911227,-46,-93
19911228,-15,-92
19911229,21,-15
19911230,6,-25
19911231,-4,-149
19920101,-1,-124
19920102,16,-39
19920103,30,-78
19920104,21,-32
19920105,4,-48
19920106,-35,-59
19920107,-42,-105
19920108,-11,-51
19920109,-3,-77
19920110,-77,-230
19920111,20,-222
19920112,-2,-96
19920113,-60,-158
19920114,-92,-224
19920115,-37,-109
19920116,-29,-129
19920117,-98,-160
19920118,-67,-130
19920119,-124,-249
19920120,-70,-279
19920121,-15,-70
19920122,1,-70
19920123,-6,-50
19920124,-12,-44
19920125,-10,-61
19920126,16,-32
19920127,7,-41
19920128,62,7
19920129,44,-20
19920130,-20,-70
19920131,-13,-50
19920201,-21,-40
19920202,-2,-22
19920203,-7,-28
19920204,-5,-20
19920205,-18,-32
19920206,-26,-92
19920207,-14,-104
19920208,25,-14
19920209,5,-85
19920210,-20,-95
19920211,10,-21
19920212,10,-9
19920213,-2,-85
19920214,10,-85
19920215,-42,-84
19920216,-76,-130
19920217,-69,-114
19920218,-46,-95
19920219,-78,-160
19920220,-103,-221
19920221,-117,-240
19920222,-8,-148
19920223,0,-20
19920224,0,-80
19920225,5,-105
19920226,30,-26
19920227,19,-130
19920228,20,-20
19920229,46,-25
19920301,28,-40
19920302,27,-21
19920303,29,14
19920304,15,-38
19920305,-38,-140
19920306,-31,-160
19920307,16,-60
19920308,48,10
19920309,30,-62
19920310,41,0
19920311,56,5
19920312,40,15
19920313,20,1
19920314,16,4
19920315,12,-16
19920316,11,-66
19920317,25,-70
19920318,17,-6
19920319,27,15
19920320,49,-8
19920321,16,5
19920322,31,10
19920323,59,5
19920324,15,-15
19920325,12,-46
19920326,-10,-96
19920327,-11,-34
19920328,-3,-28
19920329,-6,-30
19920330,-10,-40
19920331,-16,-49
19920401,-12,-126
19920402,12,-145
19920403,25,-2
19920404,89,9
19920405,24,-3
19920406,26,2
19920407,2,-25
19920408,-24,-48
19920409,-8,-53
19920410,25,-112
19920411,44,-20
19920412,51,-20
19920413,44,-6
19920414,30,-16
19920415,24,-15
19920416,-13,-59
19920417,-14,-36
19920418,48,-100
19920419,30,-15
19920420,14,-9
19920421,0,-56
19920422,-20,-54
19920423,-5,-60
19920424,14,-55
19920425,48,-20
19920426,55,-19
19920427,90,-12
19920428,100,15
19920429,91,25
19920430,102,40
19920501,114,29
19920502,108,14
19920503,106,20
19920504,96,19
19920505,109,-19
19920506,98,40
19920507,106,35
19920508,108,9
19920509,112,14
19920510,85,25
19920511,110,-9
19920512,108,15
19920513,120,15
19920514,152,14
19920515,175,21
19920516,215,85
19920517,147,65
19920518,155,35
19920519,115,51
19920520,141,75
19920521,87,25
19920522,130,29
19920523,184,36
19920524,216,94
19920525,220,110
19920526,231,96
19920527,212,90
19920528,194,71
19920529,236,70
19920530,261,105
19920531,235,135
19920601,213,155
19920602,184,80
19920603,175,74
19920604,211,60
19920605,238,129
19920606,257,120
19920607,256,130
19920608,205,100
19920609,180,41
19920610,201,80
19920611,229,99
19920612,258,135
19920613,270,139
19920614,270,118
19920615,240,179
19920616,215,140
19920617,156,96
19920618,178,105
19920619,205,125
19920620,220,105
19920621,198,115
19920622,152,66
19920623,116,74
19920624,120,85
19920625,199,88
19920626,198,120
19920627,223,108
19920628,233,92
19920629,200,125
19920630,221,100
19920701,194,130
19920702,200,88
19920703,122,65
19920704,115,76
19920705,120,70
19920706,179,70
19920707,166,94
19920708,155,85
19920709,175,110
19920710,219,130
19920711,257,155
19920712,202,135
19920713,237,125
19920714,213,169
19920715,224,166
19920716,180,145
19920717,174,110
19920718,205,85
19920719,215,132
19920720,218,149
19920721,215,134
19920722,260,139
19920723,240,200
19920724,211,136
19920725,222,105
19920726,231,155
19920727,255,140
19920728,232,151
19920729,172,131
19920730,202,125
19920731,207,134
19920801,180,112
19920802,203,75
19920803,220,130
19920804,214,149
19920805,200,152
19920806,189,146
19920807,186,139
19920808,185,135
19920809,174,105
19920810,159,86
19920811,265,130
19920812,226,159
19920813,205,124
19920814,177,115
19920815,184,130
19920816,179,130
19920817,190,128
19920818,152,116
19920819,140,116
19920820,122,104
19920821,143,115
19920822,122,90
19920823,111,78
19920824,100,75
19920825,104,85
19920826,159,96
19920827,165,100
19920828,151,115
19920829,193,150
19920830,215,111
19920831,197,125
19920901,224,120
19920902,226,160
19920903,172,110
19920904,170,106
19920905,174,106
19920906,162,116
19920907,190,137
19920908,182,120
19920909,150,110
19920910,160,119
19920911,154,100
19920912,175,102
19920913,151,85
19920914,168,87
19920915,174,82
19920916,148,122
19920917,154,121
19920918,140,105
19920919,129,84
19920920,109,56
19920921,114,59
19920922,110,69
19920923,138,74
19920924,155,104
19920925,141,90
19920926,132,117
19920927,142,108
19920928,120,95
19920929,124,94
19920930,117,98
19921001,99,49
19921002,69,31
19921003,86,19
19921004,76,30
19921005,110,44
19921006,89,55
19921007,86,40
19921008,84,28
19921009,66,20
19921010,22,-16
19921011,16,-16
19921012,4,-25
19921013,-4,-44
19921014,-2,-65
19921015,-12,-35
19921016,1,-19
19921017,43,0
19921018,34,-4
19921019,-4,-26
19921020,11,-56
19921021,42,-20
19921022,-19,-75
19921023,-36,-76
19921024,-40,-91
19921025,-7,-50
19921026,-24,-99
19921027,-34,-91
19921028,-35,-70
19921029,-53,-96
19921030,-56,-80
19921031,-61,-87
19921101,-4,-87
19921102,34,-5
19921103,50,12
19921104,54,10
19921105,24,-21
19921106,0,-60
19921107,-1,-53
19921108,0,-89
19921109,-58,-145
19921110,6,-62
19921111,-1,-35
19921112,-13,-65
19921113,-1,-25
19921114,-7,-40
19921115,-8,-32
19921116,-10,-35
19921117,-30,-62
19921118,-26,-61
19921119,5,-42
19921120,10,4
19921121,4,-46
19921122,-45,-110
19921123,-79,-140
19921124,-87,-216
19921125,-67,-88
19921126,-60,-90
19921127,-68,-170
19921128,-153,-200
19921129,-176,-225
19921130,-36,-198
19921201,10,-37
19921202,48,0
19921203,38,-1
19921204,41,-1
19921205,32,4
19921206,21,10
19921207,15,-6
19921208,-5,-10
19921209,-8,-21
19921210,1,-20
19921211,35,-5
19921212,26,-1
19921213,0,-22
19921214,-22,-66
19921215,37,-45
19921216,45,20
19921217,37,22
19921218,25,-11
19921219,11,-19
19921220,27,-26
19921221,-26,-67
19921222,-40,-116
19921223,-32,-55
19921224,-12,-32
19921225,4,-15
19921226,37,-11
19921227,-10,-68
19921228,18,-86
19921229,22,-20
19921230,-14,-114
19921231,-112,-148
19930101,-6,-138
19930102,4,-8
19930103,10,-15
19930104,5,-46
19930105,-30,-59
19930106,20,-60
19930107,19,-15
19930108,-15,-81
19930109,0,-39
19930110,20,-36
19930111,44,-6
19930112,24,-5
19930113,6,-20
19930114,5,-16
19930115,2,-19
19930116,6,-45
19930117,6,-45
19930118,30,-24
19930119,12,-93
19930120,-60,-170
19930121,2,-61
19930122,7,-5
19930123,0,-42
19930124,-36,-181
19930125,-150,-235
19930126,-117,-241
19930127,-131,-227
19930128,-160,-240
19930129,-174,-215
19930130,-68,-206
19930131,-2,-70
19930201,35,-17
19930202,51,-14
19930203,12,-20
19930204,24,-4
19930205,14,-41
19930206,-25,-55
19930207,-43,-101
19930208,34,-66
19930209,42,-22
19930210,-20,-75
19930211,-24,-195
19930212,6,-24
19930213,-10,-40
19930214,-14,-45
19930215,15,-16
19930216,15,-23
19930217,-20,-101
19930218,-70,-140
19930219,-72,-230
19930220,-75,-111
19930221,-110,-191
19930222,-59,-251
19930223,-51,-91
19930224,-10,-54
19930225,-14,-87
19930226,-57,-126
19930227,-60,-110
19930228,-72,-97
19930301,-64,-158
19930302,-21,-165
19930303,-20,-44
19930304,-37,-56
19930305,-40,-66
19930306,-40,-105
19930307,-35,-114
19930308,-26,-160
19930309,6,-38
19930310,10,-67
19930311,-12,-117
19930312,0,-165
19930313,50,-124
19930314,82,19
19930315,75,1
19930316,51,10
19930317,34,-10
19930318,30,1
19930319,40,-52
19930320,18,-41
19930321,6,-56
19930322,30,4
19930323,60,-60
19930324,30,-14
19930325,38,-49
19930326,18,-45
19930327,12,-20
19930328,9,-29
19930329,29,-65
19930330,14,-25
19930331,19,5
19930401,29,10
19930402,44,-35
19930403,40,-30
19930404,4,-55
19930405,37,-75
19930406,20,-6
19930407,38,4
19930408,5,-41
19930409,-8,-90
19930410,16,-90
19930411,22,-51
19930412,26,-72
19930413,45,-11
19930414,18,-67
19930415,12,-81
19930416,41,-84
19930417,55,-46
19930418,62,14
19930419,40,-15
19930420,1,-43
19930421,36,-96
19930422,44,4
19930423,109,22
19930424,118,24
19930425,175,21
19930426,169,30
19930427,104,31
19930428,143,21
19930429,130,-6
19930430,175,18
19930501,205,15
19930502,205,28
19930503,205,25
19930504,165,72
19930505,175,51
19930506,157,50
19930507,195,51
19930508,225,35
19930509,195,88
19930510,163,58
19930511,148,65
19930512,194,69
19930513,209,75
19930514,229,89
19930515,255,92
19930516,235,115
19930517,200,124
19930518,219,70
19930519,245,100
19930520,231,98
19930521,178,65
19930522,120,45
19930523,125,65
19930524,182,94
19930525,146,45
19930526,72,26
19930527,77,25
19930528,90,20
19930529,125,7
19930530,135,37
19930531,160,24
19930601,179,100
19930602,162,87
19930603,172,104
19930604,121,64
19930605,100,59
19930606,115,76
19930607,141,64
19930608,101,61
19930609,98,64
19930610,118,55
19930611,106,36
19930612,95,60
19930613,136,60
19930614,115,80
19930615,115,90
19930616,171,90
19930617,165,100
19930618,159,100
19930619,176,90
19930620,179,75
19930621,161,115
19930622,162,84
19930623,146,80
19930624,164,95
19930625,182,70
19930626,186,126
19930627,164,90
19930628,145,71
19930629,181,61
19930630,170,90
19930701,125,85
19930702,182,85
19930703,221,106
19930704,230,110
19930705,200,126
19930706,136,110
19930707,132,102
19930708,115,65
19930709,156,80
19930710,216,121
19930711,224,126
19930712,210,135
19930713,198,155
19930714,195,150
19930715,166,130
19930716,157,135
19930717,228,144
19930718,223,140
19930719,195,120
19930720,205,145
19930721,222,135
19930722,200,155
19930723,206,139
19930724,210,134
19930725,185,155
19930726,179,142
19930727,200,131
19930728,184,130
19930729,172,95
19930730,211,149
19930731,187,130
19930801,235,178
19930802,204,135
19930803,221,125
19930804,230,138
19930805,191,150
19930806,208,136
19930807,198,120
19930808,155,126
19930809,156,116
19930810,200,121
19930811,225,135
19930812,192,139
19930813,207,110
19930814,175,118
19930815,180,115
19930816,186,95
19930817,170,120
19930818,162,110
19930819,155,104
19930820,159,115
19930821,159,98
19930822,155,95
19930823,169,109
19930824,127,106
19930825,145,105
19930826,114,70
19930827,135,90
19930828,117,93
19930829,101,80
19930830,107,70
19930831,96,58
19930901,110,25
19930902,115,95
19930903,110,81
19930904,106,74
19930905,114,72
19930906,116,58
19930907,113,49
19930908,121,41
19930909,96,40
19930910,94,30
19930911,115,15
19930912,91,60
19930913,81,48
19930914,58,15
19930915,80,10
19930916,75,39
19930917,75,13
19930918,95,-10
19930919,70,-1
19930920,98,10
19930921,105,79
19930922,112,76
19930923,112,52
19930924,60,18
19930925,68,-11
19930926,56,-26
19930927,57,5
19930928,46,20
19930929,53,1
19930930,69,-36
19931001,109,5
19931002,106,4
19931003,120,-6
19931004,80,28
19931005,92,71
19931006,95,79
19931007,121,80
19931008,87,45
19931009,47,39
19931010,45,29
19931011,40,26
19931012,56,21
19931013,112,19
19931014,112,15
19931015,28,-22
19931016,48,1
19931017,26,-5
19931018,26,-28
19931019,70,25
19931020,66,4
19931021,4,-41
19931022,0,-60
19931023,5,-65
19931024,12,-31
19931025,19,-9
19931026,-1,-35
19931027,8,-70
19931028,51,8
19931029,20,-27
19931030,32,-65
19931031,35,4
19931101,36,-3
19931102,28,0
19931103,20,-1
19931104,0,-15
19931105,1,-20
19931106,0,-11
19931107,-9,-12
19931108,0,-32
19931109,-32,-61
19931110,-48,-100
19931111,-36,-60
19931112,-50,-99
19931113,-59,-91
19931114,-65,-115
19931115,-68,-107
19931116,-81,-120
19931117,-68,-127
19931118,-56,-81
19931119,-58,-191
19931120,-142,-202
19931121,-110,-185
19931122,-120,-202
19931123,-55,-148
19931124,-39,-95
19931125,-56,-80
19931126,-10,-68
19931127,-11,-50
19931128,-35,-55
19931129,-48,-69
19931130,-58,-86
19931201,-63,-86
19931202,-77,-101
19931203,-90,-109
19931204,-63,-111
19931205,10,-64
19931206,16,-4
19931207,24,-31
19931208,21,5
19931209,7,-2
19931210,0,-29
19931211,-16,-39
19931212,-38,-54
19931213,-26,-65
19931214,-60,-154
19931215,-40,-118
19931216,-41,-105
19931217,-20,-66
19931218,-15,-35
19931219,6,-26
19931220,11,4
19931221,8,-22
19931222,-10,-40
19931223,-12,-45
19931224,-25,-66
19931225,-55,-176
19931226,-176,-225
19931227,-124,-185
19931228,-171,-254
19931229,-90,-217
19931230,-58,-100
19931231,-33,-59
19940101,-33,-91
19940102,-42,-65
19940103,-25,-63
19940104,-25,-90
19940105,-34,-102
19940106,-72,-126
19940107,-72,-151
19940108,3,-72
19940109,8,-114
19940110,-44,-115
19940111,-40,-120
19940112,-68,-125
19940113,10,-68
19940114,19,4
19940115,18,5
19940116,8,-5
19940117,0,-66
19940118,-66,-192
19940119,-155,-238
19940120,-68,-240
19940121,6,-69
19940122,29,-18
19940123,-17,-40
19940124,-30,-61
19940125,-38,-110
19940126,-95,-120
19940127,-78,-130
19940128,-58,-88
19940129,-88,-134
19940130,-134,-264
19940131,-184,-228
19940201,-207,-282
19940202,-210,-314
19940203,-185,-252
19940204,-174,-290
19940205,-132,-250
19940206,-139,-183
19940207,-101,-230
19940208,-116,-190
19940209,-134,-185
19940210,-185,-242
19940211,-240,-320
19940212,-200,-352
19940213,-102,-230
19940214,-100,-229
19940215,-40,-136
19940216,-52,-130
19940217,-46,-118
19940218,-94,-186
19940219,-87,-134
19940220,-92,-107
19940221,-78,-135
19940222,-45,-171
19940223,-54,-160
19940224,-70,-159
19940225,-50,-116
19940226,-64,-154
19940227,-86,-155
19940228,-90,-262
19940301,-49,-265
19940302,-43,-216
19940303,-40,-245
19940304,-38,-156
19940305,-15,-130
19940306,-29,-106
19940307,-32,-86
19940308,-13,-45
19940309,39,-16
19940310,20,-10
19940311,39,-5
19940312,22,0
19940313,25,6
19940314,9,-5
19940315,14,-9
19940316,10,-35
19940317,5,-31
19940318,19,-45
19940319,-1,-100
19940320,-26,-131
19940321,-15,-86
19940322,9,-155
19940323,9,-151
19940324,0,-22
19940325,-1,-36
19940326,-35,-66
19940327,-62,-146
19940328,-10,-225
19940329,25,-91
19940330,36,-25
19940331,84,-60
19940401,56,-59
19940402,30,9
19940403,35,12
19940404,50,12
19940405,81,-15
19940406,70,12
19940407,51,-6
19940408,66,19
19940409,44,9
19940410,69,-11
19940411,86,-41
19940412,102,-35
19940413,120,-40
19940414,90,9
19940415,60,27
19940416,37,9
19940417,40,-5
19940418,25,3
19940419,6,-20
19940420,39,-13
19940421,80,-38
19940422,120,-16
19940423,138,1
19940424,105,14
19940425,152,-10
19940426,149,13
19940427,185,59
19940428,132,60
19940429,142,50
19940430,110,29
19940501,75,19
19940502,56,-5
19940503,68,-5
19940504,104,-25
19940505,150,-10
19940506,145,15
19940507,146,13
19940508,175,10
19940509,212,34
19940510,216,59
19940511,186,80
19940512,140,44
19940513,71,-15
19940514,101,-10
19940515,101,31
19940516,102,48
19940517,101,6
19940518,89,-5
19940519,115,25
19940520,113,30
19940521,81,28
19940522,55,11
19940523,89,15
19940524,124,-7
19940525,142,35
19940526,156,85
19940527,110,45
19940528,95,10
19940529,112,25
19940530,112,56
19940531,127,73
19940601,127,71
19940602,163,70
19940603,178,100
19940604,144,108
19940605,161,90
19940606,195,62
19940607,168,106
19940608,191,85
19940609,192,102
19940610,165,120
19940611,190,99
19940612,194,90
19940613,165,96
19940614,201,85
19940615,185,89
19940616,150,48
19940617,147,55
19940618,182,60
19940619,174,107
19940620,175,74
19940621,217,99
19940622,202,109
19940623,135,100
19940624,216,111
19940625,180,120
19940626,181,102
19940627,165,125
19940628,201,110
19940629,202,125
19940630,245,100
19940701,208,145
19940702,216,139
19940703,225,126
19940704,201,139
19940705,150,90
19940706,195,94
19940707,241,115
19940708,218,121
19940709,268,110
19940710,278,174
19940711,260,180
19940712,250,175
19940713,291,140
19940714,295,200
19940715,262,169
19940716,258,170
19940717,208,155
19940718,194,150
19940719,165,135
19940720,137,110
19940721,220,129
19940722,204,121
19940723,210,105
19940724,225,106
19940725,221,130
19940726,260,119
19940727,250,179
19940728,268,157
19940729,280,165
19940730,286,155
19940731,276,185
19940801,270,182
19940802,262,170
19940803,250,149
19940804,276,149
19940805,256,169
19940806,275,160
19940807,235,165
19940808,201,130
19940809,231,110
19940810,216,135
19940811,205,150
19940812,210,141
19940813,186,155
19940814,185,144
19940815,165,135
19940816,150,116
19940817,145,80
19940818,148,57
19940819,126,75
19940820,154,105
19940821,161,95
19940822,174,80
19940823,185,129
19940824,179,115
19940825,175,75
19940826,184,100
19940827,195,129
19940828,205,144
19940829,165,101
19940830,165,110
19940831,124,70
19940901,152,35
19940902,175,90
19940903,161,89
19940904,131,105
19940905,144,100
19940906,165,125
19940907,137,104
19940908,104,73
19940909,108,51
19940910,155,90
19940911,176,84
19940912,127,105
19940913,160,100
19940914,160,106
19940915,135,109
19940916,160,116
19940917,139,109
19940918,122,95
19940919,113,85
19940920,105,85
19940921,126,90
19940922,115,65
19940923,168,75
19940924,150,65
19940925,136,69
19940926,120,30
19940927,120,74
19940928,100,67
19940929,95,59
19940930,77,51
19941001,102,32
19941002,46,14
19941003,57,0
19941004,109,24
19941005,75,19
19941006,79,-4
19941007,100,50
19941008,100,88
19941009,93,59
19941010,100,68
19941011,87,50
19941012,75,46
19941013,54,16
19941014,106,10
19941015,102,4
19941016,22,-25
19941017,16,-29
19941018,17,-10
19941019,1,-39
19941020,6,-72
19941021,49,-5
19941022,60,15
19941023,42,-5
19941024,45,4
19941025,64,25
19941026,55,39
19941027,71,40
19941028,71,60
19941029,62,44
19941030,51,30
19941031,46,20
19941101,31,15
19941102,25,-4
19941103,-3,-62
19941104,6,-57
19941105,30,-15
19941106,54,7
19941107,8,-50
19941108,-24,-40
19941109,-25,-54
19941110,-45,-100
19941111,-74,-106
19941112,-45,-81
19941113,-28,-50
19941114,2,-45
19941115,40,-46
19941116,38,-32
19941117,-30,-69
19941118,-24,-70
19941119,-22,-50
19941120,-1,-30
19941121,10,-5
19941122,11,-15
19941123,29,9
19941124,74,10
19941125,11,-90
19941126,-57,-110
19941127,5,-60
19941128,19,-5
19941129,4,-20
19941130,-6,-103
19941201,-7,-135
19941202,20,-65
19941203,-6,-32
19941204,-5,-45
19941205,8,-26
19941206,9,-5
19941207,0,-21
19941208,-4,-17
19941209,-16,-30
19941210,-15,-42
19941211,5,-40
19941212,8,-5
19941213,-4,-29
19941214,-28,-50
19941215,-39,-75
19941216,-73,-209
19941217,-203,-250
19941218,-120,-245
19941219,-91,-125
19941220,-55,-92
19941221,-41,-60
19941222,-5,-45
19941223,6,-30
19941224,20,1
19941225,34,1
19941226,30,0
19941227,1,-37
19941228,-25,-50
19941229,-15,-91
19941230,37,-36
19941231,13,-20
19950101,16,-10
19950102,7,-45
19950103,-44,-136
19950104,-9,-140
19950105,0,-30
19950106,-16,-45
19950107,-18,-64
19950108,5,-50
19950109,-2,-30
19950110,2,-32
19950111,-31,-75
19950112,-70,-95
19950113,-81,-96
19950114,-56,-125
19950115,-5,-66
19950116,0,-110
19950117,18,-5
19950118,5,-75
19950119,-60,-129
19950120,-65,-129
19950121,-53,-111
19950122,-46,-116
19950123,-35,-85
19950124,12,-56
19950125,11,-25
19950126,5,-17
19950127,-2,-30
19950128,-20,-68
19950129,-45,-85
19950130,-45,-120
19950131,-115,-195
19950201,-90,-270
19950202,15,-100
19950203,-8,-130
19950204,20,-120
19950205,20,-70
19950206,7,-148
19950207,1,-118
19950208,-82,-144
19950209,-46,-139
19950210,-34,-80
19950211,-55,-98
19950212,-18,-72
19950213,6,-70
19950214,15,-1
19950215,26,9
19950216,23,5
19950217,25,4
19950218,20,4
19950219,12,1
19950220,15,-5
19950221,12,0
19950222,6,-5
19950223,10,-15
19950224,12,-15
19950225,15,-5
19950226,2,-30
19950227,-5,-41
19950228,1,-64
19950301,20,-19
19950302,26,-20
19950303,21,-21
19950304,26,-50
19950305,12,-6
19950306,5,-22
19950307,30,-15
19950308,17,-20
19950309,16,-14
19950310,10,-1
19950311,18,2
19950312,8,-10
19950313,-8,-31
19950314,-10,-61
19950315,13,-55
19950316,5,-40
19950317,-2,-35
19950318,10,-25
19950319,16,-20
19950320,29,3
19950321,15,-12
19950322,20,-49
19950323,15,-85
19950324,35,12
19950325,28,3
19950326,19,-45
19950327,12,-100
19950328,-3,-30
19950329,11,-66
19950330,5,-79
19950331,16,-172
19950401,34,-84
19950402,21,-47
19950403,31,-84
19950404,37,-121
19950405,45,-38
19950406,42,-102
19950407,42,-91
19950408,30,-56
19950409,15,-21
19950410,20,0
19950411,21,-1
19950412,49,0
19950413,80,-41
19950414,74,-10
19950415,66,4
19950416,122,14
19950417,52,28
19950418,54,10
19950419,108,4
19950420,132,10
19950421,110,50
19950422,111,-6
19950423,131,5
19950424,115,15
19950425,61,-20
19950426,36,-15
19950427,41,-26
19950428,44,-15
19950429,25,-10
19950430,4,-15
19950501,15,-49
19950502,50,-74
19950503,85,9
19950504,61,15
19950505,81,19
19950506,92,4
19950507,105,19
19950508,50,14
19950509,55,-16
19950510,42,-20
19950511,51,-25
19950512,50,-30
19950513,71,-36
19950514,52,4
19950515,95,14
19950516,100,11
19950517,90,22
19950518,187,25
19950519,216,114
19950520,198,111
19950521,168,89
19950522,175,95
19950523,142,95
19950524,171,39
19950525,176,44
19950526,255,104
19950527,219,125
19950528,218,121
19950529,266,115
19950530,275,150
19950531,280,159
19950601,215,110
19950602,250,151
19950603,251,151
19950604,211,135
19950605,195,160
19950606,175,91
19950607,226,76
19950608,227,146
19950609,247,145
19950610,222,154
19950611,202,161
19950612,264,140
19950613,235,145
19950614,265,150
19950615,298,165
19950616,252,170
19950617,230,151
19950618,197,152
19950619,192,130
19950620,195,110
19950621,185,106
19950622,212,127
19950623,206,146
19950624,163,154
19950625,241,145
19950626,235,108
19950627,184,117
19950628,185,100
19950629,164,108
19950630,135,90
19950701,146,105
19950702,128,98
19950703,182,78
19950704,167,115
19950705,161,110
19950706,169,105
19950707,166,128
19950708,221,139
19950709,201,134
19950710,175,95
19950711,192,97
19950712,165,88
19950713,187,99
19950714,175,98
19950715,175,85
19950716,178,80
19950717,214,115
19950718,206,114
19950719,194,153
19950720,195,143
19950721,205,135
19950722,215,151
19950723,196,120
19950724,211,134
19950725,184,138
19950726,189,111
19950727,212,95
19950728,256,160
19950729,253,151
19950730,229,156
19950731,210,134
19950801,235,104
19950802,262,144
19950803,260,158
19950804,213,145
19950805,182,105
19950806,221,101
19950807,205,160
19950808,172,104
19950809,152,104
19950810,167,120
19950811,139,90
19950812,140,90
19950813,148,91
19950814,191,124
19950815,195,104
19950816,222,100
19950817,230,159
19950818,245,162
19950819,215,149
19950820,160,105
19950821,165,89
19950822,194,75
19950823,190,155
19950824,220,117
19950825,196,140
19950826,200,135
19950827,181,115
19950828,190,110
19950829,179,95
19950830,200,132
19950831,182,140
19950901,160,130
19950902,202,110
19950903,184,140
19950904,222,149
19950905,197,108
19950906,176,149
19950907,166,125
19950908,152,90
19950909,129,95
19950910,118,95
19950911,121,84
19950912,111,74
19950913,100,53
19950914,116,44
19950915,100,65
19950916,116,15
19950917,136,20
19950918,120,52
19950919,135,39
19950920,137,42
19950921,140,65
19950922,145,74
19950923,135,74
19950924,130,71
19950925,135,101
19950926,130,99
19950927,130,90
19950928,130,45
19950929,87,20
19950930,105,65
19951001,100,69
19951002,90,39
19951003,97,30
19951004,135,55
19951005,126,96
19951006,153,90
19951007,120,91
19951008,118,95
19951009,126,74
19951010,145,80
19951011,130,40
19951012,111,70
19951013,124,82
19951014,91,38
19951015,64,-8
19951016,90,30
19951017,115,89
19951018,116,94
19951019,106,75
19951020,76,10
19951021,20,-10
19951022,15,-35
19951023,80,0
19951024,85,75
19951025,87,50
19951026,97,58
19951027,100,73
19951028,106,73
19951029,78,-15
19951030,45,-21
19951031,28,-53
19951101,-18,-85
19951102,-16,-60
19951103,-38,-46
19951104,-15,-46
19951105,-11,-80
19951106,14,-23
19951107,-4,-69
19951108,-3,-84
19951109,4,-45
19951110,15,3
19951111,5,-30
19951112,-23,-80
19951113,38,-54
19951114,23,-40
19951115,30,-10
19951116,7,-60
19951117,-32,-65
19951118,-32,-48
19951119,-44,-80
19951120,-62,-123
19951121,0,-140
19951122,16,-9
19951123,26,-10
19951124,35,-6
19951125,20,-12
19951126,-12,-74
19951127,-73,-116
19951128,-115,-212
19951129,-45,-225
19951130,-19,-65
19951201,0,-30
19951202,-29,-89
19951203,-88,-150
19951204,-131,-174
19951205,-55,-140
19951206,-29,-105
19951207,-40,-109
19951208,-39,-48
19951209,-31,-71
19951210,-1,-32
19951211,-16,-69
19951212,-42,-128
19951213,-5,-50
19951214,-35,-140
19951215,-10,-144
19951216,21,-144
19951217,30,-35
19951218,-26,-160
19951219,-154,-190
19951220,-100,-163
19951221,-110,-206
19951222,-192,-295
19951223,-214,-272
19951224,-154,-235
19951225,-160,-300
19951226,-100,-245
19951227,-184,-268
19951228,-101,-242
19951229,-85,-140
19951230,-60,-110
19951231,-71,-106
19960101,-71,-126
19960102,-59,-72
19960103,-58,-165
19960104,-110,-190
19960105,-95,-165
19960106,-97,-180
19960107,-60,-98
19960108,-44,-105
19960109,-83,-150
19960110,-65,-100
19960111,-60,-68
19960112,-32,-96
19960113,-49,-90
19960114,-9,-50
19960115,5,-10
19960116,3,-10
19960117,-6,-22
19960118,-14,-27
19960119,-15,-40
19960120,-28,-41
19960121,-29,-56
19960122,-55,-81
19960123,-75,-95
19960124,-70,-182
19960125,-182,-220
19960126,-195,-245
19960127,-180,-280
19960128,-76,-200
19960129,-38,-77
19960130,-10,-68
19960131,-19,-90
19960201,-25,-95
19960202,-58,-168
19960203,-95,-240
19960204,-91,-155
19960205,-125,-161
19960206,-154,-235
19960207,-105,-155
19960208,-118,-243
19960209,-209,-332
19960210,-140,-300
19960211,-136,-239
19960212,-136,-269
19960213,-104,-180
19960214,-91,-135
19960215,-86,-136
19960216,-79,-100
19960217,-86,-189
19960218,-166,-239
19960219,-136,-295
19960220,-168,-301
19960221,-150,-286
19960222,-91,-195
19960223,-41,-92
19960224,-36,-69
19960225,12,-70
19960226,9,-16
19960227,13,-20
19960228,-4,-62
19960229,-44,-71
19960301,-19,-45
19960302,-34,-62
19960303,-48,-142
19960304,-52,-185
19960305,-22,-72
19960306,-31,-131
19960307,-35,-210
19960308,46,-83
19960309,52,-86
19960310,35,-145
19960311,0,-176
19960312,5,-150
19960313,10,-169
19960314,24,-91
19960315,20,-66
19960316,0,-66
19960317,-6,-96
19960318,-6,-45
19960319,-4,-95
19960320,30,-125
19960321,10,-156
19960322,42,-171
19960323,57,-140
19960324,54,-162
19960325,54,-178
19960326,26,-72
19960327,12,-30
19960328,-3,-139
19960329,22,-22
19960330,10,-70
19960331,-8,-35
19960401,7,-42
19960402,16,-31
19960403,35,-10
19960404,52,-81
19960405,68,-95
19960406,105,-45
19960407,106,-44
19960408,120,-30
19960409,81,12
19960410,28,-34
19960411,0,-74
19960412,12,-79
19960413,55,-51
19960414,55,-45
19960415,50,-15
19960416,41,-25
19960417,8,-22
19960418,42,-25
19960419,30,-15
19960420,102,6
19960421,128,-6
19960422,116,25
19960423,85,40
19960424,41,-15
19960425,25,-55
19960426,12,-15
19960427,30,-9
19960428,55,-5
19960429,66,22
19960430,90,-19
19960501,105,11
19960502,134,-16
19960503,94,20
19960504,205,11
19960505,165,49
19960506,76,40
19960507,81,26
19960508,98,1
19960509,115,-30
19960510,81,34
19960511,167,19
19960512,190,34
19960513,216,35
19960514,218,55
19960515,74,9
19960516,60,1
19960517,50,8
19960518,44,20
19960519,82,25
19960520,114,10
19960521,138,6
19960522,125,49
19960523,175,5
19960524,150,55
19960525,130,39
19960526,115,85
19960527,148,90
19960528,169,78
19960529,142,85
19960530,142,79
19960531,180,50
19960601,172,76
19960602,165,120
19960603,182,109
19960604,185,110
19960605,185,94
19960606,175,104
19960607,170,120
19960608,195,109
19960609,225,104
19960610,215,104
19960611,236,97
19960612,235,161
19960613,186,135
19960614,152,101
19960615,130,99
19960616,126,65
19960617,145,54
19960618,175,70
19960619,160,112
19960620,165,110
19960621,146,112
19960622,172,100
19960623,187,95
19960624,196,95
19960625,160,88
19960626,144,87
19960627,172,105
19960628,193,89
19960629,192,108
19960630,184,90
19960701,206,128
19960702,164,125
19960703,180,110
19960704,164,109
19960705,157,120
19960706,195,128
19960707,187,140
19960708,200,114
19960709,188,101
19960710,220,160
19960711,186,139
19960712,187,124
19960713,205,139
19960714,155,136
19960715,148,115
19960716,136,100
19960717,132,90
19960718,134,85
19960719,136,75
19960720,136,61
19960721,185,50
19960722,190,84
19960723,197,105
19960724,225,108
19960725,231,161
19960726,210,119
19960727,214,140
19960728,205,111
19960729,190,135
19960730,168,115
19960731,180,125
19960801,215,104
19960802,210,130
19960803,191,122
19960804,172,114
19960805,185,124
19960806,174,124
19960807,221,95
19960808,238,115
19960809,250,125
19960810,238,148
19960811,241,130
19960812,237,148
19960813,244,125
19960814,235,140
19960815,245,135
19960816,241,168
19960817,255,140
19960818,245,185
19960819,226,172
19960820,255,167
19960821,258,175
19960822,226,165
19960823,188,135
19960824,201,105
19960825,220,85
19960826,216,77
19960827,237,109
19960828,222,132
19960829,230,141
19960830,234,109
19960831,245,130
19960901,248,140
19960902,224,154
19960903,182,120
19960904,153,110
19960905,110,80
19960906,121,70
19960907,121,88
19960908,125,86
19960909,101,70
19960910,102,65
19960911,116,52
19960912,85,63
19960913,120,55
19960914,115,75
19960915,110,70
19960916,115,56
19960917,125,65
19960918,150,39
19960919,112,26
19960920,71,35
19960921,98,16
19960922,125,70
19960923,106,29
19960924,122,86
19960925,105,65
19960926,98,25
19960927,105,20
19960928,88,19
19960929,100,34
19960930,67,39
19961001,122,41
19961002,128,65
19961003,114,35
19961004,96,50
19961005,125,81
19961006,106,70
19961007,115,94
19961008,119,103
19961009,114,95
19961010,110,60
19961011,78,31
19961012,100,49
19961013,95,38
19961014,62,-15
19961015,46,-35
19961016,28,4
19961017,58,-21
19961018,49,-11
19961019,60,24
19961020,67,40
19961021,50,42
19961022,52,42
19961023,46,34
19961024,54,-18
19961025,66,25
19961026,92,45
19961027,60,44
19961028,57,20
19961029,58,25
19961030,45,25
19961031,42,12
19961101,20,-6
19961102,19,-6
19961103,54,-4
19961104,89,54
19961105,73,30
19961106,92,60
19961107,66,38
19961108,46,20
19961109,35,0
19961110,40,19
19961111,30,-10
19961112,22,-21
19961113,75,-10
19961114,73,-33
19961115,47,-30
19961116,64,45
19961117,54,25
19961118,51,36
19961119,60,40
19961120,75,50
19961121,74,24
19961122,55,25
19961123,49,25
19961124,38,18
19961125,18,-2
19961126,6,-32
19961127,-20,-45
19961128,6,-22
19961129,28,5
19961130,21,-16
19961201,35,-25
19961202,31,5
19961203,24,4
19961204,12,4
19961205,18,8
19961206,21,4
19961207,25,1
19961208,18,0
19961209,44,14
19961210,46,-3
19961211,-3,-70
19961212,0,-76
19961213,10,-1
19961214,8,-73
19961215,-73,-102
19961216,-84,-148
19961217,-112,-155
19961218,-111,-149
19961219,-119,-165
19961220,-66,-132
19961221,-130,-188
19961222,-158,-184
19961223,-165,-225
19961224,-180,-231
19961225,-220,-260
19961226,-102,-282
19961227,-22,-102
19961228,-9,-34
19961229,-34,-65
19961230,-58,-190
19961231,-106,-220
19970101,-70,-132
19970102,-72,-140
19970103,-29,-111
19970104,-111,-184
19970105,-159,-235
19970106,-91,-225
19970107,-15,-92
19970108,-82,-206
19970109,-52,-200
19970110,-51,-148
19970111,-146,-223
19970112,-110,-239
19970113,-12,-111
19970114,10,-46
19970115,31,-107
19970116,33,-48
19970117,-48,-127
19970118,-58,-97
19970119,4,-64
19970120,4,-210
19970121,-2,-226
19970122,43,-2
19970123,1,-31
19970124,-15,-70
19970125,-67,-171
19970126,-51,-170
19970127,-2,-52
19970128,0,-88
19970129,-88,-200
19970130,16,-192
19970131,16,-72
19970201,-56,-95
19970202,-79,-171
19970203,-14,-85
19970204,9,-40
19970205,11,-30
19970206,-21,-106
19970207,31,-200
19970208,37,-39
19970209,-20,-196
19970210,-70,-205
19970211,-30,-99
19970212,0,-50
19970213,-34,-86
19970214,-55,-155
19970215,-134,-165
19970216,-118,-168
19970217,-80,-121
19970218,-70,-221
19970219,-65,-224
19970220,-30,-155
19970221,-30,-52
19970222,-28,-44
19970223,15,-44
19970224,35,15
19970225,45,24
19970226,45,5
19970227,18,-2
19970228,10,-50
19970301,22,-45
19970302,28,-1
19970303,37,5
19970304,15,-16
19970305,31,-14
19970306,22,-80
19970307,55,-25
19970308,36,-26
19970309,62,-12
19970310,85,19
19970311,41,-25
19970312,62,20
19970313,40,0
19970314,15,-38
19970315,-14,-70
19970316,-30,-129
19970317,-28,-100
19970318,-35,-105
19970319,-50,-91
19970320,-54,-121
19970321,-48,-130
19970322,-38,-125
19970323,-32,-187
19970324,-40,-175
19970325,-40,-188
19970326,-30,-185
19970327,-35,-60
19970328,-5,-37
19970329,13,-6
19970330,22,-25
19970331,70,-19
19970401,76,18
19970402,55,15
19970403,45,-19
19970404,36,-2
19970405,-2,-60
19970406,-8,-65
19970407,16,-102
19970408,15,-100
19970409,30,-115
19970410,30,-29
19970411,11,-8
19970412,-8,-56
19970413,-20,-126
19970414,20,-21
19970415,25,-35
19970416,98,-19
19970417,74,-2
19970418,20,-20
19970419,32,-60
19970420,16,-34
19970421,59,-45
19970422,52,-19
19970423,49,-10
19970424,50,-26
19970425,64,-45
19970426,41,-20
19970427,81,-33
19970428,106,-20
19970429,94,4
19970430,56,20
19970501,35,15
19970502,80,-1
19970503,80,16
19970504,56,17
19970505,95,5
19970506,92,-20
19970507,136,20
19970508,135,15
19970509,171,35
19970510,137,65
19970511,131,42
19970512,194,44
19970513,195,84
19970514,185,85
19970515,162,79
19970516,116,60
19970517,84,41
19970518,116,5
19970519,68,18
19970520,44,-1
19970521,80,-18
19970522,85,0
19970523,80,20
19970524,89,5
19970525,98,15
19970526,115,16
19970527,135,24
19970528,151,35
19970529,130,46
19970530,136,56
19970531,179,39
19970601,166,61
19970602,187,86
19970603,175,74
19970604,123,30
19970605,159,15
19970606,210,46
19970607,250,79
19970608,258,95
19970609,275,111
19970610,242,149
19970611,258,146
19970612,248,155
19970613,244,149
19970614,240,100
19970615,225,145
19970616,200,106
19970617,165,76
19970618,169,104
19970619,191,105
19970620,180,110
19970621,202,75
19970622,215,119
19970623,190,118
19970624,174,124
19970625,180,125
19970626,160,120
19970627,212,120
19970628,225,115
19970629,230,120
19970630,215,130
19970701,270,160
19970702,290,142
19970703,279,169
19970704,255,189
19970705,230,180
19970706,232,162
19970707,250,125
19970708,260,169
19970709,220,135
19970710,179,109
19970711,175,144
19970712,162,106
19970713,192,119
19970714,188,90
19970715,199,85
19970716,200,82
19970717,192,74
19970718,224,89
19970719,250,124
19970720,264,119
19970721,280,135
19970722,280,160
19970723,265,165
19970724,270,169
19970725,251,160
19970726,258,150
19970727,235,169
19970728,229,176
19970729,210,160
19970730,196,160
19970731,201,159
19970801,225,135
19970802,225,166
19970803,241,141
19970804,252,128
19970805,235,160
19970806,256,152
19970807,260,155
19970808,274,149
19970809,275,164
19970810,271,190
19970811,246,138
19970812,205,105
19970813,182,125
19970814,127,94
19970815,112,84
19970816,152,90
19970817,171,70
19970818,203,70
19970819,245,94
19970820,224,129
19970821,227,125
19970822,264,141
19970823,240,169
19970824,225,155
19970825,196,116
19970826,181,105
19970827,270,134
19970828,247,140
19970829,215,149
19970830,215,130
19970831,187,112
19970901,160,84
19970902,146,42
19970903,172,45
19970904,180,57
19970905,191,97
19970906,207,106
19970907,174,131
19970908,164,123
19970909,140,110
19970910,157,94
19970911,147,70
19970912,162,86
19970913,160,105
19970914,150,102
19970915,130,104
19970916,118,49
19970917,144,100
19970918,114,79
19970919,100,65
19970920,114,49
19970921,100,44
19970922,70,38
19970923,72,9
19970924,60,12
19970925,142,0
19970926,121,89
19970927,94,48
19970928,94,54
19970929,85,40
19970930,105,65
19971001,92,50
19971002,66,31
19971003,65,9
19971004,68,4
19971005,61,35
19971006,75,5
19971007,55,15
19971008,58,21
19971009,70,20
19971010,70,38
19971011,45,25
19971012,89,41
19971013,76,29
19971014,33,-5
19971015,32,16
19971016,22,6
19971017,30,6
19971018,50,9
19971019,100,43
19971020,55,14
19971021,25,-11
19971022,22,-30
19971023,-5,-52
19971024,-12,-28
19971025,-24,-59
19971026,-15,-58
19971027,-18,-66
19971028,-15,-56
19971029,18,-70
19971030,20,-6
19971031,44,15
19971101,54,0
19971102,0,-31
19971103,-9,-48
19971104,-25,-60
19971105,-48,-98
19971106,-30,-49
19971107,3,-38
19971108,36,2
19971109,50,25
19971110,38,-22
19971111,-21,-44
19971112,-28,-46
19971113,20,-29
19971114,65,20
19971115,34,16
19971116,23,9
19971117,10,-66
19971118,-28,-85
19971119,-34,-54
19971120,-20,-35
19971121,-30,-80
19971122,6,-32
19971123,0,-11
19971124,-9,-15
19971125,-3,-20
19971126,-17,-25
19971127,-24,-71
19971128,-55,-74
19971129,-44,-80
19971130,-40,-68
19971201,-68,-130
19971202,-98,-120
19971203,-93,-122
19971204,-106,-220
19971205,-88,-196
19971206,-25,-95
19971207,-15,-131
19971208,0,-110
19971209,6,-4
19971210,2,-6
19971211,-5,-49
19971212,-49,-90
19971213,-54,-72
19971214,-72,-180
19971215,-114,-251
19971216,-1,-114
19971217,17,-1
19971218,16,-105
19971219,-14,-106
19971220,-10,-137
19971221,-50,-170
19971222,-27,-75
19971223,-30,-70
19971224,-32,-52
19971225,-40,-52
19971226,-44,-65
19971227,-53,-88
19971228,-83,-96
19971229,-35,-135
19971230,-30,-110
19971231,-55,-98
19980101,-61,-81
19980102,-60,-82
19980103,-20,-60
19980104,3,-24
19980105,11,2
19980106,7,-1
19980107,7,2
19980108,4,-25
19980109,-25,-62
19980110,-60,-90
19980111,16,-60
19980112,6,-79
19980113,-79,-110
19980114,-33,-97
19980115,6,-34
19980116,22,4
19980117,13,5
19980118,10,4
19980119,7,-10
19980120,0,-34
19980121,-34,-103
19980122,0,-65
19980123,13,-2
19980124,-2,-90
19980125,-35,-151
19980126,17,-35
19980127,26,-13
19980128,-13,-143
19980129,-135,-204
19980130,-90,-182
19980131,-134,-180
19980201,-180,-255
19980202,-157,-255
19980203,-160,-195
19980204,-178,-216
19980205,-195,-229
19980206,-195,-254
19980207,-95,-269
19980208,4,-96
19980209,-5,-176
19980210,28,-120
19980211,20,-14
19980212,-14,-136
19980213,-136,-246
19980214,-105,-210
19980215,-100,-264
19980216,-20,-100
19980217,-56,-256
19980218,-65,-303
19980219,45,-66
19980220,-11,-201
19980221,42,-55
19980222,37,15
19980223,29,-5
19980224,13,-150
19980225,-110,-211
19980226,34,-112
19980227,25,-12
19980228,21,-10
19980301,9,-54
19980302,-54,-152
19980303,-35,-206
19980304,-55,-155
19980305,-55,-107
19980306,-65,-186
19980307,-80,-242
19980308,-56,-276
19980309,-64,-110
19980310,-70,-140
19980311,-60,-180
19980312,-60,-260
19980313,-79,-130
19980314,-60,-124
19980315,-70,-178
19980316,-36,-246
19980317,14,-170
19980318,5,-79
19980319,5,-79
19980320,19,-175
19980321,16,-177
19980322,30,-177
19980323,36,-175
19980324,42,-160
19980325,42,-134
19980326,29,-23
19980327,55,-25
19980328,78,-65
19980329,61,-106
19980330,71,-1
19980331,29,-99
19980401,-45,-171
19980402,-68,-176
19980403,-15,-200
19980404,9,-111
19980405,38,-164
19980406,52,-30
19980407,50,-144
19980408,-4,-49
19980409,-5,-161
19980410,8,-180
19980411,1,-69
19980412,2,-126
19980413,22,-91
19980414,20,-80
19980415,21,-135
19980416,48,-74
19980417,77,-60
19980418,70,-15
19980419,70,20
19980420,49,12
19980421,78,5
19980422,115,9
19980423,60,-29
19980424,91,-20
19980425,109,-32
19980426,150,-15
19980427,108,55
19980428,90,35
19980429,168,22
19980430,182,30
19980501,205,24
19980502,164,48
19980503,125,29
19980504,74,20
19980505,110,14
19980506,76,45
19980507,100,30
19980508,117,39
19980509,143,60
19980510,161,9
19980511,180,76
19980512,126,41
19980513,116,35
19980514,102,20
19980515,145,24
19980516,205,49
19980517,225,87
19980518,225,85
19980519,204,88
19980520,120,59
19980521,118,15
19980522,140,45
19980523,116,50
19980524,80,40
19980525,95,45
19980526,81,20
19980527,114,35
19980528,166,30
19980529,138,65
19980530,110,44
19980531,129,20
19980601,108,54
19980602,96,60
19980603,138,86
19980604,191,80
19980605,185,119
19980606,152,81
19980607,180,40
19980608,225,87
19980609,222,150
19980610,222,134
19980611,230,135
19980612,265,169
19980613,221,164
19980614,230,125
19980615,237,149
19980616,281,195
19980617,221,124
19980618,175,122
19980619,172,100
19980620,157,136
19980621,154,114
19980622,117,95
19980623,150,90
19980624,126,60
19980625,130,69
19980626,144,95
19980627,191,85
19980628,217,83
19980629,208,104
19980630,209,110
19980701,200,120
19980702,215,90
19980703,221,119
19980704,215,130
19980705,185,123
19980706,215,115
19980707,214,131
19980708,237,134
19980709,237,141
19980710,240,148
19980711,231,131
19980712,246,160
19980713,209,159
19980714,220,125
19980715,202,135
19980716,184,140
19980717,204,139
19980718,186,125
19980719,194,155
19980720,181,130
19980721,173,126
19980722,228,145
19980723,206,155
19980724,232,133
19980725,227,151
19980726,196,158
19980727,175,122
19980728,187,127
19980729,164,104
19980730,181,157
19980731,190,135
19980801,209,135
19980802,205,140
19980803,210,145
19980804,175,120
19980805,181,125
19980806,185,124
19980807,201,119
19980808,190,121
19980809,170,120
19980810,175,125
19980811,190,95
19980812,155,105
19980813,169,74
19980814,130,100
19980815,156,105
19980816,156,115
19980817,162,115
19980818,160,104
19980819,158,110
19980820,175,100
19980821,160,120
19980822,165,141
19980823,159,121
19980824,166,122
19980825,180,120
19980826,141,115
19980827,145,90
19980828,165,122
19980829,150,100
19980830,128,95
19980831,116,75
19980901,119,80
19980902,145,69
19980903,127,74
19980904,121,70
19980905,150,105
19980906,165,94
19980907,150,100
19980908,169,70
19980909,200,114
19980910,176,130
19980911,185,140
19980912,174,139
19980913,195,139
19980914,195,116
19980915,160,126
19980916,155,115
19980917,135,99
19980918,155,110
19980919,156,105
19980920,128,69
19980921,145,64
19980922,146,102
19980923,115,54
19980924,95,34
19980925,79,39
19980926,77,35
19980927,100,26
19980928,70,55
19980929,78,52
19980930,61,8
19981001,62,15
19981002,80,-16
19981003,74,-11
19981004,100,49
19981005,64,5
19981006,50,-19
19981007,75,-26
19981008,90,50
19981009,106,51
19981010,85,75
19981011,109,78
19981012,96,85
19981013,91,59
19981014,80,59
19981015,96,56
19981016,66,40
19981017,78,45
19981018,85,20
19981019,62,14
19981020,81,-11
19981021,54,10
19981022,46,-2
19981023,108,45
19981024,117,68
19981025,95,46
19981026,79,48
19981027,55,35
19981028,50,25
19981029,54,20
19981030,56,35
19981031,38,26
19981101,41,19
19981102,26,15
19981103,21,6
19981104,6,-10
19981105,6,-15
19981106,1,-20
19981107,-10,-20
19981108,-19,-55
19981109,-45,-70
19981110,-60,-92
19981111,-73,-110
19981112,-75,-102
19981113,-58,-110
19981114,-75,-92
19981115,-67,-120
19981116,-65,-121
19981117,-55,-85
19981118,-62,-72
19981119,-70,-111
19981120,-68,-125
19981121,6,-101
19981122,25,0
19981123,29,-4
19981124,20,-5
19981125,14,-26
19981126,-2,-16
19981127,-15,-60
19981128,-32,-80
19981129,-25,-50
19981130,-29,-55
19981201,5,-30
19981202,20,2
19981203,32,14
19981204,24,-49
19981205,-49,-75
19981206,-54,-68
19981207,-40,-55
19981208,-40,-69
19981209,-64,-80
19981210,-64,-125
19981211,-84,-125
19981212,-39,-85
19981213,-68,-96
19981214,-91,-157
19981215,14,-111
19981216,25,10
19981217,25,-45
19981218,35,7
19981219,35,-2
19981220,-2,-84
19981221,-84,-155
19981222,-128,-155
19981223,-93,-173
19981224,-85,-225
19981225,1,-90
19981226,-52,-80
19981227,-67,-90
19981228,16,-78
19981229,23,-2
19981230,-2,-102
19981231,-14,-120
19990101,-19,-29
19990102,-4,-20
19990103,-10,-48
19990104,-39,-59
19990105,-13,-39
19990106,-22,-40
19990107,-34,-145
19990108,-145,-211
19990109,-135,-228
19990110,-188,-256
19990111,-193,-276
19990112,-154,-254
19990113,-99,-155
19990114,-55,-99
19990115,-35,-56
19990116,-16,-35
19990117,14,-17
19990118,24,0
19990119,22,9
19990120,40,4
19990121,40,15
19990122,35,-5
19990123,-4,-125
19990124,-125,-205
19990125,-182,-210
19990126,-186,-239
19990127,-239,-270
19990128,-218,-271
19990129,-185,-218
19990130,-174,-255
19990131,-20,-210
19990201,0,-58
19990202,-57,-251
19990203,-128,-254
19990204,-60,-129
19990205,-68,-153
19990206,-153,-242
19990207,-242,-311
19990208,-230,-330
19990209,-206,-365
19990210,-180,-235
19990211,-202,-340
19990212,-54,-210
19990213,-10,-54
19990214,0,-65
19990215,-3,-18
19990216,-10,-25
19990217,-20,-31
19990218,-22,-56
19990219,-34,-136
19990220,-44,-75
19990221,-24,-61
19990222,-40,-95
19990223,-38,-75
19990224,-24,-71
19990225,-5,-64
19990226,-35,-135
19990227,-63,-145
19990228,-60,-81
19990301,-38,-62
19990302,-36,-57
19990303,-56,-96
19990304,-50,-180
19990305,-38,-225
19990306,-4,-72
19990307,-21,-40
19990308,-27,-136
19990309,-52,-170
19990310,-36,-108
19990311,-35,-101
19990312,-4,-108
19990313,0,-119
19990314,5,-160
19990315,12,-191
19990316,13,-177
19990317,6,-46
19990318,21,-38
19990319,22,-71
19990320,60,-52
19990321,26,-50
19990322,30,-12
19990323,58,-14
19990324,7,-53
19990325,12,-70
19990326,36,-29
19990327,48,-65
19990328,109,-11
19990329,89,10
19990330,87,12
19990331,108,-6
19990401,61,9
19990402,69,9
19990403,62,-1
19990404,16,-60
19990405,30,-48
19990406,66,-54
19990407,41,-25
19990408,65,-6
19990409,66,-11
19990410,80,39
19990411,70,-15
19990412,35,-16
19990413,55,-68
19990414,70,-26
19990415,53,28
19990416,127,14
19990417,166,18
19990418,185,85
19990419,151,40
19990420,200,10
19990421,185,55
19990422,150,-10
19990423,75,45
19990424,95,34
19990425,129,-10
19990426,132,20
19990427,130,6
19990428,146,12
19990429,104,47
19990430,90,4
19990501,68,15
19990502,27,-26
19990503,35,-41
19990504,70,-45
19990505,85,-35
19990506,97,-9
19990507,82,5
19990508,25,-39
19990509,39,-40
19990510,41,-41
19990511,34,-21
19990512,31,-25
19990513,70,-20
19990514,100,-26
19990515,117,6
19990516,96,15
19990517,120,-11
19990518,126,31
19990519,146,79
19990520,150,65
19990521,195,54
19990522,220,45
19990523,232,104
19990524,165,69
19990525,185,105
19990526,150,109
19990527,174,90
19990528,120,89
19990529,155,48
19990530,136,86
19990531,115,20
19990601,155,57
19990602,187,105
19990603,185,105
19990604,176,101
19990605,199,122
19990606,219,114
19990607,245,134
19990608,204,130
19990609,222,96
19990610,217,150
19990611,226,115
19990612,245,127
19990613,242,150
19990614,268,120
19990615,270,180
19990616,199,135
19990617,245,120
19990618,240,162
19990619,218,130
19990620,262,150
19990621,245,175
19990622,240,156
19990623,267,174
19990624,285,174
19990625,290,148
19990626,305,205
19990627,272,190
19990628,265,180
19990629,270,170
19990630,257,199
19990701,262,170
19990702,255,175
19990703,217,160
19990704,195,131
19990705,205,138
19990706,251,148
19990707,240,160
19990708,186,105
19990709,205,105
19990710,234,104
19990711,275,130
19990712,246,170
19990713,280,145
19990714,290,185
19990715,290,189
19990716,298,165
19990717,226,160
19990718,225,160
19990719,236,135
19990720,250,150
19990721,268,147
19990722,234,177
19990723,210,157
19990724,186,131
19990725,223,145
19990726,181,109
19990727,187,118
19990728,170,132
19990729,194,115
19990730,180,114
19990731,200,76
19990801,240,130
19990802,258,141
19990803,252,129
19990804,255,136
19990805,187,120
19990806,150,110
19990807,168,105
19990808,181,61
19990809,204,90
19990810,190,144
19990811,192,136
19990812,205,153
19990813,162,122
19990814,155,91
19990815,155,80
19990816,145,92
19990817,176,90
19990818,203,75
19990819,210,90
19990820,195,98
19990821,170,99
19990822,145,79
19990823,145,80
19990824,160,84
19990825,171,88
19990826,191,95
19990827,200,99
19990828,180,140
19990829,158,135
19990830,146,118
19990831,162,100
19990901,160,74
19990902,180,105
19990903,181,165
19990904,189,156
19990905,222,125
19990906,228,119
19990907,225,120
19990908,232,115
19990909,165,100
19990910,182,72
19990911,150,100
19990912,145,76
19990913,114,70
19990914,98,60
19990915,105,54
19990916,116,79
19990917,116,80
19990918,136,60
19990919,145,66
19990920,156,50
19990921,155,55
19990922,142,45
19990923,152,35
19990924,127,92
19990925,92,62
19990926,81,60
19990927,82,69
19990928,124,71
19990929,150,92
19990930,152,115
19991001,136,112
19991002,135,105
19991003,152,108
19991004,145,98
19991005,139,90
19991006,109,86
19991007,125,98
19991008,119,84
19991009,120,60
19991010,90,49
19991011,81,25
19991012,70,50
19991013,61,39
19991014,64,39
19991015,58,40
19991016,70,40
19991017,54,9
19991018,40,15
19991019,38,8
19991020,45,-4
19991021,45,4
19991022,55,30
19991023,55,15
19991024,36,-6
19991025,36,10
19991026,36,30
19991027,71,34
19991028,46,22
19991029,60,25
19991030,70,39
19991031,82,46
19991101,79,50
19991102,89,50
19991103,89,60
19991104,70,1
19991105,37,0
19991106,24,-17
19991107,0,-37
19991108,-14,-61
19991109,38,-21
19991110,45,1
19991111,34,-2
19991112,34,-12
19991113,65,-12
19991114,25,-25
19991115,-25,-60
19991116,-57,-92
19991117,-10,-106
19991118,-5,-38
19991119,-28,-82
19991120,-72,-102
19991121,-46,-72
19991122,-20,-90
19991123,-15,-31
19991124,-8,-22
19991125,-19,-60
19991126,10,-60
19991127,31,4
19991128,44,6
19991129,65,16
19991130,65,-6
19991201,40,-6
19991202,22,-30
19991203,-20,-51
19991204,-2,-30
19991205,-20,-66
19991206,-5,-75
19991207,-5,-32
19991208,-32,-105
19991209,-78,-156
19991210,25,-78
19991211,26,-54
19991212,-8,-110
19991213,45,-8
19991214,37,-15
19991215,-12,-106
19991216,-100,-116
19991217,4,-130
19991218,6,-30
19991219,-10,-40
19991220,-40,-79
19991221,-70,-145
19991222,-43,-86
19991223,4,-50
19991224,30,-25
19991225,26,-36
19991226,-33,-61
19991227,-34,-54
19991228,-50,-101
19991229,-60,-77
19991230,-46,-77
19991231,-55,-112
20000101,-85,-114
20000102,-65,-100
20000103,-60,-95
20000104,3,-90
20000105,6,-14
20000106,12,-36
20000107,18,5
20000108,36,-6
20000109,40,30
20000110,30,-15
20000111,18,-28
20000112,22,7
20000113,21,-15
20000114,2,-37
20000115,-22,-55
20000116,4,-25
20000117,8,-20
20000118,-20,-88
20000119,-86,-140
20000120,-100,-180
20000121,-95,-185
20000122,-105,-152
20000123,-152,-213
20000124,-164,-196
20000125,-154,-250
20000126,-66,-155
20000127,-34,-66
20000128,-50,-118
20000129,-32,-150
20000130,6,-32
20000131,6,-85
20000201,-12,-85
20000202,-37,-62
20000203,-60,-125
20000204,-16,-150
20000205,-1,-70
20000206,4,-135
20000207,22,-6
20000208,16,9
20000209,11,-2
20000210,-2,-74
20000211,21,-20
20000212,32,-21
20000213,19,4
20000214,6,-6
20000215,-1,-29
20000216,-10,-48
20000217,4,-21
20000218,1,-37
20000219,-35,-59
20000220,-34,-79
20000221,-44,-161
20000222,-90,-130
20000223,-95,-206
20000224,-112,-239
20000225,-70,-231
20000226,-118,-252
20000227,-15,-232
20000228,25,-15
20000229,36,11
20000301,50,10
20000302,21,-5
20000303,12,-60
20000304,15,-20
20000305,-12,-51
20000306,-35,-100
20000307,5,-59
20000308,-31,-110
20000309,-40,-110
20000310,-26,-65
20000311,-48,-100
20000312,-30,-105
20000313,-10,-168
20000314,16,-20
20000315,16,-5
20000316,5,-24
20000317,10,-2
20000318,28,-75
20000319,21,-61
20000320,35,-25
20000321,61,-19
20000322,35,-35
20000323,24,-56
20000324,20,-26
20000325,21,-46
20000326,0,-79
20000327,12,-89
20000328,26,-140
20000329,30,-106
20000330,94,-5
20000331,80,15
20000401,34,-10
20000402,18,-56
20000403,18,-46
20000404,45,-60
20000405,42,-10
20000406,42,-30
20000407,35,-20
20000408,34,0
20000409,18,-7
20000410,66,5
20000411,42,16
20000412,35,-15
20000413,50,-5
20000414,78,14
20000415,50,20
20000416,66,-11
20000417,105,0
20000418,85,32
20000419,150,30
20000420,181,-4
20000421,188,40
20000422,175,35
20000423,130,54
20000424,165,60
20000425,200,35
20000426,160,40
20000427,82,29
20000428,57,22
20000429,96,5
20000430,71,9
20000501,43,-11
20000502,90,-15
20000503,89,19
20000504,115,40
20000505,129,26
20000506,102,56
20000507,115,0
20000508,144,60
20000509,151,45
20000510,204,60
20000511,122,51
20000512,52,0
20000513,69,-5
20000514,95,10
20000515,130,34
20000516,114,-2
20000517,125,20
20000518,140,25
20000519,181,30
20000520,205,56
20000521,171,50
20000522,204,70
20000523,224,115
20000524,195,92
20000525,168,92
20000526,172,105
20000527,165,85
20000528,176,60
20000529,205,80
20000530,176,101
20000531,140,95
20000601,162,85
20000602,161,79
20000603,160,100
20000604,115,55
20000605,146,80
20000606,138,86
20000607,146,50
20000608,121,85
20000609,170,89
20000610,185,59
20000611,233,124
20000612,206,130
20000613,195,105
20000614,171,141
20000615,165,115
20000616,141,78
20000617,108,70
20000618,140,55
20000619,140,77
20000620,205,104
20000621,220,126
20000622,255,105
20000623,277,150
20000624,242,128
20000625,200,119
20000626,268,160
20000627,205,156
20000628,200,125
20000629,270,174
20000630,261,170
20000701,210,138
20000702,201,125
20000703,183,137
20000704,219,135
20000705,235,137
20000706,210,129
20000707,220,115
20000708,200,145
20000709,197,135
20000710,187,135
20000711,216,108
20000712,226,120
20000713,209,160
20000714,210,142
20000715,270,145
20000716,218,152
20000717,224,141
20000718,242,185
20000719,221,175
20000720,230,160
20000721,211,130
20000722,230,179
20000723,228,170
20000724,228,140
20000725,220,144
20000726,162,114
20000727,152,95
20000728,177,96
20000729,196,105
20000730,194,142
20000731,192,149
20000801,201,135
20000802,186,125
20000803,190,135
20000804,169,125
20000805,177,95
20000806,220,111
20000807,193,146
20000808,182,118
20000809,145,95
20000810,166,119
20000811,195,125
20000812,206,116
20000813,200,129
20000814,202,115
20000815,200,121
20000816,190,145
20000817,186,140
20000818,208,114
20000819,195,129
20000820,181,109
20000821,195,104
20000822,181,135
20000823,174,110
20000824,177,114
20000825,180,110
20000826,206,84
20000827,203,95
20000828,202,115
20000829,201,119
20000830,202,112
20000831,200,143
20000901,158,130
20000902,191,109
20000903,175,109
20000904,139,126
20000905,130,64
20000906,110,48
20000907,115,36
20000908,106,40
20000909,166,96
20000910,169,95
20000911,119,85
20000912,120,82
20000913,125,75
20000914,110,55
20000915,98,35
20000916,107,12
20000917,130,25
20000918,145,54
20000919,145,40
20000920,130,55
20000921,100,41
20000922,150,48
20000923,164,31
20000924,160,44
20000925,133,94
20000926,110,35
20000927,103,30
20000928,106,40
20000929,130,68
20000930,156,120
20001001,171,89
20001002,180,60
20001003,135,90
20001004,135,119
20001005,127,89
20001006,130,87
20001007,116,89
20001008,116,100
20001009,131,85
20001010,90,39
20001011,102,72
20001012,85,55
20001013,90,65
20001014,104,88
20001015,90,57
20001016,101,56
20001017,96,68
20001018,81,50
20001019,93,60
20001020,91,70
20001021,89,69
20001022,101,55
20001023,100,48
20001024,101,45
20001025,95,70
20001026,85,25
20001027,31,14
20001028,25,2
20001029,2,-18
20001030,-10,-21
20001031,65,-11
20001101,75,60
20001102,70,51
20001103,76,50
20001104,69,41
20001105,86,68
20001106,91,49
20001107,60,28
20001108,60,39
20001109,45,6
20001110,47,12
20001111,41,14
20001112,45,24
20001113,50,35
20001114,44,28
20001115,55,11
20001116,40,14
20001117,27,-32
20001118,-6,-39
20001119,18,-7
20001120,14,-37
20001121,-37,-94
20001122,-25,-94
20001123,-10,-27
20001124,15,-12
20001125,11,-32
20001126,-29,-39
20001127,-9,-41
20001128,-35,-76
20001129,28,-38
20001130,29,5
20001201,12,4
20001202,11,3
20001203,63,3
20001204,51,11
20001205,11,2
20001206,65,8
20001207,62,28
20001208,57,15
20001209,55,4
20001210,39,2
20001211,55,36
20001212,50,18
20001213,29,15
20001214,42,20
20001215,40,27
20001216,27,-9
20001217,-6,-18
20001218,-15,-49
20001219,-28,-64
20001220,-13,-46
20001221,-45,-71
20001222,-29,-65
20001223,-18,-62
20001224,-62,-130
20001225,-128,-246
20001226,-150,-259
20001227,-60,-150
20001228,-55,-160
20001229,-54,-106
20001230,-10,-85
20001231,-5,-49
20010101,-14,-32
20010102,-19,-69
20010103,-20,-47
20010104,-35,-46
20010105,-31,-50
20010106,-9,-31
20010107,-5,-45
20010108,0,-45
20010109,12,0
20010110,3,-16
20010111,-15,-40
20010112,-30,-64
20010113,-53,-115
20010114,-4,-66
20010115,6,-36
20010116,14,-18
20010117,-18,-60
20010118,-50,-85
20010119,-7,-54
20010120,-9,-78
20010121,-78,-160
20010122,-86,-178
20010123,-84,-135
20010124,-89,-126
20010125,-55,-102
20010126,0,-59
20010127,-2,-14
20010128,0,-10
20010129,0,-14
20010130,-14,-65
20010131,-46,-74
20010201,-74,-171
20010202,-170,-228
20010203,-228,-254
20010204,-228,-246
20010205,-155,-246
20010206,-78,-161
20010207,24,-80
20010208,23,10
20010209,30,-60
20010210,-31,-96
20010211,-12,-48
20010212,2,-39
20010213,2,-45
20010214,30,-50
20010215,40,29
20010216,36,-26
20010217,10,-41
20010218,-16,-53
20010219,-50,-174
20010220,-8,-66
20010221,-30,-142
20010222,-142,-215
20010223,-174,-230
20010224,-150,-191
20010225,-140,-220
20010226,-121,-225
20010227,-69,-224
20010228,-55,-125
20010301,-82,-201
20010302,-62,-170
20010303,-50,-72
20010304,-58,-196
20010305,-13,-62
20010306,-28,-170
20010307,-32,-68
20010308,-15,-145
20010309,12,-108
20010310,-16,-95
20010311,19,-58
20010312,25,10
20010313,32,5
20010314,50,-11
20010315,16,-15
20010316,-5,-45
20010317,-44,-95
20010318,-78,-105
20010319,-89,-135
20010320,-45,-203
20010321,-24,-216
20010322,-25,-155
20010323,-58,-136
20010324,-32,-130
20010325,-19,-105
20010326,-28,-139
20010327,-12,-130
20010328,-14,-190
20010329,4,-61
20010330,65,-154
20010331,25,-35
20010401,24,9
20010402,99,16
20010403,70,15
20010404,82,15
20010405,106,-21
20010406,80,20
20010407,81,-10
20010408,92,29
20010409,111,4
20010410,85,5
20010411,72,-24
20010412,56,-12
20010413,22,-16
20010414,34,-45
20010415,42,-10
20010416,47,-6
20010417,70,-11
20010418,86,-24
20010419,60,5
20010420,68,16
20010421,75,-4
20010422,95,20
20010423,117,20
20010424,180,62
20010425,218,35
20010426,225,60
20010427,170,52
20010428,195,75
20010429,145,75
20010430,146,54
20010501,140,51
20010502,111,54
20010503,165,10
20010504,185,70
20010505,175,94
20010506,121,65
20010507,149,40
20010508,192,40
20010509,220,70
20010510,134,60
20010511,90,59
20010512,97,35
20010513,102,50
20010514,102,59
20010515,135,42
20010516,150,44
20010517,147,75
20010518,157,93
20010519,142,88
20010520,115,65
20010521,84,34
20010522,59,15
20010523,119,-4
20010524,106,50
20010525,85,30
20010526,66,24
20010527,130,19
20010528,84,46
20010529,95,47
20010530,110,35
20010531,114,30
20010601,157,50
20010602,181,16
20010603,185,35
20010604,152,85
20010605,159,72
20010606,196,81
20010607,225,65
20010608,200,115
20010609,195,127
20010610,152,92
20010611,165,73
20010612,135,86
20010613,143,108
20010614,167,93
20010615,202,65
20010616,215,88
20010617,225,77
20010618,214,92
20010619,203,108
20010620,182,114
20010621,148,112
20010622,209,131
20010623,242,140
20010624,230,125
20010625,206,103
20010626,184,87
20010627,190,57
20010628,227,76
20010629,250,114
20010630,250,150
20010701,250,139
20010702,246,140
20010703,227,137
20010704,260,135
20010705,290,135
20010706,269,190
20010707,253,132
20010708,266,156
20010709,269,128
20010710,231,153
20010711,254,181
20010712,236,157
20010713,223,121
20010714,215,135
20010715,235,114
20010716,281,182
20010717,255,178
20010718,311,178
20010719,257,174
20010720,241,166
20010721,268,143
20010722,230,174
20010723,241,118
20010724,244,141
20010725,260,151
20010726,272,157
20010727,250,157
20010728,217,137
20010729,243,82
20010730,240,171
20010731,189,129
20010801,177,100
20010802,158,101
20010803,179,106
20010804,205,65
20010805,194,129
20010806,171,150
20010807,209,144
20010808,211,125
20010809,236,107
20010810,215,135
20010811,173,125
20010812,187,111
20010813,184,126
20010814,202,102
20010815,231,114
20010816,240,152
20010817,278,164
20010818,238,165
20010819,198,116
20010820,201,77
20010821,173,83
20010822,186,119
20010823,197,67
20010824,210,94
20010825,208,116
20010826,202,89
20010827,167,77
20010828,181,101
20010829,191,92
20010830,160,43
20010831,155,59
20010901,143,37
20010902,141,31
20010903,149,57
20010904,183,90
20010905,151,113
20010906,153,106
20010907,186,80
20010908,196,109
20010909,158,134
20010910,175,104
20010911,168,95
20010912,175,83
20010913,173,124
20010914,172,112
20010915,156,123
20010916,149,122
20010917,206,89
20010918,201,104
20010919,203,93
20010920,206,78
20010921,182,62
20010922,184,56
20010923,120,55
20010924,92,45
20010925,86,-5
20010926,116,-7
20010927,110,27
20010928,101,26
20010929,55,1
20010930,75,11
20011001,90,-22
20011002,113,44
20011003,130,90
20011004,133,95
20011005,113,75
20011006,96,46
20011007,62,4
20011008,80,23
20011009,128,73
20011010,131,94
20011011,105,73
20011012,73,47
20011013,69,58
20011014,86,63
20011015,70,49
20011016,105,45
20011017,107,54
20011018,81,45
20011019,65,34
20011020,37,4
20011021,24,-37
20011022,46,-9
20011023,10,-18
20011024,15,-44
20011025,61,-1
20011026,86,45
20011027,109,78
20011028,107,78
20011029,80,16
20011030,24,-33
20011031,13,-4
20011101,50,9
20011102,10,-26
20011103,59,-19
20011104,60,32
20011105,39,-14
20011106,-14,-47
20011107,10,-20
20011108,3,-36
20011109,-32,-69
20011110,-17,-91
20011111,44,-18
20011112,29,-4
20011113,-3,-37
20011114,-31,-83
20011115,7,-62
20011116,6,-75
20011117,16,-111
20011118,18,-24
20011119,-24,-103
20011120,-91,-146
20011121,-47,-145
20011122,-47,-105
20011123,-12,-47
20011124,-22,-56
20011125,-45,-61
20011126,-7,-46
20011127,10,-16
20011128,10,-8
20011129,-1,-15
20011130,-14,-75
20011201,-71,-94
20011202,-58,-97
20011203,-6,-58
20011204,-21,-61
20011205,-61,-130
20011206,-69,-115
20011207,-94,-131
20011208,-61,-94
20011209,-9,-70
20011210,-4,-23
20011211,-23,-64
20011212,-55,-116
20011213,-4,-55
20011214,5,-52
20011215,-52,-119
20011216,-46,-80
20011217,-43,-114
20011218,-107,-178
20011219,-65,-173
20011220,-118,-188
20011221,-187,-322
20011222,-236,-296
20011223,-168,-287
20011224,-127,-233
20011225,-128,-254
20011226,-87,-166
20011227,-136,-171
20011228,-171,-311
20011229,-200,-304
20011230,-137,-218
20011231,-121,-166
20020101,-166,-305
20020102,-228,-318
20020103,-46,-228
20020104,8,-55
20020105,3,-42
20020106,0,-201
20020107,-121,-266
20020108,4,-121
20020109,15,-11
20020110,31,-30
20020111,39,-1
20020112,11,-5
20020113,7,-7
20020114,27,4
20020115,28,10
20020116,20,5
20020117,6,-1
20020118,6,-36
20020119,4,-25
20020120,-2,-55
20020121,-55,-106
20020122,-95,-105
20020123,9,-97
20020124,-97,-205
20020125,13,-141
20020126,2,-142
20020127,-140,-235
20020128,-91,-253
20020129,-67,-119
20020130,-95,-187
20020131,-132,-188
20020201,-156,-216
20020202,-63,-220
20020203,49,-63
20020204,38,9
20020205,29,-11
20020206,18,2
20020207,16,2
20020208,12,-13
20020209,4,-15
20020210,21,1
20020211,18,3
20020212,3,-11
20020213,3,-31
20020214,-31,-79
20020215,-12,-122
20020216,58,-39
20020217,59,21
20020218,24,-59
20020219,20,-9
20020220,-4,-113
20020221,-69,-152
20020222,-25,-141
20020223,-37,-79
20020224,4,-95
20020225,-15,-112
20020226,11,-37
20020227,-11,-83
20020228,15,-12
20020301,5,-63
20020302,-17,-71
20020303,-12,-49
20020304,-15,-164
20020305,26,-45
20020306,17,-36
20020307,-13,-73
20020308,-44,-105
20020309,-21,-145
20020310,9,-63
20020311,-26,-142
20020312,0,-89
20020313,15,-20
20020314,-18,-111
20020315,12,-218
20020316,43,-117
20020317,52,-91
20020318,20,-80
20020319,70,-3
20020320,67,-1
20020321,39,2
20020322,25,1
20020323,18,-28
20020324,3,-64
20020325,33,-97
20020326,79,-22
20020327,97,-14
20020328,70,-15
20020329,106,15
20020330,76,-3
20020331,28,-45
20020401,33,-17
20020402,18,-78
20020403,24,-92
20020404,9,-68
20020405,39,-81
20020406,28,-67
20020407,47,-75
20020408,69,-76
20020409,101,-56
20020410,117,-65
20020411,124,-24
20020412,138,-30
20020413,129,-18
20020414,126,6
20020415,46,-26
20020416,20,-14
20020417,-4,-24
20020418,21,-21
20020419,42,-53
20020420,113,-31
20020421,107,-16
20020422,163,1
20020423,162,5
20020424,125,48
20020425,146,-8
20020426,157,15
20020427,183,27
20020428,135,48
20020429,113,37
20020430,153,8
20020501,195,42
20020502,200,40
20020503,205,85
20020504,162,116
20020505,127,66
20020506,146,37
20020507,157,15
20020508,193,30
20020509,139,62
20020510,111,24
20020511,155,0
20020512,195,25
20020513,232,60
20020514,198,111
20020515,219,63
20020516,185,85
20020517,123,43
20020518,61,9
20020519,65,-3
20020520,106,6
20020521,208,56
20020522,139,53
20020523,103,3
20020524,88,-22
20020525,129,-9
20020526,157,22
20020527,162,65
20020528,186,26
20020529,203,50
20020530,249,62
20020531,261,84
20020601,238,98
20020602,241,95
20020603,222,128
20020604,170,101
20020605,180,65
20020606,246,81
20020607,218,130
20020608,220,110
20020609,218,99
20020610,239,91
20020611,251,86
20020612,266,104
20020613,219,141
20020614,195,102
20020615,188,95
20020616,199,71
20020617,222,74
20020618,228,110
20020619,253,128
20020620,236,132
20020621,204,107
20020622,201,115
20020623,195,97
20020624,184,103
20020625,169,114
20020626,196,82
20020627,201,115
20020628,182,122
20020629,195,89
20020630,190,95
20020701,172,115
20020702,180,97
20020703,201,149
20020704,234,130
20020705,287,173
20020706,183,148
20020707,232,125
20020708,200,137
20020709,236,122
20020710,264,132
20020711,279,127
20020712,291,147
20020713,249,164
20020714,239,139
20020715,233,143
20020716,225,133
20020717,239,120
20020718,274,137
20020719,270,159
20020720,284,162
20020721,232,178
20020722,232,156
20020723,239,169
20020724,221,147
20020725,182,121
20020726,208,151
20020727,222,134
20020728,242,134
20020729,246,144
20020730,245,154
20020731,252,124
20020801,271,148
20020802,211,144
20020803,212,100
20020804,182,130
20020805,148,95
20020806,165,110
20020807,214,99
20020808,175,134
20020809,208,128
20020810,248,123
20020811,250,143
20020812,259,128
20020813,249,137
20020814,241,141
20020815,256,151
20020816,218,131
20020817,200,85
20020818,232,78
20020819,272,158
20020820,261,174
20020821,187,108
20020822,198,84
20020823,199,90
20020824,265,98
20020825,226,137
20020826,257,129
20020827,247,119
20020828,245,120
20020829,201,120
20020830,235,95
20020831,220,138
20020901,200,121
20020902,187,107
20020903,224,142
20020904,198,82
20020905,209,83
20020906,205,110
20020907,217,116
20020908,226,127
20020909,201,111
20020910,158,96
20020911,139,41
20020912,209,65
20020913,188,79
20020914,141,96
20020915,96,62
20020916,80,14
20020917,102,10
20020918,86,59
20020919,73,34
20020920,77,-6
20020921,79,-20
20020922,70,-8
20020923,55,-3
20020924,81,8
20020925,86,44
20020926,86,-8
20020927,81,-4
20020928,80,-7
20020929,127,22
20020930,112,30
20021001,87,27
20021002,72,-1
20021003,55,-10
20021004,46,-15
20021005,37,-31
20021006,22,-22
20021007,41,-12
20021008,37,-19
20021009,19,-8
20021010,15,-2
20021011,24,-3
20021012,42,13
20021013,50,2
20021014,37,5
20021015,30,-35
20021016,0,-35
20021017,-3,-24
20021018,-9,-41
20021019,-8,-60
20021020,-6,-95
20021021,-14,-31
20021022,-18,-51
20021023,-11,-78
20021024,-1,-92
20021025,41,-10
20021026,37,4
20021027,31,5
20021028,35,11
20021029,21,-18
20021030,15,0
20021031,10,-22
20021101,-19,-43
20021102,-9,-50
20021103,-10,-73
20021104,-21,-67
20021105,-16,-72
20021106,14,-16
20021107,23,1
20021108,21,-7
20021109,-7,-56
20021110,-38,-67
20021111,-51,-94
20021112,-77,-109
20021113,-44,-103
20021114,-49,-116
20021115,-64,-117
20021116,-60,-92
20021117,-34,-62
20021118,-28,-39
20021119,-5,-36
20021120,-1,-36
20021121,-25,-61
20021122,-48,-87
20021123,-28,-48
20021124,-34,-58
20021125,-42,-90
20021126,1,-42
20021127,8,-30
20021128,-30,-144
20021129,-142,-205
20021130,-152,-204
20021201,-134,-226
20021202,-93,-155
20021203,-73,-103
20021204,-75,-140
20021205,-139,-204
20021206,-160,-215
20021207,-138,-196
20021208,-130,-161
20021209,-91,-140
20021210,-47,-107
20021211,-4,-136
20021212,12,-136
20021213,-68,-210
20021214,-20,-70
20021215,-19,-39
20021216,-29,-62
20021217,-61,-177
20021218,-26,-124
20021219,-19,-155
20021220,2,-26
20021221,-2,-117
20021222,-73,-136
20021223,-123,-157
20021224,-99,-156
20021225,-126,-187
20021226,-115,-174
20021227,-174,-252
20021228,-235,-269
20021229,-185,-240
20021230,-206,-266
20021231,-251,-317
20030101,-278,-331
20030102,-274,-345
20030103,-265,-308
20030104,-234,-281
20030105,-232,-267
20030106,-207,-289
20030107,-195,-338
20030108,-126,-225
20030109,-69,-234
20030110,-230,-301
20030111,-129,-314
20030112,-46,-236
20030113,-14,-229
20030114,-116,-254
20030115,-131,-167
20030116,15,-131
20030117,1,-70
20030118,29,-37
20030119,22,-13
20030120,-12,-151
20030121,5,-126
20030122,5,-10
20030123,-9,-27
20030124,-10,-203
20030125,16,-188
20030126,15,-63
20030127,9,-124
20030128,-124,-191
20030129,-128,-149
20030130,-141,-182
20030131,-164,-214
20030201,-214,-288
20030202,-43,-244
20030203,-44,-128
20030204,-128,-164
20030205,-115,-174
20030206,-75,-115
20030207,-75,-90
20030208,-57,-86
20030209,-27,-59
20030210,-29,-35
20030211,-31,-40
20030212,-24,-49
20030213,-7,-74
20030214,-20,-136
20030215,-132,-229
20030216,-10,-201
20030217,20,-11
20030218,18,-28
20030219,29,-24
20030220,17,-84
20030221,18,-149
20030222,-4,-79
20030223,-45,-155
20030224,-45,-65
20030225,-40,-60
20030226,-18,-54
20030227,-23,-101
20030228,-56,-101
20030301,-40,-85
20030302,-49,-85
20030303,-75,-182
20030304,-51,-149
20030305,-65,-236
20030306,-38,-129
20030307,10,-79
20030308,3,-30
20030309,25,-93
20030310,14,-16
20030311,27,2
20030312,25,-4
20030313,5,-54
20030314,62,-88
20030315,37,-43
20030316,41,-61
20030317,46,-25
20030318,29,-51
20030319,44,-21
20030320,-21,-104
20030321,-13,-143
20030322,1,-78
20030323,80,-7
20030324,69,16
20030325,36,-33
20030326,31,-100
20030327,84,-9
20030328,70,-15
20030329,61,-42
20030330,42,9
20030331,29,-88
20030401,-34,-146
20030402,-20,-137
20030403,-1,-152
20030404,31,-63
20030405,5,-29
20030406,-9,-78
20030407,-8,-92
20030408,-4,-43
20030409,53,-38
20030410,35,-3
20030411,61,-36
20030412,70,-26
20030413,33,7
20030414,21,7
20030415,47,-1
20030416,78,-15
20030417,53,8
20030418,81,16
20030419,124,-29
20030420,154,-5
20030421,181,-13
20030422,191,-10
20030423,86,-1
20030424,25,-26
20030425,25,-72
20030426,33,-73
20030427,60,-94
20030428,57,-36
20030429,49,18
20030430,40,7
20030501,88,4
20030502,59,28
20030503,109,-4
20030504,65,10
20030505,120,-39
20030506,147,45
20030507,147,54
20030508,136,6
20030509,120,26
20030510,178,58
20030511,173,35
20030512,183,15
20030513,202,36
20030514,213,111
20030515,169,94
20030516,203,88
20030517,182,61
20030518,135,89
20030519,103,49
20030520,181,65
20030521,200,45
20030522,186,88
20030523,184,75
20030524,142,72
20030525,192,96
20030526,261,95
20030527,217,140
20030528,161,75
20030529,157,68
20030530,174,92
20030531,139,80
20030601,107,38
20030602,100,-5
20030603,147,0
20030604,209,57
20030605,180,129
20030606,139,59
20030607,157,60
20030608,192,101
20030609,189,72
20030610,146,84
20030611,144,64
20030612,176,33
20030613,149,104
20030614,163,31
20030615,143,61
20030616,154,62
20030617,142,54
20030618,171,46
20030619,192,77
20030620,167,111
20030621,131,99
20030622,187,89
20030623,193,82
20030624,209,88
20030625,209,75
20030626,211,94
20030627,186,109
20030628,146,82
20030629,116,94
20030630,186,94
20030701,204,133
20030702,254,113
20030703,255,138
20030704,246,163
20030705,244,119
20030706,248,136
20030707,194,154
20030708,166,131
20030709,156,113
20030710,170,143
20030711,200,167
20030712,247,143
20030713,277,149
20030714,304,175
20030715,286,194
20030716,267,176
20030717,275,139
20030718,288,161
20030719,209,160
20030720,245,157
20030721,262,131
20030722,273,164
20030723,266,158
20030724,253,176
20030725,265,150
20030726,272,147
20030727,279,172
20030728,278,179
20030729,311,187
20030730,305,183
20030731,301,180
20030801,291,190
20030802,283,161
20030803,257,157
20030804,254,151
20030805,224,140
20030806,192,157
20030807,162,137
20030808,190,130
20030809,169,104
20030810,179,81
20030811,159,109
20030812,173,116
20030813,204,136
20030814,189,105
20030815,160,129
20030816,179,110
20030817,197,124
20030818,198,106
20030819,221,90
20030820,158,128
20030821,203,135
20030822,207,101
20030823,186,142
20030824,193,152
20030825,157,108
20030826,128,92
20030827,123,84
20030828,148,53
20030829,145,87
20030830,152,66
20030831,120,97
20030901,97,54
20030902,80,52
20030903,116,42
20030904,156,66
20030905,178,63
20030906,179,59
20030907,212,92
20030908,208,86
20030909,188,80
20030910,183,59
20030911,161,43
20030912,136,90
20030913,153,92
20030914,179,54
20030915,156,111
20030916,158,125
20030917,145,68
20030918,150,36
20030919,179,103
20030920,107,36
20030921,128,58
20030922,148,85
20030923,187,119
20030924,150,33
20030925,106,10
20030926,136,102
20030927,145,72
20030928,107,51
20030929,119,46
20030930,102,22
20031001,97,55
20031002,115,56
20031003,130,49
20031004,101,38
20031005,134,85
20031006,102,61
20031007,101,92
20031008,92,55
20031009,87,46
20031010,86,43
20031011,96,15
20031012,91,68
20031013,75,60
20031014,71,43
20031015,44,12
20031016,51,4
20031017,73,13
20031018,67,-23
20031019,15,-38
20031020,17,-32
20031021,6,-34
20031022,-13,-33
20031023,1,-25
20031024,-6,-73
20031025,-5,-28
20031026,-24,-70
20031027,-28,-67
20031028,51,-33
20031029,66,23
20031030,45,9
20031031,36,-29
20031101,47,1
20031102,28,2
20031103,35,23
20031104,60,31
20031105,73,52
20031106,76,52
20031107,80,52
20031108,54,9
20031109,43,3
20031110,6,-13
20031111,28,-15
20031112,28,2
20031113,26,5
20031114,37,11
20031115,24,8
20031116,29,7
20031117,16,-3
20031118,18,3
20031119,14,-3
20031120,5,-10
20031121,-8,-30
20031122,-28,-54
20031123,-41,-66
20031124,6,-43
20031125,-10,-50
20031126,-39,-61
20031127,7,-40
20031128,19,5
20031129,39,14
20031130,38,23
20031201,30,10
20031202,24,10
20031203,24,18
20031204,37,17
20031205,33,-16
20031206,-15,-44
20031207,4,-77
20031208,22,-11
20031209,-8,-90
20031210,25,-114
20031211,38,11
20031212,20,-25
20031213,-13,-86
20031214,-17,-73
20031215,-22,-44
20031216,-43,-77
20031217,-58,-134
20031218,-50,-156
20031219,27,-66
20031220,26,-114
20031221,-79,-167
20031222,-78,-104
20031223,-100,-228
20031224,-33,-221
20031225,30,-33
20031226,26,11
20031227,20,-9
20031228,33,3
20031229,26,-31
20031230,31,-49
20031231,-28,-77
20040101,-43,-166
20040102,-154,-191
20040103,-114,-162
20040104,-95,-173
20040105,-87,-125
20040106,-91,-148
20040107,-88,-118
20040108,-100,-134
20040109,-90,-142
20040110,-142,-223
20040111,-131,-209
20040112,-72,-131
20040113,-24,-102
20040114,-32,-71
20040115,-40,-49
20040116,-45,-142
20040117,-55,-162
20040118,-54,-83
20040119,-69,-94
20040120,-93,-196
20040121,-179,-226
20040122,-92,-204
20040123,-110,-244
20040124,-40,-112
20040125,-40,-109
20040126,-91,-109
20040127,-54,-92
20040128,-43,-87
20040129,-44,-69
20040130,-49,-94
20040131,-53,-81
20040201,-33,-61
20040202,-20,-131
20040203,-34,-118
20040204,16,-37
20040205,20,-29
20040206,-29,-84
20040207,-62,-123
20040208,-103,-197
20040209,-89,-201
20040210,-119,-221
20040211,-139,-194
20040212,-173,-269
20040213,-39,-231
20040214,5,-50
20040215,-11,-55
20040216,-14,-103
20040217,-98,-179
20040218,-130,-202
20040219,-101,-217
20040220,10,-119
20040221,25,-13
20040222,11,-52
20040223,-42,-83
20040224,-58,-129
20040225,-48,-98
20040226,-25,-48
20040227,-8,-78
20040228,-38,-106
20040229,-44,-144
20040301,-37,-147
20040302,-9,-129
20040303,-31,-95
20040304,-38,-139
20040305,-40,-134
20040306,-39,-124
20040307,-22,-149
20040308,8,-90
20040309,9,-172
20040310,25,-174
20040311,49,-68
20040312,32,-124
20040313,71,-127
20040314,58,-130
20040315,29,-1
20040316,26,4
20040317,38,-12
20040318,24,-32
20040319,47,-7
20040320,26,-8
20040321,16,-1
20040322,17,2
20040323,30,-5
20040324,19,-7
20040325,4,-7
20040326,-5,-22
20040327,16,-50
20040328,50,-15
20040329,73,-44
20040330,76,-23
20040331,37,-39
20040401,-19,-82
20040402,23,-142
20040403,65,-60
20040404,89,-59
20040405,81,-82
20040406,94,-51
20040407,94,-35
20040408,91,-48
20040409,97,-53
20040410,78,-21
20040411,76,-21
20040412,26,-4
20040413,65,-10
20040414,64,-44
20040415,55,12
20040416,99,-32
20040417,144,15
20040418,166,-3
20040419,167,-1
20040420,169,-11
20040421,90,1
20040422,65,-29
20040423,51,-46
20040424,69,-46
20040425,90,-47
20040426,102,-62
20040427,100,-33
20040428,112,-34
20040429,103,29
20040430,131,-34
20040501,150,-24
20040502,175,13
20040503,204,9
20040504,216,65
20040505,201,84
20040506,255,66
20040507,230,67
20040508,246,68
20040509,222,102
20040510,154,31
20040511,31,-2
20040512,69,-20
20040513,71,-34
20040514,107,-15
20040515,84,22
20040516,96,10
20040517,120,-9
20040518,97,33
20040519,123,56
20040520,116,66
20040521,139,39
20040522,102,58
20040523,134,11
20040524,136,38
20040525,158,14
20040526,170,28
20040527,144,92
20040528,172,71
20040529,138,78
20040530,137,65
20040531,87,18
20040601,158,35
20040602,144,54
20040603,168,35
20040604,210,91
20040605,224,105
20040606,187,115
20040607,135,65
20040608,144,24
20040609,133,56
20040610,155,28
20040611,178,52
20040612,185,101
20040613,216,87
20040614,184,97
20040615,145,89
20040616,144,43
20040617,140,87
20040618,152,61
20040619,167,63
20040620,188,64
20040621,181,62
20040622,126,107
20040623,162,92
20040624,194,70
20040625,233,126
20040626,232,124
20040627,241,110
20040628,224,143
20040629,203,146
20040630,191,147
20040701,183,121
20040702,237,110
20040703,229,111
20040704,221,118
20040705,181,112
20040706,185,121
20040707,194,102
20040708,202,88
20040709,219,79
20040710,216,128
20040711,215,133
20040712,190,125
20040713,226,110
20040714,196,131
20040715,193,125
20040716,175,135
20040717,219,95
20040718,222,110
20040719,243,94
20040720,232,135
20040721,215,139
20040722,222,129
20040723,228,125
20040724,228,143
20040725,240,129
20040726,221,167
20040727,246,140
20040728,202,144
20040729,192,162
20040730,200,161
20040731,221,167
20040801,197,165
20040802,233,144
20040803,255,163
20040804,268,148
20040805,271,163
20040806,276,161
20040807,272,155
20040808,258,170
20040809,194,136
20040810,201,83
20040811,207,132
20040812,164,111
20040813,156,87
20040814,137,88
20040815,152,68
20040816,168,105
20040817,181,61
20040818,182,139
20040819,173,96
20040820,229,120
20040821,202,145
20040822,211,126
20040823,186,102
20040824,150,97
20040825,162,45
20040826,158,69
20040827,145,87
20040828,199,135
20040829,199,138
20040830,191,92
20040831,236,133
20040901,236,141
20040902,226,141
20040903,204,148
20040904,167,84
20040905,194,66
20040906,190,134
20040907,140,88
20040908,101,57
20040909,109,27
20040910,161,75
20040911,153,67
20040912,153,40
20040913,168,96
20040914,169,47
20040915,164,104
20040916,157,61
20040917,122,49
20040918,139,63
20040919,135,115
20040920,154,92
20040921,146,83
20040922,138,104
20040923,126,94
20040924,134,77
20040925,110,91
20040926,128,87
20040927,123,74
20040928,125,92
20040929,119,91
20040930,103,42
20041001,116,14
20041002,90,52
20041003,80,49
20041004,87,44
20041005,103,17
20041006,130,93
20041007,118,66
20041008,98,64
20041009,70,-9
20041010,43,-20
20041011,53,-7
20041012,78,-28
20041013,67,25
20041014,82,-1
20041015,84,-21
20041016,70,-18
20041017,60,6
20041018,64,51
20041019,56,27
20041020,37,29
20041021,33,5
20041022,80,25
20041023,83,59
20041024,74,42
20041025,69,25
20041026,86,26
20041027,89,54
20041028,54,25
20041029,37,-23
20041030,12,-44
20041031,14,-27
20041101,51,6
20041102,37,5
20041103,77,15
20041104,57,20
20041105,66,48
20041106,64,10
20041107,24,6
20041108,49,4
20041109,67,47
20041110,63,9
20041111,51,7
20041112,76,51
20041113,77,20
20041114,25,1
20041115,53,-12
20041116,24,-26
20041117,-10,-37
20041118,-34,-66
20041119,-52,-104
20041120,-56,-109
20041121,-54,-107
20041122,-61,-114
20041123,-52,-107
20041124,-52,-126
20041125,-3,-111
20041126,-31,-63
20041127,-38,-86
20041128,-86,-128
20041129,-65,-155
20041130,-54,-76
20041201,6,-56
20041202,14,-36
20041203,-36,-148
20041204,-65,-176
20041205,2,-74
20041206,3,-23
20041207,4,-32
20041208,13,0
20041209,0,-50
20041210,-21,-48
20041211,5,-21
20041212,9,-81
20041213,-80,-164
20041214,4,-131
20041215,28,4
20041216,22,1
20041217,26,5
20041218,20,0
20041219,11,-15
20041220,-13,-41
20041221,-28,-55
20041222,-39,-140
20041223,-32,-52
20041224,-17,-98
20041225,-68,-148
20041226,7,-90
20041227,-1,-54
20041228,-35,-113
20041229,-18,-52
20041230,9,-18
20041231,9,-15
20050101,-6,-73
20050102,-1,-19
20050103,3,-21
20050104,-14,-43
20050105,-21,-31
20050106,-28,-61
20050107,6,-59
20050108,31,-46
20050109,24,-15
20050110,-8,-38
20050111,34,-26
20050112,23,-35
20050113,32,18
20050114,24,-15
20050115,-14,-73
20050116,-22,-87
20050117,19,-22
20050118,15,-13
20050119,-5,-29
20050120,-15,-34
20050121,-8,-18
20050122,-8,-53
20050123,-41,-75
20050124,-40,-81
20050125,-24,-54
20050126,-49,-94
20050127,-65,-142
20050128,-104,-173
20050129,-88,-120
20050130,-92,-119
20050131,-32,-95
20050201,-34,-126
20050202,-104,-158
20050203,-57,-106
20050204,-42,-65
20050205,-17,-59
20050206,12,-21
20050207,3,-61
20050208,-11,-93
20050209,-33,-93
20050210,-7,-136
20050211,2,-24
20050212,-2,-29
20050213,-9,-35
20050214,-28,-94
20050215,-68,-104
20050216,-80,-152
20050217,-59,-113
20050218,-61,-122
20050219,-28,-125
20050220,-49,-79
20050221,-76,-142
20050222,-113,-178
20050223,-91,-211
20050224,-67,-226
20050225,-39,-124
20050226,-87,-152
20050227,-81,-192
20050228,-106,-183
20050301,-109,-217
20050302,-95,-200
20050303,-46,-183
20050304,-47,-216
20050305,-40,-162
20050306,-42,-179
20050307,-64,-128
20050308,-45,-92
20050309,-65,-150
20050310,-67,-191
20050311,-79,-172
20050312,-72,-106
20050313,-68,-184
20050314,-85,-173
20050315,-48,-195
20050316,-34,-210
20050317,-43,-199
20050318,-53,-111
20050319,-22,-120
20050320,-28,-86
20050321,4,-124
20050322,-5,-105
20050323,-4,-161
20050324,62,-102
20050325,70,-21
20050326,37,-10
20050327,2,-63
20050328,-25,-121
20050329,7,-109
20050330,46,-79
20050331,56,-23
20050401,96,-46
20050402,77,-27
20050403,91,5
20050404,106,-44
20050405,131,38
20050406,96,20
20050407,67,-16
20050408,98,20
20050409,69,-8
20050410,71,4
20050411,52,-25
20050412,85,6
20050413,113,39
20050414,127,-13
20050415,60,-9
20050416,103,11
20050417,98,-34
20050418,66,-41
20050419,19,-55
20050420,9,-44
20050421,-6,-59
20050422,22,-71
20050423,58,-57
20050424,77,-34
20050425,109,-50
20050426,115,-40
20050427,125,-34
20050428,122,-30
20050429,55,18
20050430,18,0
20050501,34,-9
20050502,70,-8
20050503,117,-42
20050504,131,11
20050505,128,-13
20050506,100,42
20050507,76,41
20050508,89,-7
20050509,96,59
20050510,83,-2
20050511,69,37
20050512,150,13
20050513,150,12
20050514,88,46
20050515,93,28
20050516,167,54
20050517,138,83
20050518,117,50
20050519,120,13
20050520,152,28
20050521,176,30
20050522,215,49
20050523,242,99
20050524,253,103
20050525,212,117
20050526,196,105
20050527,198,115
20050528,166,87
20050529,139,66
20050530,160,56
20050531,142,41
20050601,105,57
20050602,164,18
20050603,170,38
20050604,187,45
20050605,139,94
20050606,165,102
20050607,173,107
20050608,150,100
20050609,197,56
20050610,204,78
20050611,227,63
20050612,228,152
20050613,278,165
20050614,255,156
20050615,186,107
20050616,180,97
20050617,202,95
20050618,239,92
20050619,187,102
20050620,189,82
20050621,204,69
20050622,235,77
20050623,237,97
20050624,245,130
20050625,208,112
20050626,184,102
20050627,187,102
20050628,174,106
20050629,192,82
20050630,184,121
20050701,180,102
20050702,201,92
20050703,225,81
20050704,271,105
20050705,260,134
20050706,250,140
20050707,203,106
20050708,234,81
20050709,263,105
20050710,279,125
20050711,281,158
20050712,261,169
20050713,285,135
20050714,249,172
20050715,248,113
20050716,271,136
20050717,283,145
20050718,260,145
20050719,232,181
20050720,229,160
20050721,226,158
20050722,228,170
20050723,222,138
20050724,228,147
20050725,228,134
20050726,234,149
20050727,215,160
20050728,217,131
20050729,206,121
20050730,214,118
20050731,224,117
20050801,220,118
20050802,199,126
20050803,197,124
20050804,225,92
20050805,197,148
20050806,216,126
20050807,232,140
20050808,248,167
20050809,260,178
20050810,238,145
20050811,211,137
20050812,188,140
20050813,205,150
20050814,213,152
20050815,198,137
20050816,192,112
20050817,149,108
20050818,189,103
20050819,220,82
20050820,223,122
20050821,196,126
20050822,176,115
20050823,203,94
20050824,223,116
20050825,233,150
20050826,220,159
20050827,194,122
20050828,184,109
20050829,182,106
20050830,193,129
20050831,166,104
20050901,183,92
20050902,197,73
20050903,199,87
20050904,167,94
20050905,167,74
20050906,156,40
20050907,218,105
20050908,191,153
20050909,179,134
20050910,147,89
20050911,147,55
20050912,154,88
20050913,130,48
20050914,139,28
20050915,138,59
20050916,103,31
20050917,89,25
20050918,9999,9999
20050919,141,57
20050920,135,52
20050921,164,76
20050922,160,47
20050923,165,59
20050924,163,87
20050925,174,108
20050926,161,69
20050927,177,96
20050928,164,107
20050929,139,104
20050930,110,57
20051001,115,43
20051002,158,90
20051003,151,100
20051004,124,79
20051005,136,19
20051006,136,83
20051007,101,49
20051008,123,84
20051009,123,74
20051010,123,78
20051011,140,76
20051012,121,49
20051013,103,48
20051014,106,33
20051015,74,42
20051016,71,42
20051017,45,17
20051018,76,18
20051019,42,-33
20051020,88,17
20051021,96,70
20051022,94,34
20051023,103,6
20051024,9,-15
20051025,14,-42
20051026,-4,-41
20051027,-9,-26
20051028,27,-25
20051029,81,19
20051030,61,43
20051031,61,48
20051101,88,29
20051102,70,0
20051103,87,33
20051104,74,30
20051105,88,58
20051106,79,56
20051107,89,47
20051108,88,62
20051109,88,43
20051110,85,69
20051111,79,31
20051112,76,37
20051113,98,74
20051114,81,38
20051115,79,32
20051116,32,-31
20051117,1,-34
20051118,1,-20
20051119,-7,-24
20051120,0,-11
20051121,-3,-36
20051122,2,-71
20051123,24,1
20051124,35,19
20051125,37,-4
20051126,4,-10
20051127,-3,-8
20051128,23,-9
20051129,28,14
20051130,18,-3
20051201,-3,-63
20051202,5,-49
20051203,15,-6
20051204,-5,-78
20051205,-12,-54
20051206,-5,-24
20051207,-6,-27
20051208,-22,-60
20051209,-54,-103
20051210,-24,-112
20051211,-33,-105
20051212,16,-37
20051213,18,-54
20051214,-22,-81
20051215,-11,-45
20051216,-9,-53
20051217,-53,-84
20051218,-39,-95
20051219,-36,-69
20051220,-52,-76
20051221,-54,-72
20051222,-57,-121
20051223,-81,-149
20051224,-36,-81
20051225,-45,-89
20051226,-89,-160
20051227,-85,-114
20051228,-78,-110
20051229,-63,-138
20051230,-28,-63
20051231,9,-31
20060101,4,-6
20060102,-2,-10
20060103,-1,-22
20060104,-16,-33
20060105,-13,-35
20060106,-13,-24
20060107,-24,-46
20060108,-27,-59
20060109,-52,-93
20060110,-13,-88
20060111,17,-13
20060112,28,14
20060113,26,-38
20060114,-13,-27
20060115,1,-22
20060116,-15,-59
20060117,-59,-164
20060118,-156,-225
20060119,-225,-253
20060120,-231,-288
20060121,-250,-275
20060122,-255,-300
20060123,-95,-286
20060124,-21,-95
20060125,-9,-29
20060126,-17,-77
20060127,9,-60
20060128,-10,-65
20060129,-18,-65
20060130,4,-67
20060131,-62,-157
20060201,-115,-184
20060202,-142,-202
20060203,-193,-261
20060204,-175,-238
20060205,-178,-261
20060206,-208,-295
20060207,-185,-300
20060208,-162,-265
20060209,-154,-233
20060210,-92,-155
20060211,-62,-109
20060212,-100,-219
20060213,-74,-224
20060214,-34,-111
20060215,-76,-185
20060216,-74,-156
20060217,-110,-185
20060218,-75,-172
20060219,-50,-75
20060220,-30,-77
20060221,-22,-77
20060222,-70,-132
20060223,-50,-156
20060224,-32,-62
20060225,0,-72
20060226,-53,-98
20060227,-85,-163
20060228,-98,-169
20060301,-97,-171
20060302,-92,-219
20060303,-72,-166
20060304,-88,-154
20060305,-64,-141
20060306,-60,-139
20060307,-71,-148
20060308,-89,-161
20060309,-104,-256
20060310,-94,-274
20060311,-69,-282
20060312,-36,-238
20060313,-10,-195
20060314,9,-181
20060315,-15,-157
20060316,13,-185
20060317,52,-145
20060318,22,-45
20060319,-1,-57
20060320,-57,-107
20060321,-60,-135
20060322,-41,-120
20060323,-30,-200
20060324,-17,-227
20060325,-2,-148
20060326,-16,-86
20060327,-16,-208
20060328,-26,-106
20060329,-18,-47
20060330,-18,-65
20060331,36,-27
20060401,38,-8
20060402,23,-34
20060403,22,-64
20060404,28,-2
20060405,31,1
20060406,34,3
20060407,43,-8
20060408,40,0
20060409,91,-27
20060410,34,-9
20060411,16,-2
20060412,42,-13
20060413,64,-3
20060414,61,9999
20060415,43,5
20060416,90,-30
20060417,84,-30
20060418,58,14
20060419,49,24
20060420,105,6
20060421,59,16
20060422,77,7
20060423,104,-43
20060424,128,-31
20060425,144,-29
20060426,158,-20
20060427,136,4
20060428,103,8
20060429,125,-6
20060430,136,-31
20060501,154,-26
20060502,178,-4
20060503,192,4
20060504,203,54
20060505,210,21
20060506,216,34
20060507,199,62
20060508,195,18
20060509,167,59
20060510,132,24
20060511,146,9
20060512,188,18
20060513,201,37
20060514,162,53
20060515,100,22
20060516,76,12
20060517,100,-32
20060518,131,9
20060519,147,31
20060520,93,69
20060521,163,81
20060522,195,70
20060523,183,65
20060524,125,77
20060525,164,76
20060526,144,49
20060527,140,24
20060528,122,67
20060529,155,54
20060530,118,69
20060531,171,61
20060601,127,64
20060602,165,87
20060603,160,80
20060604,165,101
20060605,164,87
20060606,135,73
20060607,103,50
20060608,138,42
20060609,176,55
20060610,178,117
20060611,171,73
20060612,245,67
20060613,270,133
20060614,273,152
20060615,232,89
20060616,219,76
20060617,237,151
20060618,274,116
20060619,290,130
20060620,291,161
20060621,297,165
20060622,289,175
20060623,249,177
20060624,228,139
20060625,239,118
20060626,213,112
20060627,210,108
20060628,200,136
20060629,189,120
20060630,183,78
20060701,225,68
20060702,260,109
20060703,252,134
20060704,272,149
20060705,206,138
20060706,228,95
20060707,289,153
20060708,304,160
20060709,306,171
20060710,304,168
20060711,268,172
20060712,260,152
20060713,268,122
20060714,227,146
20060715,212,134
20060716,209,116
20060717,192,108
20060718,174,113
20060719,181,117
20060720,172,101
20060721,206,69
20060722,213,114
20060723,242,100
20060724,247,135
20060725,244,133
20060726,207,129
20060727,175,104
20060728,192,85
20060729,175,84
20060730,154,111
20060731,194,65
20060801,223,66
20060802,235,92
20060803,227,109
20060804,227,115
20060805,253,108
20060806,228,116
20060807,263,121
20060808,259,180
20060809,242,110
20060810,219,133
20060811,240,96
20060812,244,121
20060813,240,125
20060814,224,118
20060815,237,153
20060816,230,149
20060817,221,131
20060818,223,142
20060819,247,120
20060820,217,129
20060821,215,129
20060822,212,108
20060823,222,127
20060824,231,141
20060825,232,153
20060826,200,133
20060827,224,118
20060828,202,118
20060829,211,142
20060830,204,96
20060831,186,146
20060901,157,136
20060902,190,119
20060903,213,130
20060904,199,134
20060905,158,119
20060906,145,116
20060907,151,109
20060908,174,108
20060909,123,100
20060910,154,89
20060911,173,98
20060912,163,97
20060913,214,99
20060914,9999,9999
20060915,105,39
20060916,149,18
20060917,120,75
20060918,130,54
20060919,163,53
20060920,168,120
20060921,166,73
20060922,180,126
20060923,206,78
20060924,197,125
20060925,171,15
20060926,94,-13
20060927,134,70
20060928,178,118
20060929,147,54
20060930,63,42
20061001,80,19
20061002,120,59
20061003,134,89
20061004,111,61
20061005,108,90
20061006,124,97
20061007,108,77
20061008,120,96
20061009,133,102
20061010,109,86
20061011,103,76
20061012,93,62
20061013,74,58
20061014,78,58
20061015,77,51
20061016,81,38
20061017,105,40
20061018,55,18
20061019,46,4
20061020,10,-22
20061021,24,-12
20061022,64,11
20061023,81,51
20061024,134,63
20061025,127,20
20061026,52,-1
20061027,106,17
20061028,90,-5
20061029,-5,-38
20061030,7,-44
20061031,6,-60
20061101,-22,-36
20061102,-26,-43
20061103,-27,-80
20061104,-65,-114
20061105,-60,-133
20061106,-28,-118
20061107,7,-52
20061108,25,6
20061109,15,-43
20061110,-4,-23
20061111,-23,-56
20061112,-9,-49
20061113,-30,-56
20061114,-9,-39
20061115,12,-9
20061116,6,-65
20061117,-6,-68
20061118,15,-22
20061119,33,8
20061120,33,8
20061121,22,8
20061122,27,13
20061123,32,7
20061124,34,5
20061125,57,31
20061126,70,39
20061127,67,43
20061128,47,-3
20061129,53,37
20061130,60,42
20061201,45,12
20061202,68,19
20061203,58,25
20061204,44,27
20061205,53,39
20061206,89,30
20061207,75,44
20061208,68,31
20061209,74,57
20061210,75,52
20061211,54,34
20061212,56,21
20061213,48,30
20061214,39,26
20061215,76,23
20061216,27,9
20061217,10,-26
20061218,-7,-39
20061219,-32,-57
20061220,-33,-83
20061221,24,-37
20061222,31,-10
20061223,32,-6
20061224,6,-52
20061225,-51,-95
20061226,12,-112
20061227,26,-6
20061228,2,-52
20061229,-22,-54
20061230,-10,-76
20061231,34,-10
20070101,19,-4
20070102,16,1
20070103,7,-3
20070104,3,-17
20070105,32,-2
20070106,33,-36
20070107,-14,-42
20070108,21,-16
20070109,44,21
20070110,62,10
20070111,22,-42
20070112,-42,-121
20070113,-34,-118
20070114,-11,-42
20070115,-4,-68
20070116,33,-73
20070117,23,-7
20070118,23,-32
20070119,3,-34
20070120,-34,-146
20070121,-105,-175
20070122,-136,-188
20070123,-126,-201
20070124,-100,-189
20070125,-98,-177
20070126,-29,-104
20070127,-31,-86
20070128,-81,-149
20070129,-124,-180
20070130,-133,-209
20070131,-172,-242
20070201,-144,-247
20070202,-68,-261
20070203,-25,-68
20070204,-39,-140
20070205,-139,-227
20070206,-227,-271
20070207,-229,-298
20070208,-241,-339
20070209,-216,-332
20070210,-169,-313
20070211,-86,-189
20070212,-39,-118
20070213,-96,-205
20070214,-115,-137
20070215,-88,-159
20070216,-76,-197
20070217,6,-76
20070218,4,-117
20070219,-117,-211
20070220,-184,-255
20070221,-143,-207
20070222,-157,-214
20070223,-139,-283
20070224,-141,-313
20070225,-78,-213
20070226,-83,-199
20070227,-53,-146
20070228,-39,-83
20070301,-15,-41
20070302,7,-21
20070303,16,0
20070304,14,2
20070305,6,-18
20070306,1,-29
20070307,9,-81
20070308,12,-6
20070309,21,0
20070310,18,3
20070311,27,3
20070312,54,-4
20070313,86,2
20070314,56,-24
20070315,69,-27
20070316,48,-21
20070317,33,-32
20070318,19,-1
20070319,34,-8
20070320,54,3
20070321,73,-35
20070322,28,10
20070323,42,5
20070324,92,-33
20070325,113,-53
20070326,102,-2
20070327,131,-27
20070328,134,-22
20070329,124,-21
20070330,117,17
20070331,93,-7
20070401,92,-36
20070402,104,27
20070403,66,-19
20070404,10,-57
20070405,62,-16
20070406,49,-10
20070407,5,-43
20070408,12,-65
20070409,31,-91
20070410,61,-90
20070411,60,-19
20070412,82,4
20070413,101,-23
20070414,128,31
20070415,161,-17
20070416,198,5
20070417,119,10
20070418,50,20
20070419,81,-21
20070420,48,16
20070421,93,21
20070422,83,17
20070423,120,-31
20070424,62,16
20070425,120,40
20070426,181,73
20070427,165,94
20070428,108,15
20070429,76,-9
20070430,34,-15
20070501,59,-39
20070502,56,-23
20070503,51,13
20070504,71,-18
20070505,85,-36
20070506,121,18
20070507,181,41
20070508,137,71
20070509,100,54
20070510,67,47
20070511,122,-10
20070512,115,0
20070513,115,38
20070514,174,8
20070515,136,104
20070516,146,51
20070517,156,68
20070518,174,16
20070519,208,47
20070520,202,110
20070521,207,79
20070522,163,88
20070523,158,64
20070524,164,48
20070525,145,95
20070526,163,121
20070527,229,133
20070528,231,128
20070529,183,121
20070530,154,104
20070531,171,132
20070601,161,73
20070602,179,63
20070603,231,73
20070604,256,102
20070605,235,115
20070606,256,157
20070607,217,114
20070608,233,107
20070609,221,110
20070610,194,119
20070611,169,111
20070612,157,104
20070613,207,102
20070614,185,104
20070615,127,81
20070616,189,64
20070617,202,67
20070618,185,120
20070619,182,98
20070620,172,76
20070621,173,84
20070622,173,60
20070623,195,64
20070624,216,84
20070625,200,99
20070626,153,81
20070627,158,105
20070628,183,133
20070629,190,118
20070630,207,138
20070701,212,114
20070702,231,123
20070703,237,123
20070704,244,123
20070705,218,139
20070706,185,134
20070707,232,148
20070708,208,139
20070709,218,134
20070710,221,144
20070711,234,137
20070712,224,163
20070713,198,133
20070714,210,167
20070715,207,146
20070716,211,144
20070717,251,131
20070718,249,141
20070719,201,140
20070720,157,123
20070721,193,97
20070722,215,107
20070723,230,107
20070724,210,135
20070725,228,140
20070726,239,131
20070727,230,153
20070728,203,150
20070729,212,127
20070730,202,128
20070731,169,128
20070801,188,133
20070802,219,103
20070803,228,118
20070804,240,115
20070805,252,129
20070806,246,142
20070807,263,139
20070808,262,145
20070809,251,145
20070810,265,134
20070811,224,176
20070812,251,151
20070813,287,157
20070814,293,154
20070815,249,174
20070816,271,152
20070817,230,179
20070818,207,132
20070819,212,117
20070820,211,125
20070821,225,116
20070822,178,125
20070823,237,126
20070824,198,135
20070825,203,106
20070826,186,120
20070827,137,88
20070828,122,86
20070829,122,95
20070830,101,78
20070831,129,58
20070901,121,43
20070902,110,25
20070903,160,101
20070904,146,75
20070905,157,61
20070906,130,83
20070907,124,71
20070908,127,50
20070909,121,51
20070910,124,31
20070911,130,23
20070912,126,56
20070913,109,73
20070914,95,72
20070915,110,55
20070916,120,83
20070917,104,32
20070918,148,67
20070919,99,63
20070920,122,33
20070921,127,98
20070922,140,102
20070923,143,55
20070924,139,63
20070925,177,87
20070926,158,97
20070927,155,103
20070928,119,83
20070929,128,95
20070930,141,99
20071001,157,101
20071002,130,90
20071003,121,92
20071004,148,113
20071005,123,59
20071006,114,97
20071007,118,91
20071008,102,70
20071009,89,68
20071010,68,14
20071011,55,8
20071012,45,-11
20071013,51,-4
20071014,44,-29
20071015,70,19
20071016,75,47
20071017,125,68
20071018,76,39
20071019,55,18
20071020,36,-23
20071021,43,-44
20071022,35,-40
20071023,32,-27
20071024,64,24
20071025,60,32
20071026,69,34
20071027,64,51
20071028,77,50
20071029,86,65
20071030,92,66
20071031,93,49
20071101,76,35
20071102,53,11
20071103,16,-22
20071104,3,-40
20071105,-20,-80
20071106,17,-23
20071107,2,-25
20071108,15,-24
20071109,14,4
20071110,7,-3
20071111,7,3
20071112,7,-27
20071113,-24,-45
20071114,-29,-98
20071115,-34,-66
20071116,-11,-44
20071117,-30,-102
20071118,-22,-116
20071119,17,-22
20071120,11,-77
20071121,10,-45
20071122,24,4
20071123,31,7
20071124,31,-58
20071125,-13,-71
20071126,4,-13
20071127,3,-37
20071128,-33,-62
20071129,-47,-60
20071130,-33,-65
20071201,-55,-74
20071202,-51,-101
20071203,-13,-55
20071204,3,-20
20071205,1,-34
20071206,25,-25
20071207,29,9
20071208,47,7
20071209,47,22
20071210,29,5
20071211,26,3
20071212,25,-42
20071213,-35,-50
20071214,-35,-48
20071215,5,-37
20071216,0,-15
20071217,3,-14
20071218,21,-4
20071219,13,-26
20071220,40,1
20071221,24,-5
20071222,19,-41
20071223,-12,-79
20071224,24,-13
20071225,30,19
20071226,31,-7
20071227,44,-5
20071228,40,3
20071229,55,2
20071230,47,20
20071231,30,-26
20080101,-1,-55
20080102,-53,-87
20080103,-42,-99
20080104,-85,-155
20080105,-98,-170
20080106,-78,-138
20080107,-69,-100
20080108,-62,-75
20080109,-64,-80
20080110,-2,-75
20080111,12,-3
20080112,25,7
20080113,23,6
20080114,9999,9999
20080115,29,-3
20080116,15,2
20080117,20,11
20080118,17,2
20080119,10,-5
20080120,13,-3
20080121,4,-28
20080122,2,-19
20080123,-18,-37
20080124,-28,-49
20080125,14,-28
20080126,-2,-30
20080127,-24,-46
20080128,-46,-98
20080129,15,-69
20080130,21,-21
20080131,3,-27
20080201,-10,-29
20080202,15,-26
20080203,17,-24
20080204,-23,-128
20080205,-14,-115
20080206,6,-17
20080207,4,-18
20080208,4,-21
20080209,10,-6
20080210,14,4
20080211,17,2
20080212,15,1
20080213,25,-21
20080214,-12,-57
20080215,-54,-99
20080216,-82,-151
20080217,-9,-84
20080218,-14,-71
20080219,-25,-85
20080220,-16,-94
20080221,3,-84
20080222,27,0
20080223,19,-51
20080224,-43,-167
20080225,32,-44
20080226,27,-67
20080227,14,-98
20080228,10,-40
20080229,-36,-54
20080301,-13,-103
20080302,-15,-49
20080303,-49,-123
20080304,-53,-105
20080305,-77,-103
20080306,-17,-169
20080307,-18,-40
20080308,-10,-151
20080309,13,-30
20080310,59,10
20080311,50,-4
20080312,53,-19
20080313,17,-6
20080314,7,-20
20080315,-1,-39
20080316,2,-45
20080317,21,-29
20080318,1,-24
20080319,-12,-62
20080320,-28,-104
20080321,-39,-145
20080322,-24,-200
20080323,9,-73
20080324,-25,-107
20080325,-15,-185
20080326,7,-54
20080327,-12,-40
20080328,11,-61
20080329,53,-84
20080330,68,-13
20080331,113,-32
20080401,111,10
20080402,136,-31
20080403,116,-29
20080404,61,-9
20080405,96,-29
20080406,89,11
20080407,74,30
20080408,60,33
20080409,55,4
20080410,58,4
20080411,35,-22
20080412,59,-39
20080413,25,-27
20080414,18,4
20080415,61,-10
20080416,38,-28
20080417,87,6
20080418,86,-2
20080419,56,-16
20080420,87,-66
20080421,88,-15
20080422,81,-33
20080423,125,-50
20080424,113,-9
20080425,110,-14
20080426,93,-15
20080427,160,-26
20080428,140,58
20080429,161,56
20080430,194,56
20080501,217,51
20080502,209,83
20080503,197,33
20080504,218,26
20080505,141,47
20080506,68,-1
20080507,70,12
20080508,111,17
20080509,105,15
20080510,192,50
20080511,209,35
20080512,174,63
20080513,93,11
20080514,74,-9
20080515,73,-11
20080516,91,-28
20080517,108,-26
20080518,67,11
20080519,101,37
20080520,126,23
20080521,142,8
20080522,144,33
20080523,127,32
20080524,135,4
20080525,156,9
20080526,192,27
20080527,148,71
20080528,175,29
20080529,191,67
20080530,189,69
20080531,155,64
20080601,202,44
20080602,167,111
20080603,157,74
20080604,202,55
20080605,230,86
20080606,185,133
20080607,154,67
20080608,206,47
20080609,172,39
20080610,109,56
20080611,123,69
20080612,103,38
20080613,157,29
20080614,178,52
20080615,142,106
20080616,185,81
20080617,212,70
20080618,188,101
20080619,198,75
20080620,220,102
20080621,192,129
20080622,201,99
20080623,208,93
20080624,179,123
20080625,138,108
20080626,183,103
20080627,183,72
20080628,216,90
20080629,210,101
20080630,220,128
20080701,237,122
20080702,251,124
20080703,224,133
20080704,243,145
20080705,195,114
20080706,139,61
20080707,146,92
20080708,170,66
20080709,198,80
20080710,173,104
20080711,227,88
20080712,198,126
20080713,230,136
20080714,228,140
20080715,200,141
20080716,210,134
20080717,209,138
20080718,206,122
20080719,229,112
20080720,183,132
20080721,197,152
20080722,213,139
20080723,227,138
20080724,221,118
20080725,242,116
20080726,233,137
20080727,177,135
20080728,175,87
20080729,174,101
20080730,180,119
20080731,228,104
20080801,192,119
20080802,149,85
20080803,172,67
20080804,163,96
20080805,155,65
20080806,135,97
20080807,158,82
20080808,132,79
20080809,170,126
20080810,199,83
20080811,178,107
20080812,215,124
20080813,189,139
20080814,205,148
20080815,209,141
20080816,175,101
20080817,182,150
20080818,226,168
20080819,198,137
20080820,198,130
20080821,205,150
20080822,201,136
20080823,177,125
20080824,193,91
20080825,181,110
20080826,147,100
20080827,120,84
20080828,106,89
20080829,121,84
20080830,136,69
20080831,94,60
20080901,133,51
20080902,122,31
20080903,160,35
20080904,169,129
20080905,173,90
20080906,165,114
20080907,147,102
20080908,123,62
20080909,133,71
20080910,107,66
20080911,98,36
20080912,97,49
20080913,107,66
20080914,86,61
20080915,82,64
20080916,73,49
20080917,101,41
20080918,94,57
20080919,97,63
20080920,101,60
20080921,131,38
20080922,153,29
20080923,124,58
20080924,163,55
20080925,124,41
20080926,106,-6
20080927,106,55
20080928,116,83
20080929,100,33
20080930,96,8
20081001,105,9
20081002,91,69
20081003,101,63
20081004,115,61
20081005,118,60
20081006,111,65
20081007,114,65
20081008,82,13
20081009,55,-24
20081010,79,46
20081011,105,18
20081012,114,44
20081013,103,35
20081014,94,33
20081015,79,39
20081016,77,9
20081017,87,56
20081018,59,44
20081019,75,41
20081020,86,42
20081021,104,59
20081022,110,72
20081023,85,14
20081024,86,12
20081025,102,76
20081026,91,69
20081027,88,74
20081028,80,33
20081029,66,35
20081030,50,37
20081031,102,40
20081101,68,16
20081102,26,-10
20081103,47,12
20081104,68,-19
20081105,65,27
20081106,35,-46
20081107,24,-52
20081108,19,-1
20081109,43,2
20081110,70,39
20081111,93,43
20081112,90,44
20081113,71,52
20081114,56,14
20081115,42,8
20081116,40,3
20081117,8,-54
20081118,33,-43
20081119,31,-31
20081120,1,-40
20081121,-6,-79
20081122,-27,-82
20081123,-3,-47
20081124,12,-20
20081125,-7,-35
20081126,-14,-48
20081127,-1,-65
20081128,54,-20
20081129,33,-13
20081130,26,3
20081201,21,3
20081202,46,8
20081203,38,19
20081204,31,1
20081205,20,-16
20081206,1,-22
20081207,-12,-25
20081208,-21,-43
20081209,-26,-48
20081210,-24,-56
20081211,-19,-60
20081212,5,-18
20081213,11,-17
20081214,12,0
20081215,1,-23
20081216,-20,-60
20081217,-50,-73
20081218,4,-67
20081219,11,-10
20081220,3,-24
20081221,-3,-14
20081222,5,-24
20081223,-12,-54
20081224,-40,-74
20081225,-61,-81
20081226,2,-76
20081227,12,-28
20081228,-27,-84
20081229,-13,-43
20081230,6,-38
20081231,10,-10
20090101,4,-105
20090102,-94,-139
20090103,-96,-166
20090104,-112,-167
20090105,-84,-180
20090106,-4,-84
20090107,-53,-220
20090108,-124,-244
20090109,-62,-199
20090110,-2,-83
20090111,14,-2
20090112,33,6
20090113,35,26
20090114,30,13
20090115,14,-91
20090116,-55,-141
20090117,-44,-165
20090118,-44,-73
20090119,-69,-80
20090120,-35,-69
20090121,-31,-84
20090122,-32,-56
20090123,-8,-51
20090124,-51,-75
20090125,-54,-76
20090126,-18,-54
20090127,6,-18
20090128,1,-27
20090129,-27,-50
20090130,-40,-179
20090131,-176,-251
20090201,-73,-234
20090202,-70,-80
20090203,-54,-123
20090204,-42,-81
20090205,-52,-108
20090206,-107,-162
20090207,-51,-136
20090208,6,-70
20090209,13,-74
20090210,-47,-158
20090211,-55,-82
20090212,-73,-95
20090213,-84,-114
20090214,-103,-125
20090215,-122,-165
20090216,-102,-135
20090217,-80,-166
20090218,-78,-113
20090219,-48,-117
20090220,-45,-99
20090221,-37,-104
20090222,-38,-85
20090223,-57,-95
20090224,-33,-114
20090225,-6,-80
20090226,-39,-157
20090227,-20,-66
20090228,-35,-77
20090301,-41,-79
20090302,-37,-62
20090303,-16,-64
20090304,0,-36
20090305,13,-5
20090306,15,-24
20090307,-9,-22
20090308,6,-67
20090309,-34,-85
20090310,-16,-43
20090311,-14,-45
20090312,-21,-177
20090313,3,-170
20090314,19,-100
20090315,7,-67
20090316,26,-105
20090317,21,-9
20090318,11,-22
20090319,26,-74
20090320,29,-130
20090321,28,-32
20090322,7,-99
20090323,-8,-115
20090324,-15,-110
20090325,-21,-127
20090326,-33,-132
20090327,-13,-113
20090328,15,-181
20090329,31,-11
20090330,48,2
20090331,65,-1
20090401,42,-26
20090402,73,-32
20090403,33,-15
20090404,24,-99
20090405,36,-31
20090406,44,-58
20090407,12,-62
20090408,31,-28
20090409,24,-37
20090410,15,-39
20090411,21,0
20090412,24,5
20090413,33,2
20090414,41,7
20090415,28,-4
20090416,52,-74
20090417,27,-39
20090418,7,-35
20090419,47,-59
20090420,31,-21
20090421,43,-72
20090422,75,-25
20090423,95,-26
20090424,128,-33
20090425,173,36
20090426,165,28
20090427,189,35
20090428,9999,9999
20090429,118,35
20090430,99,-19
20090501,164,-19
20090502,174,21
20090503,182,21
20090504,164,56
20090505,137,63
20090506,90,30
20090507,166,21
20090508,169,32
20090509,183,28
20090510,161,56
20090511,127,45
20090512,146,56
20090513,141,34
20090514,103,46
20090515,131,17
20090516,135,16
20090517,153,20
20090518,181,9
20090519,191,34
20090520,149,77
20090521,165,56
20090522,173,59
20090523,173,68
20090524,202,98
20090525,174,87
20090526,220,60
20090527,216,121
20090528,176,93
20090529,184,51
20090530,239,63
20090531,271,99
20090601,241,131
20090602,174,78
20090603,140,78
20090604,88,53
20090605,72,39
20090606,63,33
20090607,112,38
20090608,138,25
20090609,157,50
20090610,176,78
20090611,216,118
20090612,193,106
20090613,250,138
20090614,225,154
20090615,173,116
20090616,142,102
20090617,135,63
20090618,107,78
20090619,160,65
20090620,145,109
20090621,183,107
20090622,218,75
20090623,234,93
20090624,233,101
20090625,245,112
20090626,269,114
20090627,267,119
20090628,248,139
20090629,175,121
20090630,201,122
20090701,247,111
20090702,242,146
20090703,189,123
20090704,133,75
20090705,132,61
20090706,152,61
20090707,190,74
20090708,205,113
20090709,187,129
20090710,216,130
20090711,230,108
20090712,205,121
20090713,178,122
20090714,181,154
20090715,225,127
20090716,240,129
20090717,232,149
20090718,230,109
20090719,205,95
20090720,186,115
20090721,211,151
20090722,213,118
20090723,231,112
20090724,242,119
20090725,210,170
20090726,227,140
20090727,242,130
20090728,222,165
20090729,234,140
20090730,241,135
20090731,251,133
20090801,221,136
20090802,216,119
20090803,203,124
20090804,172,133
20090805,154,102
20090806,230,85
20090807,221,116
20090808,243,118
20090809,259,123
20090810,236,142
20090811,242,138
20090812,196,129
20090813,193,132
20090814,194,104
20090815,192,121
20090816,162,85
20090817,171,132
20090818,154,99
20090819,164,111
20090820,170,91
20090821,196,61
20090822,205,71
20090823,205,85
20090824,189,125
20090825,202,90
20090826,190,99
20090827,185,133
20090828,187,122
20090829,216,126
20090830,160,117
20090831,174,99
20090901,172,106
20090902,215,158
20090903,183,135
20090904,189,127
20090905,186,132
20090906,151,111
20090907,173,110
20090908,170,104
20090909,211,145
20090910,190,107
20090911,165,63
20090912,170,65
20090913,175,64
20090914,171,76
20090915,173,58
20090916,155,71
20090917,137,78
20090918,128,51
20090919,133,62
20090920,164,65
20090921,157,89
20090922,149,51
20090923,143,101
20090924,129,53
20090925,111,29
20090926,168,20
20090927,165,119
20090928,152,73
20090929,83,25
20090930,68,9
20091001,71,-13
20091002,42,12
20091003,69,-11
20091004,105,-6
20091005,88,35
20091006,47,20
20091007,88,-22
20091008,89,15
20091009,56,-30
20091010,60,-3
20091011,65,-33
20091012,26,-30
20091013,18,0
20091014,20,-5
20091015,27,-28
20091016,47,-36
20091017,30,-13
20091018,39,5
20091019,34,6
20091020,36,-15
20091021,46,-8
20091022,39,24
20091023,29,8
20091024,19,8
20091025,23,-1
20091026,56,21
20091027,77,55
20091028,66,20
20091029,23,-19
20091030,3,-38
20091031,-6,-50
20091101,8,-60
20091102,28,-26
20091103,7,-30
20091104,-8,-65
20091105,3,-18
20091106,12,-18
20091107,9,-6
20091108,12,-7
20091109,2,-18
20091110,8,-27
20091111,4,-8
20091112,-6,-28
20091113,-25,-49
20091114,-32,-52
20091115,4,-57
20091116,5,-12
20091117,11,-8
20091118,23,7
20091119,48,18
20091120,39,-11
20091121,75,34
20091122,54,16
20091123,58,2
20091124,58,37
20091125,42,17
20091126,48,17
20091127,56,43
20091128,51,32
20091129,39,23
20091130,40,24
20091201,45,27
20091202,45,-33
20091203,-23,-59
20091204,-25,-51
20091205,-23,-48
20091206,-21,-31
20091207,-4,-22
20091208,-4,-20
20091209,-11,-22
20091210,-21,-31
20091211,-24,-45
20091212,-33,-47
20091213,-16,-131
20091214,-130,-174
20091215,-140,-196
20091216,-126,-186
20091217,-169,-223
20091218,-115,-176
20091219,-87,-173
20091220,-97,-183
20091221,-109,-132
20091222,-79,-148
20091223,-32,-99
20091224,-26,-117
20091225,-112,-231
20091226,-89,-220
20091227,-106,-140
20091228,-48,-187
20091229,-18,-82
20091230,-81,-144
20091231,-104,-136
20100101,-132,-188
20100102,-170,-222
20100103,-195,-305
20100104,-77,-195
20100105,-32,-83
20100106,-83,-242
20100107,-95,-244
20100108,-103,-227
20100109,-208,-238
20100110,-145,-234
20100111,-47,-165
20100112,-38,-54
20100113,-54,-80
20100114,-80,-141
20100115,-89,-114
20100116,-71,-94
20100117,-76,-108
20100118,-72,-117
20100119,-111,-227
20100120,-204,-264
20100121,-199,-253
20100122,-201,-268
20100123,-196,-275
20100124,-217,-293
20100125,-169,-249
20100126,-177,-251
20100127,-190,-282
20100128,-192,-247
20100129,-127,-195
20100130,-107,-139
20100131,-48,-115
20100201,-39,-88
20100202,-6,-75
20100203,-53,-117
20100204,-34,-119
20100205,-33,-49
20100206,-43,-87
20100207,-52,-101
20100208,-59,-83
20100209,-75,-185
20100210,-108,-212
20100211,-96,-201
20100212,-82,-172
20100213,-109,-210
20100214,-114,-215
20100215,-105,-189
20100216,-59,-139
20100217,-135,-268
20100218,-149,-230
20100219,-181,-301
20100220,-213,-287
20100221,-158,-258
20100222,-127,-163
20100223,-91,-171
20100224,-16,-172
20100225,-57,-256
20100226,-39,-168
20100227,4,-68
20100228,11,-1
20100301,9,-14
20100302,4,-14
20100303,-1,-39
20100304,-39,-97
20100305,-57,-132
20100306,-64,-154
20100307,-78,-222
20100308,-13,-194
20100309,-6,-105
20100310,4,-122
20100311,40,-134
20100312,21,-105
20100313,-16,-171
20100314,-61,-183
20100315,-64,-131
20100316,-56,-240
20100317,-45,-262
20100318,-15,-137
20100319,-25,-49
20100320,20,-45
20100321,14,-29
20100322,18,-97
20100323,26,-61
20100324,12,-132
20100325,23,-159
20100326,56,-85
20100327,61,-10
20100328,39,12
20100329,20,3
20100330,26,3
20100331,54,-30
20100401,94,12
20100402,101,17
20100403,123,4
20100404,109,7
20100405,63,13
20100406,114,4
20100407,36,10
20100408,55,1
20100409,70,1
20100410,101,7
20100411,61,21
20100412,96,-13
20100413,96,-15
20100414,80,-2
20100415,104,-44
20100416,69,20
20100417,86,-4
20100418,47,1
20100419,83,-26
20100420,91,-27
20100421,104,-49
20100422,63,7
20100423,31,2
20100424,42,-13
20100425,78,-11
20100426,130,-32
20100427,142,40
20100428,99,-14
20100429,46,-25
20100430,101,31
20100501,106,50
20100502,105,44
20100503,106,3
20100504,57,10
20100505,86,13
20100506,116,-19
20100507,107,-20
20100508,65,23
20100509,146,41
20100510,111,31
20100511,144,52
20100512,208,50
20100513,233,70
20100514,263,108
20100515,259,105
20100516,261,109
20100517,214,127
20100518,239,128
20100519,230,97
20100520,252,70
20100521,267,91
20100522,201,131
20100523,180,56
20100524,190,78
20100525,134,87
20100526,111,48
20100527,129,72
20100528,119,77
20100529,161,80
20100530,136,72
20100531,180,62
20100601,208,60
20100602,159,92
20100603,211,100
20100604,166,97
20100605,121,62
20100606,146,50
20100607,148,74
20100608,151,30
20100609,180,42
20100610,193,94
20100611,212,63
20100612,173,114
20100613,159,102
20100614,129,83
20100615,126,85
20100616,125,80
20100617,183,51
20100618,194,96
20100619,210,121
20100620,186,138
20100621,160,104
20100622,169,101
20100623,207,68
20100624,233,83
20100625,221,104
20100626,231,163
20100627,199,132
20100628,221,84
20100629,234,79
20100630,259,133
20100701,256,144
20100702,218,139
20100703,222,88
20100704,275,109
20100705,274,142
20100706,296,143
20100707,280,154
20100708,302,170
20100709,259,184
20100710,259,144
20100711,283,178
20100712,314,163
20100713,321,191
20100714,325,200
20100715,310,199
20100716,294,204
20100717,261,197
20100718,240,151
20100719,242,168
20100720,251,146
20100721,272,162
20100722,285,166
20100723,248,171
20100724,172,127
20100725,251,127
20100726,310,181
20100727,305,193
20100728,326,179
20100729,326,190
20100730,262,185
20100731,247,169
20100801,241,155
20100802,258,140
20100803,270,141
20100804,296,167
20100805,239,156
20100806,270,158
20100807,313,174
20100808,323,199
20100809,284,206
20100810,246,179
20100811,229,172
20100812,260,170
20100813,276,159
20100814,290,154
20100815,275,193
20100816,208,104
20100817,224,75
20100818,204,109
20100819,178,104
20100820,167,84
20100821,214,94
20100822,222,139
20100823,198,133
20100824,156,114
20100825,194,120
20100826,150,94
20100827,108,78
20100828,121,85
20100829,137,79
20100830,115,64
20100831,147,23
20100901,163,54
20100902,120,97
20100903,114,66
20100904,91,59
20100905,135,39
20100906,139,55
20100907,154,98
20100908,186,89
20100909,174,69
20100910,171,62
20100911,170,89
20100912,172,109
20100913,185,135
20100914,182,136
20100915,169,109
20100916,160,76
20100917,148,78
20100918,128,87
20100919,108,80
20100920,139,67
20100921,115,55
20100922,126,91
20100923,128,64
20100924,145,97
20100925,152,84
20100926,137,40
20100927,105,15
20100928,85,45
20100929,100,44
20100930,128,18
20101001,101,6
20101002,92,22
20101007,125,17
20101008,101,26
20101009,99,57
20101010,94,33
20101011,66,13
20101012,58,3
20101013,42,-2
20101014,28,1
20101015,15,-3
20101016,18,-4
20101017,44,-8
20101018,88,19
20101019,59,38
20101020,49,38
20101021,38,9
20101022,31,-32
20101023,39,-39
20101024,48,5
20101025,55,20
20101026,21,-7
20101027,9,-38
20101028,50,-40
20101029,70,50
20101030,72,32
20101031,73,63
20101101,77,58
20101102,72,-26
20101103,76,-26
20101104,71,42
20101105,42,-8
20101106,1,-39
20101107,17,-17
20101108,0,-50
20101109,-11,-66
20101110,26,-15
20101111,17,-8
20101112,26,-22
20101113,26,8
20101114,27,-8
20101115,46,-17
20101116,34,-21
20101117,-13,-43
20101118,-3,-56
20101119,-4,-58
20101120,-25,-86
20101121,-42,-83
20101122,-48,-92
20101123,-43,-90
20101124,-46,-91
20101125,-61,-117
20101126,-113,-124
20101127,-110,-136
20101128,-117,-161
20101129,-126,-202
20101130,-139,-185
20101201,-127,-220
20101202,-61,-137
20101203,-42,-120
20101204,-91,-118
20101205,-65,-172
20101206,-22,-77
20101207,-54,-86
20101208,-34,-75
20101209,-49,-68
20101210,-56,-77
20101211,-77,-156
20101212,-152,-244
20101213,-167,-245
20101214,-131,-168
20101215,-140,-200
20101216,-109,-223
20101217,-78,-189
20101218,-176,-203
20101219,-152,-193
20101220,-90,-167
20101221,-90,-182
20101222,-160,-211
20101223,-171,-298
20101224,-248,-313
20101225,-177,-250
20101226,-117,-177
20101227,-116,-140
20101228,-125,-163
20101229,-141,-171
20101230,-86,-194
20101231,-86,-162
20110101,-97,-133
20110102,-133,-189
20110103,-138,-164
20110104,-107,-179
20110105,-92,-108
20110106,-79,-111
20110107,-56,-86
20110108,-11,-109
20110109,4,-48
20110110,14,3
20110111,17,-3
20110112,5,-48
20110113,-40,-56
20110114,-49,-118
20110115,-113,-200
20110116,-146,-300
20110117,-63,-149
20110118,-38,-80
20110119,-21,-56
20110120,-56,-84
20110121,-67,-80
20110122,-53,-83
20110123,-62,-219
20110124,-36,-228
20110125,-3,-122
20110126,-118,-219
20110127,-90,-272
20110128,10,-90
20110129,8,-20
20110130,-9,-123
20110131,-37,-223
20110201,-16,-94
20110202,0,-136
20110203,2,-23
20110204,5,-35
20110205,-30,-78
20110206,-77,-172
20110207,-104,-208
20110208,-32,-158
20110209,-56,-97
20110210,-94,-183
20110211,-165,-289
20110212,-155,-252
20110213,-174,-203
20110214,-176,-244
20110215,-137,-255
20110216,-192,-268
20110217,-216,-341
20110218,-163,-294
20110219,-141,-274
20110220,-181,-319
20110221,-182,-308
20110222,-113,-191
20110223,-143,-226
20110224,-137,-260
20110225,-117,-273
20110226,-40,-137
20110227,-17,-95
20110228,-37,-123
20110301,-75,-138
20110302,29,-99
20110303,26,-26
20110304,34,-45
20110305,25,-31
20110306,-24,-67
20110307,-14,-170
20110308,16,-50
20110309,34,-43
20110310,21,-13
20110311,8,-21
20110312,5,-60
20110313,4,-128
20110314,16,-13
20110315,-1,-57
20110316,9,-164
20110317,19,-187
20110318,43,-127
20110319,39,-67
20110320,36,-32
20110321,24,-90
20110322,92,-5
20110323,39,-37
20110324,-5,-61
20110325,-33,-97
20110326,-30,-128
20110327,-5,-138
20110328,17,-34
20110329,2,-91
20110330,1,-83
20110331,45,-186
20110401,46,-142
20110402,55,-32
20110403,39,26
20110404,63,28
20110405,79,21
20110406,45,-16
20110407,27,9
20110408,46,8
20110409,54,4
20110410,55,17
20110411,69,-36
20110412,77,-43
20110413,75,-60
20110414,73,-58
20110415,101,-23
20110416,123,29
20110417,129,19
20110418,107,36
20110419,74,9
20110420,86,-40
20110421,52,21
20110422,102,-24
20110423,145,-18
20110424,186,-4
20110425,171,31
20110426,203,-2
20110427,142,62
20110428,123,-2
20110429,126,-9
20110430,81,-10
20110501,72,-13
20110502,45,5
20110503,72,-4
20110504,95,-19
20110505,74,30
20110506,106,-18
20110507,166,6
20110508,177,4
20110509,216,10
20110510,186,101
20110511,183,23
20110512,129,50
20110513,126,19
20110514,139,21
20110515,163,34
20110516,136,59
20110517,120,59
20110518,116,77
20110519,141,42
20110520,194,88
20110521,185,50
20110522,203,74
20110523,222,63
20110524,188,82
20110525,158,90
20110526,143,73
20110527,153,33
20110528,150,80
20110529,149,82
20110530,137,84
20110531,223,64
20110601,278,133
20110602,237,151
20110603,183,115
20110604,236,79
20110605,209,102
20110606,215,54
20110607,224,101
20110608,247,96
20110609,284,95
20110610,303,146
20110611,249,175
20110612,210,105
20110613,127,62
20110614,101,71
20110615,162,93
20110616,193,78
20110617,225,78
20110618,185,111
20110619,211,101
20110620,174,119
20110621,187,115
20110622,200,97
20110623,201,99
20110624,210,134
20110625,205,113
20110626,193,111
20110627,197,146
20110628,218,152
20110629,242,123
20110630,254,120
20110701,301,165
20110702,299,150
20110703,255,153
20110704,167,112
20110705,182,130
20110706,240,116
20110707,273,127
20110708,286,161
20110709,293,178
20110710,300,166
20110711,276,183
20110712,271,167
20110713,201,155
20110714,208,141
20110715,217,103
20110716,216,157
20110717,215,146
20110718,253,134
20110719,280,158
20110720,256,181
20110721,296,165
20110722,286,180
20110723,283,191
20110724,260,172
20110725,243,142
20110726,270,161
20110727,289,181
20110728,278,177
20110729,241,193
20110730,214,149
20110731,187,140
20110801,169,100
20110802,204,90
20110803,238,90
20110804,241,105
20110805,190,133
20110806,215,123
20110807,226,155
20110808,202,150
20110809,184,120
20110810,186,119
20110811,156,86
20110812,176,100
20110813,200,96
20110814,221,111
20110815,204,144
20110816,172,143
20110817,154,140
20110818,151,134
20110819,202,132
20110820,169,109
20110821,196,119
20110822,206,105
20110823,214,108
20110824,201,88
20110825,198,102
20110826,233,130
20110827,250,152
20110828,257,121
20110829,220,130
20110830,147,111
20110831,172,110
20110901,167,104
20110902,158,109
20110903,149,117
20110904,144,64
20110905,178,53
20110906,198,91
20110907,188,134
20110908,162,130
20110909,149,123
20110910,165,97
20110911,148,98
20110912,137,105
20110913,165,120
20110914,143,126
20110915,149,120
20110916,141,93
20110917,154,71
20110918,125,45
20110919,146,30
20110920,144,91
20110921,133,109
20110922,146,109
20110923,133,89
20110924,109,59
20110925,106,69
20110926,106,37
20110927,139,33
20110928,131,84
20110929,110,42
20110930,176,96
20111001,126,49
20111002,112,10
20111003,101,85
20111004,112,74
20111005,122,74
20111006,129,51
20111007,139,100
20111008,114,45
20111009,86,14
20111010,85,11
20111011,83,57
20111012,83,32
20111013,58,1
20111014,56,11
20111015,46,-27
20111016,75,14
20111017,97,1
20111018,92,50
20111019,68,7
20111020,77,48
20111021,63,27
20111022,75,18
20111023,61,19
20111024,80,17
20111025,55,3
20111026,52,0
20111027,39,26
20111028,63,28
20111029,91,48
20111030,79,40
20111031,88,67
20111101,76,60
20111102,111,72
20111103,99,20
20111104,68,34
20111105,60,33
20111106,33,8
20111107,68,22
20111108,76,27
20111109,29,-23
20111110,20,-41
20111111,41,7
20111112,32,15
20111113,50,19
20111114,53,10
20111115,10,-25
20111116,38,-19
20111117,48,-19
20111118,22,-32
20111119,36,-17
20111120,-13,-75
20111121,3,-87
20111122,5,-41
20111123,24,-22
20111124,61,22
20111125,70,-13
20111126,71,24
20111127,24,-1
20111128,28,-6
20111129,0,-26
20111130,36,-27
20111201,44,-13
20111202,46,13
20111203,35,-16
20111204,16,-16
20111205,22,9
20111206,14,-14
20111207,6,-36
20111208,7,-26
20111209,4,-14
20111210,8,-16
20111211,10,2
20111212,4,-37
20111213,14,-18
20111214,20,4
20111215,35,5
20111216,31,4
20111217,16,2
20111218,33,4
20111219,14,3
20111220,18,3
20111221,12,-15
20111222,-5,-23
20111223,0,-40
20111224,4,-15
20111225,13,-21
20111226,47,13
20111227,52,-11
20111228,20,-18
20111229,28,-31
20111230,33,6
20111231,9,-44
20120101,-38,-86
20120102,-27,-92
20120103,-14,-31
20120104,3,-14
20120105,13,3
20120106,7,-2
20120107,0,-64
20120108,-41,-135
20120109,-44,-131
20120110,-50,-111
20120111,-13,-96
20120112,-5,-51
20120113,-6,-42
20120114,-42,-53
20120115,-49,-75
20120116,-41,-75
20120117,-40,-68
20120118,-49,-94
20120119,-59,-81
20120120,-41,-84
20120121,-42,-95
20120122,-46,-84
20120123,-39,-122
20120124,-92,-144
20120125,-73,-147
20120126,-116,-165
20120127,-91,-159
20120128,-108,-223
20120129,-107,-233
20120130,-180,-285
20120131,-192,-286
20120201,-214,-272
20120202,-202,-258
20120203,-202,-269
20120204,-251,-301
20120205,-255,-310
20120206,-132,-300
20120207,-75,-184
20120208,-129,-240
20120209,-129,-251
20120210,-200,-295
20120211,-115,-275
20120212,-111,-168
20120213,-164,-227
20120214,-109,-215
20120215,-80,-150
20120216,-97,-201
20120217,-50,-108
20120218,-58,-128
20120219,-60,-120
20120220,-10,-60
20120221,-4,-109
20120222,3,-73
20120223,11,-26
20120224,4,-43
20120225,-26,-51
20120226,-34,-72
20120227,-41,-89
20120228,-57,-101
20120229,-15,-76
20120301,8,-107
20120302,32,4
20120303,23,-23
20120304,-18,-76
20120305,-28,-93
20120306,-52,-135
20120307,-19,-190
20120308,-24,-190
20120309,-23,-156
20120310,-5,-40
20120311,-9,-34
20120312,38,-22
20120313,34,-20
20120314,20,-31
20120315,6,-80
20120316,28,-30
20120317,21,-27
20120318,34,-47
20120319,12,-93
20120320,2,-10
20120321,41,-57
20120322,30,-87
20120323,37,-32
20120324,-12,-88
20120325,20,-90
20120326,40,-55
20120327,9,-31
20120328,80,-32
20120329,45,-14
20120330,4,-50
20120331,-14,-102
20120401,2,-143
20120402,11,-122
20120403,44,-83
20120404,6,-91
20120405,51,-60
20120406,35,-29
20120407,8,-58
20120408,19,-142
20120409,51,-152
20120410,57,-102
20120411,79,-36
20120412,92,-10
20120413,112,-5
20120414,80,17
20120415,35,9
20120416,54,-37
20120417,38,2
20120418,41,5
20120419,49,-40
20120420,85,-35
20120421,86,25
20120422,120,-24
20120423,93,-7
20120424,77,49
20120425,86,35
20120426,63,-5
20120427,135,29
20120428,133,56
20120429,117,43
20120430,117,-22
20120501,85,49
20120502,131,-18
20120503,88,24
20120504,104,-23
20120505,73,25
20120506,130,37
20120507,115,37
20120508,142,8
20120509,169,5
20120510,194,79
20120511,166,111
20120512,141,51
20120513,107,21
20120514,138,3
20120515,177,36
20120516,192,27
20120517,246,105
20120518,214,101
20120519,170,64
20120520,190,41
20120521,223,87
20120522,183,102
20120523,137,76
20120524,167,37
20120525,212,64
20120526,200,124
20120527,202,83
20120528,219,71
20120529,131,53
20120530,133,27
20120531,130,67
20120601,158,24
20120602,124,75
20120603,137,83
20120604,124,57
20120605,169,87
20120606,151,53
20120607,189,60
20120608,197,69
20120609,212,80
20120610,173,107
20120611,201,108
20120612,155,105
20120613,223,120
20120614,231,98
20120615,235,105
20120616,208,134
20120617,183,131
20120618,206,120
20120619,156,108
20120620,159,119
20120621,168,109
20120622,199,65
20120623,200,70
20120624,176,107
20120625,194,116
20120626,197,121
20120627,204,109
20120628,138,93
20120629,158,77
20120630,193,62
20120701,231,116
20120702,215,142
20120703,222,97
20120704,219,116
20120705,238,105
20120706,235,125
20120707,242,137
20120708,234,173
20120709,217,179
20120710,232,156
20120711,224,141
20120712,229,131
20120713,197,138
20120714,197,132
20120715,198,135
20120716,182,140
20120717,161,131
20120718,145,130
20120719,175,129
20120720,188,141
20120721,220,106
20120722,195,101
20120723,190,116
20120724,228,143
20120725,242,173
20120726,218,155
20120727,228,113
20120728,247,131
20120729,254,159
20120730,300,179
20120731,238,176
20120801,207,121
20120802,218,131
20120803,239,139
20120804,216,161
20120805,227,148
20120806,234,135
20120807,219,156
20120808,175,100
20120809,111,75
20120810,130,79
20120811,133,91
20120812,183,90
20120813,210,84
20120814,231,108
20120815,232,112
20120816,229,124
20120817,211,128
20120818,230,120
20120819,219,134
20120820,144,77
20120821,170,54
20120822,172,96
20120823,169,126
20120824,164,110
20120825,182,101
20120826,188,99
20120827,140,124
20120828,158,121
20120829,174,122
20120830,162,87
20120831,127,45
20120901,144,49
20120902,122,98
20120903,173,91
20120904,172,103
20120905,184,96
20120906,140,95
20120907,119,81
20120908,113,62
20120909,128,56
20120910,137,31
20120911,196,100
20120912,210,114
20120913,162,116
20120914,155,78
20120915,160,104
20120916,165,83
20120917,163,102
20120918,167,88
20120919,162,130
20120920,157,90
20120921,133,62
20120922,131,29
20120923,100,75
20120924,95,76
20120925,82,71
20120926,90,35
20120927,140,72
20120928,134,105
20120929,132,69
20120930,113,75
20121001,98,76
20121002,137,98
20121003,128,84
20121004,116,101
20121005,120,85
20121006,111,62
20121007,112,58
20121008,93,31
20121009,89,47
20121010,75,56
20121011,80,45
20121012,68,37
20121013,62,20
20121014,60,-1
20121015,50,11
20121016,114,49
20121017,97,65
20121018,100,55
20121019,124,84
20121020,112,6
20121021,44,2
20121022,41,-21
20121023,34,-22
20121024,55,19
20121025,20,-40
20121026,-11,-45
20121027,3,-34
20121028,7,-69
20121029,11,-51
20121030,13,-5
20121031,11,-28
20121101,51,-4
20121102,39,3
20121103,39,13
20121104,45,13
20121105,21,-16
20121106,28,3
20121107,9,-16
20121108,10,-9
20121109,-3,-40
20121110,6,-22
20121111,11,-8
20121112,65,9
20121113,46,-10
20121114,57,-15
20121115,61,31
20121116,47,8
20121117,49,4
20121118,58,30
20121119,43,17
20121120,58,12
20121121,71,50
20121122,65,30
20121123,53,23
20121124,57,39
20121125,45,34
20121126,35,9
20121127,10,-22
20121128,-22,-62
20121129,-61,-80
20121130,-71,-104
20121201,-101,-125
20121202,-80,-107
20121203,-78,-162
20121204,-93,-119
20121205,-103,-185
20121206,-75,-187
20121207,-41,-92
20121208,-39,-63
20121209,-34,-81
20121210,-42,-148
20121211,-52,-141
20121212,-2,-52
20121213,-27,-88
20121214,-42,-61
20121215,-56,-125
20121216,-80,-115
20121217,-93,-125
20121218,-93,-139
20121219,-108,-190
20121220,-126,-204
20121221,-124,-200
20121222,-144,-198
20121223,-143,-252
20121224,-119,-252
20121225,-125,-169
20121226,-124,-199
20121227,1,-159
20121228,6,-53
20121229,-53,-116
20121230,-35,-123
20121231,7,-35
20130101,18,3
20130102,19,2
20130103,5,-10
20130104,-10,-24
20130105,-21,-86
20130106,-60,-117
20130107,-78,-141
20130108,-25,-139
20130109,-12,-25
20130110,-25,-82
20130111,-67,-135
20130112,-135,-210
20130113,-118,-159
20130114,-51,-118
20130115,-51,-67
20130116,-65,-107
20130117,-107,-231
20130118,-231,-299
20130119,-81,-279
20130120,-71,-119
20130121,-56,-152
20130122,-68,-102
20130123,-53,-132
20130124,-78,-163
20130125,-65,-181
20130126,-44,-73
20130127,-29,-79
20130128,-79,-115
20130129,-21,-91
20130130,-18,-34
20130131,-4,-25
20130201,4,-38
20130202,-27,-44
20130203,-36,-52
20130204,-43,-66
20130205,-53,-84
20130206,-73,-114
20130207,-59,-100
20130208,-26,-106
20130209,-10,-26
20130210,-6,-17
20130211,1,-16
20130212,-3,-29
20130213,-7,-27
20130214,-27,-42
20130215,-33,-96
20130216,-38,-105
20130217,-32,-76
20130218,-20,-40
20130219,-33,-85
20130220,-46,-75
20130221,-55,-90
20130222,-35,-73
20130223,-20,-128
20130224,-11,-22
20130225,4,-20
20130226,30,-43
20130227,24,-92
20130228,52,-1
20130301,3,-126
20130302,-84,-193
20130303,-79,-144
20130304,-91,-228
20130305,-52,-187
20130306,6,-71
20130307,-10,-117
20130308,-59,-165
20130309,-75,-161
20130310,-63,-255
20130311,-44,-160
20130312,-61,-183
20130313,-42,-119
20130314,-66,-189
20130315,-45,-192
20130316,-38,-218
20130317,-75,-195
20130318,-61,-181
20130319,-44,-131
20130320,-17,-85
20130321,-62,-140
20130322,-55,-199
20130323,-12,-111
20130324,7,-122
20130325,25,-159
20130326,-5,-94
20130327,17,-168
20130328,47,-91
20130329,19,-98
20130330,38,-137
20130331,46,-114
20130401,21,-126
20130402,43,-89
20130403,49,-87
20130404,65,-91
20130405,56,-88
20130406,29,-43
20130407,33,-136
20130408,20,-50
20130409,41,-68
20130410,49,-85
20130411,63,-85
20130412,66,7
20130413,46,11
20130414,44,17
20130415,59,15
20130416,88,33
20130417,87,12
20130418,115,29
20130419,81,47
20130420,81,14
20130421,95,-8
20130422,130,20
20130423,112,17
20130424,83,28
20130425,108,5
20130426,108,-17
20130427,109,-11
20130428,84,19
20130429,113,-29
20130430,91,34
20130501,117,29
20130502,125,-18
20130503,109,14
20130504,149,27
20130505,117,58
20130506,137,30
20130507,176,27
20130508,161,55
20130509,131,18
20130510,102,62
20130511,132,83
20130512,174,65
20130513,190,60
20130514,193,93
20130515,173,73
20130516,205,44
20130517,225,109
20130518,202,120
20130519,184,106
20130520,207,118
20130521,188,81
20130522,193,75
20130523,168,82
20130524,134,94
20130525,199,113
20130526,226,99
20130527,222,108
20130528,234,97
20130529,247,104
20130530,213,123
20130531,227,105
20130601,261,110
20130602,273,128
20130603,282,117
20130604,283,122
20130605,259,165
20130606,223,125
20130607,198,103
20130608,217,102
20130609,223,118
20130610,221,99
20130611,181,112
20130612,149,86
20130613,183,57
20130614,167,122
20130615,204,127
20130616,191,102
20130617,187,94
20130618,187,112
20130619,187,87
20130620,188,81
20130621,230,130
20130622,231,109
20130623,243,151
20130624,253,132
20130625,278,150
20130626,305,165
20130627,311,179
20130628,259,181
20130629,269,151
20130630,265,181
20130701,229,174
20130702,209,156
20130703,236,113
20130704,240,134
20130705,263,155
20130706,227,172
20130707,242,162
20130708,235,138
20130709,196,122
20130710,218,121
20130711,198,138
20130712,210,104
20130713,214,116
20130714,248,127
20130715,216,131
20130716,181,112
20130717,135,98
20130718,165,103
20130719,171,111
20130720,159,113
20130721,157,118
20130722,201,121
20130723,217,166
20130724,195,150
20130725,220,128
20130726,220,109
20130727,219,115
20130728,234,132
20130729,248,119
20130730,244,132
20130731,243,148
20130801,205,155
20130802,224,155
20130803,243,135
20130804,262,128
20130805,263,137
20130806,254,164
20130807,266,134
20130808,227,170
20130809,236,165
20130810,202,164
20130811,194,145
20130812,185,131
20130813,193,122
20130814,176,124
20130815,179,125
20130816,192,142
20130817,202,101
20130818,222,161
20130819,220,153
20130820,211,115
20130821,221,125
20130822,185,110
20130823,173,76
20130824,181,69
20130825,209,86
20130826,200,103
20130827,224,100
20130828,215,99
20130829,186,106
20130830,166,86
20130831,185,68
20130901,193,79
20130902,155,122
20130903,177,103
20130904,185,67
20130905,204,97
20130906,188,76
20130907,205,70
20130908,200,118
20130909,169,89
20130910,141,81
20130911,173,94
20130912,168,109
20130913,182,116
20130914,187,109
20130915,164,71
20130916,133,98
20130917,142,84
20130918,150,125
20130919,147,119
20130920,144,115
20130921,137,113
20130922,121,88
20130923,109,60
20130924,83,57
20130925,60,14
20130926,58,34
20130927,87,35
20130928,87,22
20130929,68,24
20130930,43,16
20131001,57,19
20131002,58,17
20131003,101,32
20131004,114,10
20131005,125,65
20131006,115,79
20131007,146,73
20131008,127,46
20131009,120,96
20131010,137,89
20131011,94,43
20131012,109,22
20131013,92,8
20131014,50,-24
20131015,83,43
20131016,53,-26
20131017,36,-28
20131018,66,6
20131019,25,-12
20131020,33,-11
20131021,16,-25
20131022,32,-16
20131023,80,-5
20131024,115,79
20131025,104,47
20131026,59,26
20131027,96,50
20131028,107,52
20131029,98,72
20131030,78,45
20131031,47,10
20131101,75,15
20131102,67,40
20131103,50,25
20131104,36,19
20131105,62,8
20131106,65,24
20131107,48,22
20131108,39,18
20131109,68,23
20131110,67,22
20131111,44,-14
20131112,49,-27
20131113,59,38
20131114,45,21
20131115,47,5
20131116,62,19
20131117,69,23
20131118,37,-22
20131119,46,15
20131120,62,-10
20131121,15,-8
20131122,56,14
20131123,52,-6
20131124,10,-28
20131125,-5,-45
20131126,-19,-63
20131127,38,-20
20131128,42,-11
20131129,9,-75
20131130,-16,-93
20131201,6,-80
20131202,5,-100
20131203,26,-66
20131204,22,-67
20131205,-8,-89
20131206,6,-34
20131207,-12,-46
20131208,-38,-56
20131209,-43,-124
20131210,-44,-205
20131211,27,-48
20131212,33,15
20131213,42,-25
20131214,-24,-114
20131215,-32,-125
20131216,23,-32
20131217,62,14
20131218,21,-20
20131219,-4,-40
20131220,21,-14
20131221,23,3
20131222,46,8
20131223,45,18
20131224,24,-1
20131225,38,13
20131226,33,20
20131227,27,6
20131228,52,27
20131229,49,36
20131230,39,18
20131231,27,-9
20140101,42,21
20140102,29,-20
20140103,-18,-30
20140104,1,-21
20140105,17,-2
20140106,12,-10
20140107,13,-9
20140108,12,1
20140109,25,10
20140110,22,-71
20140111,-70,-111
20140112,-89,-115
20140113,-90,-134
20140114,-99,-148
20140115,-102,-175
20140116,-128,-191
20140117,-124,-175
20140118,-113,-195
20140119,-98,-173
20140120,-170,-233
20140121,-126,-249
20140122,-126,-202
20140123,-190,-231
20140124,-134,-261
20140125,-65,-134
20140126,-76,-91
20140127,-90,-124
20140128,-84,-155
20140129,-127,-209
20140130,-173,-242
20140131,-136,-240
20140201,-78,-136
20140202,-55,-78
20140203,-10,-63
20140204,10,-10
20140205,-6,-62
20140206,-40,-64
20140207,-42,-56
20140208,7,-46
20140209,21,5
20140210,13,-1
20140211,8,1
20140212,3,-6
20140213,10,-3
20140214,8,-7
20140215,6,-10
20140216,4,-15
20140217,14,2
20140218,21,0
20140219,7,-40
20140220,-35,-53
20140221,-24,-53
20140222,14,-37
20140223,26,4
20140224,48,20
20140225,45,15
20140226,38,-37
20140227,26,-25
20140228,17,-31
20140301,17,-47
20140302,7,-14
20140303,15,-1
20140304,17,1
20140305,9,-7
20140306,36,-6
20140307,31,0
20140308,33,7
20140309,41,-1
20140310,77,18
20140311,69,17
20140312,96,-17
20140313,96,25
20140314,66,26
20140315,35,-22
20140316,-7,-42
20140317,-19,-90
20140318,-2,-129
20140319,2,-48
20140320,11,-67
20140321,74,-42
20140322,88,-5
20140323,39,-11
20140324,68,-3
20140325,63,-41
20140326,71,-34
20140327,83,-52
20140328,41,-23
20140329,89,-37
20140330,65,-20
20140331,21,-30
20140401,28,-69
20140402,27,-66
20140403,40,-19
20140404,30,-69
20140405,81,-60
20140406,74,2
20140407,59,-68
20140408,35,-51
20140409,26,-59
20140410,52,-83
20140411,70,-27
20140412,54,26
20140413,59,28
20140414,67,35
20140415,65,17
20140416,80,-24
20140417,103,-27
20140418,132,48
20140419,143,1
20140420,145,45
20140421,152,25
20140422,158,8
20140423,91,-1
20140424,115,-39
20140425,145,12
20140426,155,30
20140427,150,-8
20140428,166,11
20140429,120,36
20140430,72,15
20140501,63,-24
20140502,60,-34
20140503,88,-31
20140504,77,14
20140505,42,0
20140506,66,-4
20140507,84,-28
20140508,98,-21
20140509,104,37
20140510,155,74
20140511,109,82
20140512,153,56
20140513,112,75
20140514,101,28
20140515,86,12
20140516,120,-7
20140517,188,41
20140518,238,44
20140519,274,85
20140520,289,137
20140521,238,151
20140522,240,134
20140523,273,127
20140524,285,125
20140525,278,145
20140526,197,61
20140527,99,40
20140528,109,37
20140529,109,77
20140530,135,98
20140531,171,79
20140601,185,71
20140602,192,90
20140603,184,119
20140604,270,141
20140605,288,123
20140606,296,154
20140607,252,140
20140608,223,138
20140609,214,139
20140610,153,94
20140611,210,62
20140612,232,100
20140613,227,130
20140614,170,98
20140615,165,54
20140616,179,87
20140617,94,42
20140618,144,47
20140619,149,93
20140620,151,72
20140621,111,71
20140622,152,33
20140623,184,78
20140624,149,104
20140625,126,64
20140626,146,40
20140627,156,76
20140628,178,56
20140629,176,73
20140630,114,102
20140701,134,101
20140702,177,130
20140703,192,91
20140704,189,109
20140705,209,107
20140706,240,94
20140707,266,114
20140708,264,122
20140709,271,146
20140710,184,94
20140711,219,75
20140712,236,102
20140713,260,143
20140714,274,157
20140715,265,168
20140716,249,165
20140717,248,146
20140718,246,139
20140719,260,136
20140720,264,146
20140721,234,150
20140722,276,135
20140723,287,163
20140724,267,159
20140725,296,160
20140726,310,170
20140727,311,179
20140728,297,169
20140729,283,171
20140730,241,150
20140731,300,186
20140801,262,167
20140802,263,154
20140803,278,148
20140804,278,154
20140805,281,144
20140806,291,152
20140807,295,136
20140808,270,169
20140809,268,149
20140810,265,151
20140811,270,158
20140812,225,168
20140813,218,142
20140814,221,127
20140815,223,135
20140816,199,125
20140817,206,111
20140818,198,102
20140819,170,115
20140820,192,118
20140821,192,119
20140822,181,107
20140823,188,101
20140824,185,98
20140825,156,92
20140826,163,117
20140827,162,113
20140828,170,112
20140829,151,111
20140830,123,84
20140831,117,88
20140901,125,81
20140902,155,80
20140903,176,118
20140904,207,98
20140905,197,134
20140906,198,103
20140907,192,79
20140908,197,68
20140909,215,87
20140910,211,107
20140911,209,99
20140912,195,120
20140913,157,72
20140914,174,45
20140915,157,64
20140916,173,37
20140917,178,46
20140918,180,73
20140919,170,62
20140920,188,80
20140921,165,91
20140922,129,38
20140923,38,11
20140924,66,13
20140925,109,21
20140926,129,64
20140927,129,83
20140928,133,73
20140929,138,62
20140930,88,53
20141001,89,6
20141002,118,-4
20141003,118,40
20141004,103,12
20141005,66,24
20141006,58,40
20141007,78,14
20141008,100,8
20141009,122,60
20141010,90,75
20141011,120,85
20141012,87,45
20141013,57,12
20141014,68,6
20141015,50,6
20141016,17,-9
20141017,-4,-28
20141018,13,-67
20141019,25,-42
20141020,17,3
20141021,4,-41
20141022,-33,-77
20141023,-26,-105
20141024,-5,-83
20141025,23,-6
20141026,49,22
20141027,107,49
20141028,115,47
20141029,114,86
20141030,97,21
20141031,52,4
20141101,6,-58
20141102,38,-62
20141103,81,38
20141104,101,66
20141105,99,-6
20141106,2,-14
20141107,-3,-19
20141108,-4,-23
20141109,32,-19
20141110,54,22
20141111,83,34
20141112,83,1
20141113,9,-22
20141114,-18,-34
20141115,-18,-47
20141116,5,-34
20141117,7,-10
20141118,-8,-21
20141119,-8,-21
20141120,-5,-21
20141121,-20,-48
20141122,-5,-34
20141123,5,-6
20141124,11,-16
20141125,7,-16
20141126,17,6
20141127,18,7
20141128,7,-10
20141129,0,-10
20141130,0,-11
20141201,-3,-33
20141202,-14,-68
20141203,24,-14
20141204,45,0
20141205,15,-28
20141206,16,-4
20141207,23,-13
20141208,26,8
20141209,16,3
20141210,25,4
20141211,11,-5
20141212,4,-13
20141213,5,-8
20141214,0,-37
20141215,18,-9
20141216,20,-7
20141217,15,-7
20141218,4,-26
20141219,6,-35
20141220,14,-2
20141221,3,-33
20141222,-31,-82
20141223,-59,-115
20141224,-112,-153
20141225,-115,-170
20141226,-50,-130
20141227,-49,-102
20141228,-96,-188
20141229,-176,-225
20141230,-24,-220
20141231,20,-24
20150101,29,5
20150102,25,3
20150103,26,-17
20150104,-17,-102
20150105,-102,-144
20150106,-136,-178
20150107,-46,-188
20150108,-29,-46
20150109,3,-43
20150110,-10,-102
20150111,-102,-157
20150112,-141,-190
20150113,-71,-212
20150114,-19,-111
20150115,3,-70
20150116,21,-15
20150117,33,17
20150118,21,-4
20150119,-3,-110
20150120,-109,-197
20150121,-150,-203
20150122,-175,-231
20150123,-111,-195
20150124,-32,-111
20150125,-24,-50
20150126,-12,-45
20150127,-12,-39
20150128,1,-24
20150129,-4,-17
20150130,1,-45
20150131,-2,-55
20150201,4,-26
20150202,4,-3
20150203,2,-20
20150204,-16,-47
20150205,-44,-61
20150206,8,-47
20150207,7,-66
20150208,-4,-105
20150209,-59,-190
20150210,50,-59
20150211,65,9
20150212,43,-6
20150213,5,-102
20150214,6,-28
20150215,-12,-151
20150216,-42,-216
20150217,-29,-114
20150218,17,-56
20150219,20,-59
20150220,33,17
20150221,23,7
20150222,21,2
20150223,30,-4
20150224,21,2
20150225,26,6
20150226,26,-3
20150227,7,-11
20150228,-2,-24
20150301,28,-8
20150302,28,0
20150303,21,3
20150304,17,3
20150305,30,0
20150306,27,-5
20150307,18,-3
20150308,45,18
20150309,76,22
20150310,45,-20
20150311,31,3
20150312,66,-58
20150313,68,-77
20150314,72,-84
20150315,91,-82
20150316,122,-74
20150317,114,-59
20150318,106,-44
20150319,97,-34
20150320,55,-20
20150321,-17,-63
20150322,-25,-106
20150323,11,-50
20150324,41,-10
20150325,-5,-75
20150326,26,-112
20150327,23,-54
20150328,63,5
20150329,30,7
20150330,7,-6
20150331,35,-2
20150401,37,9
20150402,10,2
20150403,25,1
20150404,62,4
20150405,73,4
20150406,86,-40
20150407,60,5
20150408,67,17
20150409,96,21
20150410,84,35
20150411,108,20
20150412,131,-14
20150413,101,27
20150414,56,-19
20150415,29,12
20150416,48,-2
20150417,76,-18
20150418,64,-23
20150419,39,-20
20150420,80,21
20150421,88,-15
20150422,101,27
20150423,65,5
20150424,66,-15
20150425,76,-8
20150426,89,-15
20150427,99,20
20150428,133,45
20150429,69,25
20150430,86,11
20150501,109,15
20150502,82,37
20150503,84,30
20150504,111,-16
20150505,121,0
20150506,174,65
20150507,153,99
20150508,140,76
20150509,130,39
20150510,151,65
20150511,115,56
20150512,122,25
20150513,132,75
20150514,98,59
20150515,118,43
20150516,126,3
20150517,114,27
20150518,61,37
20150519,97,59
20150520,173,30
20150521,125,54
20150522,181,45
20150523,155,73
20150524,136,37
20150525,183,15
20150526,211,47
20150527,171,99
20150528,185,105
20150529,195,55
20150530,186,64
20150531,171,63
20150601,185,74
20150602,195,118
20150603,166,98
20150604,146,92
20150605,154,85
20150606,190,46
20150607,184,120
20150608,160,90
20150609,155,69
20150610,158,74
20150611,152,108
20150612,166,96
20150613,226,97
20150614,152,115
20150615,144,105
20150616,125,69
20150617,143,75
20150618,174,47
20150619,203,93
20150620,231,122
20150621,234,87
20150622,221,113
20150623,179,138
20150624,191,121
20150625,184,132
20150626,186,113
20150627,180,91
20150628,197,89
20150629,245,102
20150630,224,122
20150701,190,139
20150702,209,111
20150703,295,138
20150704,267,177
20150705,207,123
20150706,172,54
20150707,145,84
20150708,167,106
20150709,220,132
20150710,208,113
20150711,175,118
20150712,150,101
20150713,154,100
20150714,177,85
20150715,173,106
20150716,187,112
20150717,172,113
20150718,229,100
20150719,197,127
20150720,215,129
20150721,215,117
20150722,177,96
20150723,193,129
20150724,179,132
20150725,221,137
20150726,190,118
20150727,211,149
20150728,193,94
20150729,181,138
20150730,204,118
20150731,177,106
20150801,181,136
20150802,208,138
20150803,198,109
20150804,209,128
20150805,224,104
20150806,206,114
20150807,232,128
20150808,241,125
20150809,224,162
20150810,230,106
20150811,248,133
20150812,242,162
20150813,194,140
20150814,181,113
20150815,192,111
20150816,189,112
20150817,188,72
20150818,188,80
20150819,233,74
20150820,247,103
20150821,245,108
20150822,243,108
20150823,239,102
20150824,241,91
20150825,243,114
20150826,237,107
20150827,199,149
20150828,164,122
20150829,181,127
20150830,192,107
20150831,205,97
20150901,203,95
20150902,145,85
20150903,147,83
20150904,176,75
20150905,170,104
20150906,175,101
20150907,163,98
20150908,131,105
20150909,145,71
20150910,171,83
20150911,200,73
20150912,198,75
20150913,192,74
20150914,176,97
20150915,171,77
20150916,141,101
20150917,152,121
20150918,171,140
20150919,171,133
20150920,171,101
20150921,139,77
20150922,149,102
20150923,150,91
20150924,170,89
20150925,160,91
20150926,157,70
20150927,127,57
20150928,118,87
20150929,107,32
20150930,138,35
20151001,125,64
20151002,146,86
20151003,132,37
20151004,119,21
20151005,107,35
20151006,44,4
20151007,45,-19
20151008,37,-25
20151009,49,1
20151010,49,20
20151011,66,-2
20151012,93,13
20151013,97,34
20151014,79,12
20151015,78,13
20151016,97,47
20151017,100,49
20151018,108,41
20151019,75,-22
20151020,52,-28
20151021,86,32
20151022,68,32
20151023,62,53
20151024,78,43
20151025,71,40
20151026,74,45
20151027,48,4
20151028,28,-24
20151029,35,15
20151030,30,-18
20151031,63,-17
20151101,90,62
20151102,100,66
20151103,112,23
20151104,83,26
20151105,64,-18
20151106,46,-26
20151107,67,43
20151108,44,22
20151109,48,29
20151110,47,32
20151111,32,9
20151112,26,-2
20151113,18,-4
20151114,30,18
20151115,23,4
20151116,8,-8
20151117,13,-10
20151118,17,9
20151119,21,1
20151120,23,-3
20151121,10,2
20151122,4,-10
20151123,-3,-22
20151124,-7,-38
20151125,25,-8
20151126,23,4
20151127,60,3
20151128,71,32
20151129,32,9
20151130,20,5
20151201,17,2
20151202,9,-4
20151203,40,-15
20151204,39,-12
20151205,51,-9
20151206,77,33
20151207,60,14
20151208,27,-22
20151209,59,-21
20151210,62,13
20151211,67,24
20151212,26,3
20151213,12,-15
20151214,-3,-49
20151215,-6,-54
20151216,-14,-51
20151217,-33,-97
20151218,-11,-42
20151219,34,-17
20151220,72,11
20151221,88,57
20151222,64,38
20151223,38,5
20151224,18,-16
20151225,51,-16
20151226,41,-36
20151227,-31,-65
20151228,-22,-80
20151229,-29,-111
20151230,-41,-124
20151231,-27,-43
20160101,-36,-92
20160102,-89,-170
20160103,-78,-147
20160104,-135,-185
20160105,-181,-203
20160106,-202,-256
20160107,-245,-273
20160108,-210,-261
20160109,-176,-220
20160110,-144,-214
20160111,-107,-227
20160112,-81,-123
20160113,-100,-136
20160114,-136,-235
20160115,-234,-313
20160116,-229,-330
20160117,-160,-229
20160118,-204,-312
20160119,-217,-325
20160120,-267,-315
20160121,-203,-304
20160122,-186,-311
20160123,-72,-188
20160124,-38,-72
20160125,-53,-85
20160126,3,-68
20160127,10,2
20160128,24,2
20160129,16,-48
20160130,29,-16
20160131,28,-5
20160201,0,-37
20160202,3,-45
20160203,-2,-42
20160204,-22,-98
20160205,-21,-86
20160206,-54,-115
20160207,22,-62
20160208,19,1
20160209,17,3
20160210,32,10
20160211,25,15
20160212,17,-2
20160213,17,-2
20160214,11,-3
20160215,-1,-19
20160216,-4,-83
20160217,-17,-72
20160218,-5,-80
20160219,1,-20
20160220,-1,-21
20160221,-15,-27
20160222,-20,-49
20160223,-15,-75
20160224,-4,-90
20160225,3,-12
20160226,-1,-35
20160227,-35,-120
20160228,2,-159
20160229,-21,-90
20160301,-36,-80
20160302,-35,-90
20160303,-55,-108
20160304,-3,-68
20160305,13,-28
20160306,6,-9
20160307,10,-2
20160308,17,1
20160309,18,1
20160310,35,-17
20160311,30,-14
20160312,30,-13
20160313,61,-39
20160314,9,-23
20160315,40,-13
20160316,87,13
20160317,48,-7
20160318,-5,-80
20160319,-29,-99
20160320,-8,-99
20160321,-1,-127
20160322,1,-157
20160323,17,-142
20160324,13,-77
20160325,20,-14
20160326,56,2
20160327,81,14
20160328,106,-11
20160329,114,-28
20160330,112,-25
20160331,37,4
20160401,51,1
20160402,33,1
20160403,66,-39
20160404,58,-35
20160405,74,-44
20160406,70,12
20160407,93,30
20160408,92,22
20160409,81,10
20160410,100,-8
20160411,73,-18
20160412,100,-2
20160413,109,2
20160414,60,-16
20160415,39,-26
20160416,119,-47
20160417,148,-19
20160418,65,35
20160419,84,0
20160420,73,-6
20160421,52,2
20160422,43,-3
20160423,51,-30
20160424,81,-48
20160425,81,7
20160426,145,28
20160427,109,68
20160428,159,50
20160429,138,74
20160430,181,42
20160501,147,25
20160502,173,23
20160503,178,20
20160504,190,50
20160505,209,48
20160506,220,51
20160507,212,45
20160508,221,55
20160509,202,95
20160510,223,43
20160511,123,58
20160512,146,5
20160513,167,43
20160514,177,46
20160515,195,92
20160516,190,72
20160517,167,55
20160518,164,46
20160519,189,39
20160520,196,63
20160521,161,109
20160522,180,75
20160523,213,70
20160524,239,85
20160525,249,90
20160526,203,104
20160527,126,84
20160528,149,90
20160529,199,87
20160530,254,98
20160531,234,97
20160601,243,88
20160602,236,129
20160603,263,121
20160604,161,87
20160605,118,72
20160606,106,49
20160607,179,22
20160608,165,69
20160609,108,51
20160610,116,45
20160611,151,25
20160612,128,67
20160613,138,71
20160614,209,55
20160615,224,81
20160616,239,135
20160617,227,159
20160618,224,146
20160619,167,131
20160620,199,132
20160621,253,109
20160622,237,146
20160623,232,126
20160624,232,146
20160625,244,146
20160626,225,148
20160627,211,145
20160628,180,135
20160629,207,130
20160630,258,134
20160701,242,162
20160702,266,143
20160703,276,163
20160704,174,137
20160705,161,116
20160706,154,130
20160707,207,132
20160708,213,142
20160709,176,135
20160710,223,99
20160711,241,124
20160712,207,147
20160713,228,147
20160714,230,147
20160715,205,119
20160716,208,153
20160717,208,142
20160718,192,148
20160719,215,118
20160720,216,133
20160721,188,143
20160722,187,144
20160723,210,156
20160724,247,141
20160725,266,161
20160726,270,157
20160727,266,167
20160728,246,172
20160729,185,157
20160730,203,166
20160731,241,162
20160801,228,159
20160802,212,143
20160803,213,125
20160804,207,122
20160805,227,152
20160806,184,150
20160807,213,129
20160808,236,143
20160809,202,162
20160810,199,134
20160811,163,125
20160812,171,103
20160813,165,101
20160814,188,144
20160815,203,147
20160816,155,124
20160817,200,113
20160818,188,129
20160819,226,152
20160820,169,129
20160821,228,114
20160822,247,141
20160823,201,161
20160824,186,124
20160825,149,114
20160826,195,123
20160827,213,116
20160828,160,71
20160829,152,44
20160830,137,90
20160831,180,88
20160901,168,85
20160902,197,112
20160903,178,91
20160904,148,74
20160905,180,108
20160906,149,48
20160907,190,84
20160908,163,107
20160909,159,64
20160910,119,77
20160911,170,111
20160912,161,125
20160913,157,94
20160914,150,49
20160915,147,68
20160916,127,100
20160917,106,61
20160918,96,39
20160919,132,30
20160920,138,79
20160921,94,56
20160922,104,75
20160923,100,76
20160924,111,76
20160925,115,70
20160926,141,102
20160927,133,113
20160928,118,102
20160929,122,93
20160930,133,102
20161001,122,65
20161002,128,40
20161003,120,13
20161004,85,34
20161005,90,29
20161006,77,1
20161007,78,5
20161008,82,54
20161009,70,33
20161010,68,45
20161011,46,28
20161012,28,-3
20161013,43,-6
20161014,55,22
20161015,61,40
20161016,56,18
20161017,46,18
20161018,45,19
20161019,52,-16
20161020,31,-27
20161021,30,7
20161022,21,10
20161023,48,16
20161024,51,15
20161025,24,2
20161026,18,1
20161027,46,-5
20161028,71,46
20161029,55,24
20161030,34,7
20161031,12,-2
20161101,14,1
20161102,4,-19
20161103,-16,-37
20161104,-16,-42
20161105,-40,-70
20161106,-53,-76
20161107,-69,-99
20161108,-49,-98
20161109,-47,-62
20161110,-57,-85
20161111,-66,-120
20161112,-33,-97
20161113,-37,-49
20161114,-18,-40
20161115,-15,-56
20161116,-2,-17
20161117,9,-4
20161118,15,3
20161119,47,10
20161120,48,2
20161121,49,11
20161122,48,9
20161123,22,8
20161124,34,11
20161125,22,-47
20161126,-6,-42
20161127,-1,-73
20161128,-61,-102
20161129,-81,-140
20161130,0,-85
20161201,1,-25
20161202,-25,-45
20161203,-33,-117
20161204,-85,-148
20161205,24,-85
20161206,-60,-163
20161207,5,-170
20161208,5,-8
20161209,3,-49
20161210,-48,-76
20161211,-58,-101
20161212,-72,-131
20161213,-49,-95
20161214,-43,-80
20161215,-40,-79
20161216,-18,-42
20161217,-1,-32
20161218,-1,-27
20161219,-6,-26
20161220,21,-25
20161221,19,-4
20161222,32,10
20161223,27,0
20161224,24,-18
20161225,25,7
20161226,33,5
20161227,18,-41
20161228,-11,-62
20161229,9,-47
20161230,27,-16
20161231,40,19
20170101,34,-23
20170102,-17,-101
20170103,-97,-128
20170104,-125,-202
20170105,-168,-205
20170106,-205,-233
20170107,-90,-218
20170108,-23,-91
20170109,-1,-23
20170110,24,-5
20170111,12,-46
20170112,-29,-78
20170113,3,-61
20170114,4,-22
20170115,-16,-34
20170116,-34,-94
20170117,-55,-94
20170118,-7,-63
20170119,34,-7
20170120,24,-52
20170121,-34,-65
20170122,-22,-84
20170123,7,-28
20170124,5,-140
20170125,-68,-208
20170126,24,-68
20170127,13,-9
20170128,3,-44
20170129,8,-3
20170130,5,-6
20170131,9,-27
20170201,-27,-94
20170202,-31,-111
20170203,-21,-33
20170204,-17,-40
20170205,-39,-79
20170206,-79,-204
20170207,-117,-250
20170208,-77,-154
20170209,-93,-185
20170210,-39,-108
20170211,-83,-171
20170212,-40,-96
20170213,38,-40
20170214,60,-23
20170215,-18,-85
20170216,-19,-69
20170217,6,-25
20170218,18,-42
20170219,7,-64
20170220,24,-51
20170221,-43,-69
20170222,-59,-111
20170223,-26,-64
20170224,-26,-127
20170225,-68,-118
20170226,-35,-128
20170227,-55,-194
20170228,10,-124
20170301,36,9
20170302,20,1
20170303,37,-9
20170304,-9,-65
20170305,-28,-100
20170306,-36,-145
20170307,-9,-115
20170308,17,-28
20170309,26,-14
20170310,52,-36
20170311,47,-22
20170312,59,-65
20170313,49,2
20170314,31,-9
20170315,45,-4
20170316,66,-18
20170317,22,-34
20170318,25,9
20170319,30,-12
20170320,28,-23
20170321,59,-29
20170322,32,12
20170323,53,0
20170324,23,-22
20170325,12,-79
20170326,57,-18
20170327,58,-1
20170328,3,-43
20170329,5,-106
20170330,18,-112
20170331,31,-86
20170401,43,-95
20170402,25,0
20170403,44,-35
20170404,68,-26
20170405,60,18
20170406,88,5
20170407,60,-20
20170408,33,-20
20170409,50,-52
20170410,84,21
20170411,86,10
20170412,27,-28
20170413,0,-53
20170414,-17,-76
20170415,-26,-94
20170416,16,-60
20170417,2,-39
20170418,20,-52
20170419,56,-93
20170420,62,-48
20170421,58,0
20170422,70,-30
20170423,65,-32
20170424,78,-44
20170425,59,-28
20170426,56,4
20170427,81,3
20170428,70,-19
20170429,40,-17
20170430,53,0
20170501,123,-20
20170502,122,-18
20170503,91,8
20170504,101,6
20170505,163,-11
20170506,104,20
20170507,56,-29
20170508,47,-31
20170509,53,-48
20170510,33,-16
20170511,33,-21
20170512,64,-31
20170513,92,-23
20170514,134,-12
20170515,77,27
20170516,114,7
20170517,163,-2
20170518,156,74
20170519,221,100
20170520,179,102
20170521,141,40
20170522,172,73
20170523,206,68
20170524,176,78
20170525,198,63
20170526,159,76
20170527,103,10
20170528,125,10
20170529,101,47
20170530,137,24
20170531,119,57
20170601,96,36
20170602,60,20
20170603,72,26
20170604,148,24
20170605,167,41
20170606,181,71
20170607,222,63
20170608,184,99
20170609,188,106
20170610,208,84
20170611,208,97
20170612,196,127
20170613,128,85
20170614,160,61
20170615,183,67
20170616,231,61
20170617,255,96
20170618,196,123
20170619,197,112
20170620,165,98
20170621,158,97
20170622,140,57
20170623,154,75
20170624,166,71
20170625,171,99
20170626,164,95
20170627,170,102
20170628,174,118
20170629,194,74
20170630,207,99
20170701,217,122
20170702,226,104
20170703,244,97
20170704,212,127
20170705,192,93
20170706,133,96
20170707,154,85
20170708,145,59
20170709,214,87
20170710,242,100
20170711,238,117
20170712,190,151
20170713,227,155
20170714,188,127
20170715,188,121
20170716,214,87
20170717,203,124
20170718,203,124
20170719,162,87
20170720,185,87
20170721,196,102
20170722,199,128
20170723,180,100
20170724,169,122
20170725,176,134
20170726,201,134
20170727,191,128
20170728,216,119
20170729,230,145
20170730,237,148
20170731,216,128
20170801,236,156
20170802,194,138
20170803,197,114
20170804,187,101
20170805,205,142
20170806,195,134
20170807,158,129
20170808,199,120
20170809,226,117
20170810,237,126
20170811,220,143
20170812,248,129
20170813,215,156
20170814,201,130
20170815,197,85
20170816,211,91
20170817,236,145
20170818,227,151
20170819,239,156
20170820,211,164
20170821,179,134
20170822,154,118
20170823,151,118
20170824,150,108
20170825,145,97
20170826,124,79
20170827,141,81
20170828,128,78
20170829,173,76
20170830,186,139
20170831,170,138
20170901,189,124
20170902,145,73
20170903,144,85
20170904,146,72
20170905,135,76
20170906,135,51
20170907,115,89
20170908,146,91
20170909,138,72
20170910,143,118
20170911,179,103
20170912,172,86
20170913,143,95
20170914,153,95
20170915,127,82
20170916,96,65
20170917,117,68
20170918,110,50
20170919,101,70
20170920,98,70
20170921,110,77
20170922,95,73
20170923,149,68
20170924,165,56
20170925,163,48
20170926,104,81
20170927,110,68
20170928,119,54
20170929,80,49
20170930,85,59
20171001,96,70
20171002,99,65
20171003,82,63
20171004,95,59
20171005,108,68
20171006,96,73
20171007,93,24
20171008,91,17
20171009,92,75
20171010,98,68
20171011,75,55
20171012,80,56
20171013,83,24
20171014,75,50
20171015,54,13
20171016,115,6
20171017,95,56
20171018,68,41
20171019,49,31
20171020,43,-8
20171021,34,-12
20171022,39,-16
20171023,28,-25
20171024,29,-22
20171025,6,-34
20171026,12,-27
20171027,3,-9
20171028,23,-9
20171029,12,0
20171030,12,3
20171031,7,-40
20171101,-28,-58
20171102,-44,-72
20171103,8,-51
20171104,47,-9
20171105,73,30
20171106,62,50
20171107,57,17
20171108,46,10
20171109,53,24
20171110,50,26
20171111,47,33
20171112,45,19
20171113,22,8
20171114,16,-11
20171115,13,-12
20171116,7,-22
20171117,41,-3
20171118,36,20
20171119,39,10
20171120,16,-8
20171121,4,-12
20171122,-11,-59
20171123,-26,-64
20171124,8,-27
20171125,17,3
20171126,14,2
20171127,17,3
20171128,17,3
20171129,7,-6
20171130,6,-18
20171201,2,-16
20171202,1,-19
20171203,24,-6
20171204,14,-8
20171205,-5,-28
20171206,-15,-27
20171207,-23,-34
20171208,-2,-37
20171209,13,-2
20171210,11,-6
20171211,-1,-25
20171212,2,-18
20171213,25,-20
20171214,20,-31
20171215,-1,-28
20171216,9,-12
20171217,-1,-24
20171218,10,-34
20171219,7,0
20171220,11,-26
20171221,7,-7
20171222,-5,-20
20171223,-2,-39
20171224,6,-59
20171225,-36,-59
20171226,-11,-40
20171227,11,-41
20171228,14,-6
20171229,16,2
20171230,26,3
20171231,8,-12
20180101,-4,-27
20180102,23,-4
20180103,23,2
20180104,10,-3
20180105,23,8
20180106,22,2
20180107,6,-60
20180108,-30,-63
20180109,-23,-87
20180110,-8,-30
20180111,-20,-78
20180112,-45,-115
20180113,-42,-55
20180114,-37,-46
20180115,-39,-102
20180116,-93,-120
20180117,-61,-94
20180118,-40,-88
20180119,-20,-96
20180120,-18,-92
20180121,-91,-121
20180122,-119,-233
20180123,-180,-224
20180124,-53,-180
20180125,34,-53
20180126,36,19
20180127,22,6
20180128,8,-20
20180129,-11,-25
20180130,-22,-85
20180131,-66,-132
20180201,-86,-140
20180202,-84,-114
20180203,-78,-137
20180204,-85,-135
20180205,-82,-122
20180206,-85,-100
20180207,-83,-148
20180208,-27,-173
20180209,-50,-124
20180210,-58,-96
20180211,-40,-86
20180212,-24,-43
20180213,-4,-30
20180214,-11,-29
20180215,-25,-126
20180216,-60,-118
20180217,-79,-150
20180218,-95,-164
20180219,-97,-135
20180220,-85,-185
20180221,-94,-244
20180222,-85,-234
20180223,-104,-198
20180224,-127,-201
20180225,-54,-159
20180226,-76,-177
20180227,-160,-234
20180228,-145,-245
20180301,-83,-271
20180302,-81,-258
20180303,-70,-241
20180304,-66,-220
20180305,-78,-181
20180306,-86,-191
20180307,-59,-185
20180308,-51,-154
20180309,-29,-84
20180310,-19,-51
20180311,1,-59
20180312,9,-24
20180313,11,-24
20180314,12,-74
20180315,-70,-106
20180316,-56,-150
20180317,-49,-157
20180318,9,-94
20180319,15,-31
20180320,-16,-130
20180321,-56,-218
20180322,10,-75
20180323,2,-103
20180324,-2,-208
20180325,18,-48
20180326,-28,-159
20180327,-16,-164
20180328,-14,-170
20180329,23,-194
20180330,32,-107
20180331,50,-161
20180401,49,-159
20180402,4,-48
20180403,2,-19
20180404,47,-104
20180405,63,-9
20180406,56,7
20180407,68,-4
20180408,78,-10
20180409,53,8
20180410,36,-18
20180411,76,-66
20180412,82,-44
20180413,104,-48
20180414,127,-36
20180415,149,-32
20180416,140,-19
20180417,100,7
20180418,142,29
20180419,142,6
20180420,53,-9
20180421,38,1
20180422,39,-15
20180423,79,-60
20180424,55,-18
20180425,87,11
20180426,100,31
20180427,107,29
20180428,114,-9
20180429,130,-5
20180430,125,24
20180501,83,17
20180502,66,48
20180503,89,37
20180504,144,44
20180505,95,20
20180506,189,-13
20180507,200,74
20180508,149,62
20180509,152,19
20180510,190,3
20180511,227,20
20180512,240,49
20180513,266,69
20180514,286,80
20180515,253,95
20180516,256,132
20180517,241,103
20180518,176,93
20180519,162,55
20180520,207,43
20180521,253,83
20180522,253,91
20180523,241,120
20180524,182,101
20180525,223,63
20180526,252,122
20180527,199,122
20180528,224,46
20180529,245,115
20180530,223,140
20180531,9999,9999
20180601,215,48
20180602,251,116
20180603,216,129
20180604,179,82
20180605,109,57
20180606,115,54
20180607,113,4
20180608,126,42
20180609,143,19
20180610,169,80
20180611,242,114
20180612,178,108
20180613,164,42
20180614,202,65
20180615,242,107
20180616,246,135
20180617,252,112
20180618,248,135
20180619,212,118
20180620,200,114
20180621,212,82
20180622,179,132
20180623,182,104
20180624,200,70
20180625,174,133
20180626,226,91
20180627,246,154
20180628,274,101
20180629,229,87
20180630,133,73
20180701,178,97
20180702,160,101
20180703,178,126
20180704,205,75
20180705,168,125
20180706,212,128
20180707,209,151
20180708,183,138
20180709,215,125
20180710,198,136
20180711,234,145
20180712,255,110
20180713,269,149
20180714,279,141
20180715,286,144
20180716,294,147
20180717,310,163
20180718,278,201
20180719,277,161
20180720,272,172
20180721,225,192
20180722,259,194
20180723,283,182
20180724,281,167
20180725,272,154
20180726,262,171
20180727,281,155
20180728,251,184
20180729,254,166
20180730,253,147
20180731,280,125
20180801,298,144
20180802,310,181
20180803,276,173
20180804,235,151
20180805,224,167
20180806,190,113
20180807,201,123
20180808,234,105
20180809,279,128
20180810,297,201
20180811,248,172
20180812,197,133
20180813,176,128
20180814,193,107
20180815,189,109
20180816,228,119
20180817,235,128
20180818,249,165
20180819,206,148
20180820,206,97
20180821,174,112
20180822,178,104
20180823,202,120
20180824,237,130
20180825,198,159
20180826,181,121
20180827,186,117
20180828,196,101
20180829,208,100
20180830,166,139
20180831,187,141
20180901,187,119
20180902,190,131
20180903,223,102
20180904,179,123
20180905,179,131
20180906,195,147
20180907,192,115
20180908,161,118
20180909,176,97
20180910,182,82
20180911,177,96
20180912,147,118
20180913,159,106
20180914,160,67
20180915,160,93
20180916,153,83
20180917,123,64
20180918,153,86
20180919,188,107
20180920,194,131
20180921,164,104
20180922,182,117
20180923,131,77
20180924,102,34
20180925,90,34
20180926,92,37
20180927,92,60
20180928,73,35
20180929,78,-1
20180930,102,43
20181001,118,49
20181002,87,18
20181003,63,12
20181004,50,-4
20181005,89,-27
20181006,96,33
20181007,77,-13
20181008,70,-23
20181009,111,57
20181010,120,49
20181011,98,12
20181012,110,78
20181013,130,81
20181014,183,98
20181015,161,94
20181016,116,53
20181017,103,8
20181018,113,97
20181019,102,47
20181020,72,8
20181021,95,43
20181022,111,30
20181023,60,15
20181024,39,9
20181025,24,-13
20181026,13,-36
20181027,14,-39
20181028,7,-20
20181029,-7,-45
20181030,25,-30
20181031,37,10
20181101,86,37
20181102,66,3
20181103,88,58
20181104,59,14
20181105,66,18
20181106,53,30
20181107,64,34
20181108,64,46
20181109,48,35
20181110,37,14
20181111,30,20
20181112,31,8
20181113,37,4
20181114,53,37
20181115,66,30
20181116,85,62
20181117,87,44
20181118,61,9
20181119,10,-42
20181120,6,-44
20181121,0,-40
20181122,7,-26
20181123,-2,-44
20181124,3,-27
20181125,-14,-41
20181126,-29,-52
20181127,-29,-61
20181128,-51,-105
20181129,-3,-65
20181130,-2,-30
20181201,-8,-45
20181202,-24,-61
20181203,-45,-88
20181204,-1,-45
20181205,16,-1
20181206,11,-18
20181207,-2,-30
20181208,-12,-28
20181209,-3,-25
20181210,9,-15
20181211,-15,-52
20181212,-18,-60
20181213,-25,-53
20181214,-52,-73
20181215,-70,-83
20181216,-70,-102
20181217,-25,-78
20181218,-49,-70
20181219,-47,-79
20181220,-79,-104
20181221,-91,-127
20181222,-117,-138
20181223,-104,-132
20181224,-101,-198
20181225,-5,-177
20181226,-1,-40
20181227,-39,-64
20181228,-19,-52
20181229,-10,-41
20181230,0,-28
20181231,-28,-80
20190101,-12,-48
20190102,2,-74
20190103,-74,-211
20190104,-60,-227
20190105,-63,-141
20190106,-50,-119
20190107,7,-50
20190108,-2,-35
20190109,-34,-75
20190110,-75,-117
20190111,3,-108
20190112,5,-72
20190113,-67,-148
20190114,-8,-111
20190115,-4,-13
20190116,-11,-83
20190117,-77,-104
20190118,-103,-171
20190119,-153,-200
20190120,-128,-190
20190121,-164,-256
20190122,-146,-232
20190123,-50,-150
20190124,-76,-260
20190125,-127,-282
20190126,-113,-150
20190127,-120,-237
20190128,-123,-311
20190129,-65,-123
20190130,-15,-89
20190131,-38,-81
20190201,-78,-197
20190202,-112,-172
20190203,-69,-130
20190204,-22,-71
20190205,-1,-110
20190206,-15,-166
20190207,-20,-170
20190208,4,-20
20190209,16,0
20190210,21,5
20190211,26,2
20190212,2,-64
20190213,-29,-148
20190214,4,-29
20190215,65,4
20190216,27,-35
20190217,37,-28
20190218,-18,-118
20190219,21,-18
20190220,18,-55
20190221,-53,-104
20190222,-56,-159
20190223,39,-86
20190224,68,-29
20190225,51,16
20190226,29,-36
20190227,51,-61
20190228,25,-57
20190301,-43,-118
20190302,-13,-79
20190303,-22,-103
20190304,-47,-82
20190305,-59,-98
20190306,-45,-184
20190307,-6,-104
20190308,39,-21
20190309,30,-65
20190310,11,-54
20190311,-18,-132
20190312,-36,-83
20190313,-33,-166
20190314,-5,-65
20190315,20,-17
20190316,31,3
20190317,15,-4
20190318,25,4
20190319,26,4
20190320,23,-3
20190321,63,-5
20190322,45,5
20190323,31,-45
20190324,54,-1
20190325,50,-27
20190326,8,-40
20190327,25,-96
20190328,65,-33
20190329,110,20
20190330,83,19
20190331,59,-4
20190401,43,-22
20190402,80,-9
20190403,91,-43
20190404,112,-25
20190405,112,-32
20190406,125,-42
20190407,121,-46
20190408,65,-18
20190409,38,-10
20190410,-10,-30
20190411,4,-44
20190412,41,-103
20190413,58,-4
20190414,63,-9
20190415,106,-41
20190416,108,-24
20190417,124,-22
20190418,119,-24
20190419,114,-12
20190420,96,-23
20190421,116,-30
20190422,121,21
20190423,189,15
20190424,186,38
20190425,190,7
20190426,179,26
20190427,187,51
20190428,77,-12
20190429,101,-37
20190430,131,1
20190501,152,35
20190502,103,25
20190503,25,-20
20190504,56,-12
20190505,90,4
20190506,116,-22
20190507,70,-8
20190508,113,3
20190509,137,-7
20190510,170,39
20190511,163,65
20190512,144,89
20190513,146,34
20190514,120,57
20190515,142,-1
20190516,166,11
20190517,190,50
20190518,207,51
20190519,206,67
20190520,165,90
20190521,212,107
20190522,206,116
20190523,138,43
20190524,91,52
20190525,153,39
20190526,141,75
20190527,143,63
20190528,150,63
20190529,164,103
20190530,171,66
20190531,156,82
20190601,173,60
20190602,152,91
20190603,179,61
20190604,224,90
20190605,249,152
20190606,288,135
20190607,301,136
20190608,292,150
20190609,257,174
20190610,212,132
20190611,201,130
20190612,152,89
20190613,164,69
20190614,189,100
20190615,175,116
20190616,239,105
20190617,254,117
20190618,257,165
20190619,249,159
20190620,261,138
20190621,270,164
20190622,238,158
20190623,204,134
20190624,206,86
20190625,212,87
20190626,197,121
20190627,169,127
20190628,174,105
20190629,188,70
20190630,194,126
20190701,239,138
20190702,212,128
20190703,184,101
20190704,191,125
20190705,191,72
20190706,173,119
20190707,170,91
20190708,149,108
20190709,121,94
20190710,176,99
20190711,145,86
20190712,141,64
20190713,150,89
20190714,165,57
20190715,181,80
20190716,210,81
20190717,217,95
20190718,184,115
20190719,159,147
20190720,204,144
20190721,239,96
20190722,250,108
20190723,247,121
20190724,205,143
20190725,239,118
20190726,283,157
20190727,303,161
20190728,229,153
20190729,154,79
20190730,124,80
20190731,123,82
20190801,138,103
20190802,151,78
20190803,136,84
20190804,156,88
20190805,179,117
20190806,134,46
20190807,185,51
20190808,171,63
20190809,197,93
20190810,197,91
20190811,176,115
20190812,201,118
20190813,217,142
20190814,190,122
20190815,183,95
20190816,207,123
20190817,223,101
20190818,218,103
20190819,198,97
20190820,215,130
20190821,204,124
20190822,195,117
20190823,176,81
20190824,182,125
20190825,181,90
20190826,191,129
20190827,218,93
20190828,240,109
20190829,250,115
20190830,229,107
20190831,217,148
20190901,229,112
20190902,239,104
20190903,179,129
20190904,184,92
20190905,193,119
20190906,172,105
20190907,180,70
20190908,188,84
20190909,162,125
20190910,186,132
20190911,202,136
20190912,175,131
20190913,150,91
20190914,125,82
20190915,90,37
20190916,105,76
20190917,116,65
20190918,91,22
20190919,102,-9
20190920,89,15
20190921,78,-1
20190922,60,16
20190923,76,12
20190924,67,-11
20190925,90,-23
20190926,90,-4
20190927,119,71
20190928,109,46
20190929,130,43
20190930,126,82
20191001,106,28
20191002,72,14
20191003,50,20
20191004,33,6
20191005,41,-6
20191006,41,-6
20191007,49,-9
20191008,48,-22
20191009,43,-43
20191010,63,-36
20191011,95,41
20191012,85,67
20191013,72,10
20191014,48,7
20191015,49,-14
20191016,29,-15
20191017,29,22
20191018,46,22
20191019,107,46
20191020,103,29
20191021,34,12
20191022,99,5
20191023,92,63
20191024,101,20
20191025,124,84
20191026,103,43
20191027,49,6
20191028,13,-21
20191029,-9,-50
20191030,-14,-45
20191031,24,-59
20191101,15,-19
20191102,11,-21
20191103,27,7
20191104,14,-38
20191105,-22,-54
20191106,-44,-78
20191107,-42,-94
20191108,-29,-42
20191109,30,-35
20191110,34,20
20191111,59,6
20191112,6,-30
20191113,37,-30
20191114,83,37
20191115,95,11
20191116,14,-11
20191117,53,-11
20191118,62,45
20191119,54,44
20191120,49,20
20191121,32,23
20191122,31,-23
20191123,-22,-47
20191124,-30,-61
20191125,-16,-54
20191126,-8,-36
20191127,3,-10
20191128,5,-15
20191129,16,4
20191130,8,-50
20191201,-10,-66
20191202,-15,-32
20191203,-32,-67
20191204,32,-41
20191205,42,8
20191206,45,23
20191207,35,8
20191208,27,-4
20191209,54,-6
20191210,21,-51
20191211,-14,-89
20191212,-2,-16
20191213,10,-15
20191214,9,1
20191215,11,0
20191216,4,-6
20191217,15,2
20191218,6,-8
20191219,1,-23
20191220,3,-13
20191221,10,1
20191222,16,1
20191223,16,5
20191224,8,-1
20191225,6,2
20191226,2,-14
20191227,-9,-47
20191228,-26,-117
20191229,0,-118
20191230,39,0
20191231,32,-52
20200101,9,-57
20200102,33,7
20200103,41,24
20200104,41,-7
20200105,-5,-104
20200106,-4,-103
20200107,34,-6
20200108,47,26
20200109,57,2
20200110,2,-53
20200111,2,-70
20200112,40,-1
20200113,16,-20
20200114,21,-14
20200115,67,9
20200116,61,13
20200117,36,12
20200118,33,4
20200119,41,-6
20200120,24,-25
20200121,69,12
20200122,14,-31
20200123,-23,-47
20200124,9,-23
20200125,-3,-37
20200126,-28,-51
20200127,-51,-172
20200128,-19,-68
20200129,-5,-19
20200130,-16,-39
20200131,-31,-64
20200201,-25,-66
20200202,21,-26
20200203,10,-55
20200204,-27,-112
20200205,-37,-136
20200206,-17,-109
20200207,-55,-152
20200208,-26,-70
20200209,24,-26
20200210,34,8
20200211,32,14
20200212,20,8
20200213,15,4
20200214,7,-14
20200215,8,-51
20200216,17,1
20200217,50,16
20200218,62,31
20200219,42,15
20200220,16,-70
20200221,29,-71
20200222,39,12
20200223,30,5
20200224,21,-16
20200225,0,-79
20200226,-16,-125
20200227,-34,-134
20200228,-42,-109
20200229,-20,-118
20200301,5,-106
20200302,21,2
20200303,9,-13
20200304,-3,-33
20200305,19,-13
20200306,19,-18
20200307,45,-54
20200308,56,-49
20200309,50,-11
20200310,39,13
20200311,41,8
20200312,23,0
20200313,21,-25
20200314,-23,-70
20200315,30,-122
20200316,45,-8
20200317,28,-71
20200318,59,17
20200319,22,-16
20200320,10,-54
20200321,4,-94
20200322,15,-115
20200323,36,-52
20200324,80,-12
20200325,105,17
20200326,91,8
20200327,107,-6
20200328,92,21
20200329,23,-37
20200330,6,-91
20200331,7,-104
20200401,38,-26
20200402,23,-83
20200403,31,-1
20200404,42,-27
20200405,26,-42
20200406,23,-41
20200407,144,-8
20200408,112,15
20200409,80,27
20200410,44,-22
20200411,47,-45
20200412,29,-59
20200413,64,2
20200414,37,-46
20200415,55,-48
20200416,82,-50
20200417,31,-4
20200418,26,14
20200419,66,4
20200420,90,21
20200421,121,-4
20200422,101,-12
20200423,84,-19
20200424,51,2
20200425,61,-23
20200426,54,7
20200427,63,-22
20200428,65,-22
20200429,40,1
20200430,42,-38
20200501,81,-29
20200502,127,-5
20200503,99,60
20200504,140,19
20200505,156,1
20200506,164,3
20200507,109,43
20200508,121,0
20200509,125,45
20200510,145,-11
20200511,182,6
20200512,85,5
20200513,109,-17
20200514,107,14
20200515,100,-14
20200516,92,-10
20200517,57,17
20200518,118,20
20200519,105,16
20200520,93,12
20200521,126,19
20200522,137,42
20200523,166,15
20200524,159,19
20200525,185,27
20200526,202,48
20200527,222,58
20200528,179,106
20200529,175,55
20200530,179,74
20200531,162,70
20200601,152,86
20200602,177,39
20200603,181,44
20200604,197,71
20200605,161,112
20200606,186,112
20200607,204,92
20200608,195,136
20200609,195,141
20200610,202,140
20200611,206,116
20200612,210,86
20200613,228,95
20200614,245,91
20200615,255,95
20200616,269,120
20200617,259,149
20200618,212,152
20200619,213,123
20200620,196,121
20200621,202,86
20200622,230,86
20200623,276,105
20200624,282,144
20200625,292,163
20200626,286,158
20200627,256,176
20200628,215,135
20200629,202,113
20200630,194,137
20200701,193,128
20200702,199,113
20200703,217,111
20200704,189,120
20200705,177,131
20200706,199,149
20200707,195,124
20200708,196,110
20200709,188,84
20200710,190,110
20200711,151,95
20200712,210,107
20200713,206,85
20200714,183,97
20200715,205,81
20200716,206,109
20200717,235,91
20200718,267,126
20200719,255,143
20200720,255,146
20200721,246,145
20200722,185,144
20200723,176,122
20200724,181,101
20200725,157,105
20200726,215,112
20200727,233,102
20200728,229,100
20200729,231,162
20200730,205,133
20200731,179,131
20200801,184,121
20200802,177,102
20200803,211,137
20200804,191,138
20200805,208,146
20200806,214,131
20200807,232,167
20200808,265,128
20200809,268,159
20200810,218,143
20200811,166,106
20200812,151,102
20200813,180,77
20200814,196,91
20200815,229,146
20200816,205,122
20200817,191,72
20200818,196,65
20200819,222,91
20200820,240,121
20200821,249,107
20200822,221,123
20200823,232,155
20200824,209,143
20200825,187,78
20200826,182,110
20200827,170,65
20200828,179,66
20200829,179,72
20200830,157,81
20200831,136,109
20200901,177,86
20200902,156,60
20200903,185,121
20200904,200,150
20200905,177,135
20200906,177,116
20200907,176,90
20200908,166,71
20200909,153,105
20200910,132,92
20200911,136,83
20200912,139,52
20200913,140,98
20200914,159,85
20200915,147,64
20200916,119,47
20200917,137,60
20200918,115,62
20200919,126,73
20200920,127,35
20200921,129,88
20200922,157,70
20200923,158,50
20200924,201,91
20200925,185,106
20200926,188,78
20200927,195,78
20200928,166,83
20200929,144,46
20200930,143,103
20201001,144,67
20201002,159,74
20201003,150,55
20201004,135,95
20201005,158,86
20201006,136,79
20201007,131,106
20201008,141,101
20201009,137,89
20201010,136,66
20201011,108,61
20201012,107,57
20201013,93,51
20201014,79,58
20201015,62,11
20201016,39,6
20201017,66,-20
20201018,65,25
20201019,30,2
20201020,21,-6
20201021,23,-9
20201022,61,20
20201023,81,10
20201024,39,2
20201025,28,-25
20201026,90,10
20201027,103,78
20201028,102,62
20201029,103,68
20201030,88,40
20201031,67,-18
20201101,64,-3
20201102,37,0
20201103,111,37
20201104,86,42
20201105,72,38
20201106,74,50
20201107,102,55
20201108,97,12
20201109,50,-5
20201110,29,-30
20201111,8,-38
20201112,50,3
20201113,51,21
20201114,23,-14
20201115,8,-18
20201116,9,-1
20201117,21,6
20201118,70,6
20201119,103,58
20201120,75,-19
20201121,16,-36
20201122,42,5
20201123,44,19
20201124,36,3
20201125,9,-31
20201126,50,-23
20201127,16,-10
20201128,7,-2
20201129,1,-22
20201130,8,-26
20201201,27,-27
20201202,27,-1
20201203,0,-25
20201204,1,-19
20201205,19,-3
20201206,23,14
20201207,22,-21
20201208,-21,-55
20201209,-37,-69
20201210,-44,-86
20201211,-41,-101
20201212,2,-49
20201213,-15,-91
20201214,-29,-53
20201215,-20,-53
20201216,2,-20
20201217,7,-39
20201218,-16,-52
20201219,0,-31
20201220,39,0
20201221,35,7
20201222,29,8
20201223,17,-23
20201224,6,-22
20201225,3,-34
20201226,-34,-62
20201227,-37,-69
20201228,-10,-44
20201229,-8,-19
20201230,16,-19
20201231,17,-3
20210101,7,-3
20210102,3,-6
20210103,4,-13
20210104,-11,-55
20210105,-39,-78
20210106,-42,-74
20210107,-45,-78
20210108,-66,-122
20210109,-122,-166
20210110,-116,-168
20210111,-67,-132
20210112,-71,-153
20210113,-144,-195
20210114,-189,-250
20210115,-178,-273
20210116,-166,-229
20210117,-52,-217
20210118,-52,-116
20210119,-19,-114
20210120,-14,-79
20210121,-72,-124
20210122,-52,-102
20210123,12,-87
20210124,14,1
20210125,16,1
20210126,14,2
20210127,7,-2
20210128,5,-1
20210129,0,-25
20210130,-11,-39
20210131,-26,-68
20210201,-68,-88
20210202,-82,-190
20210203,-90,-181
20210204,-110,-138
20210205,-137,-175
20210206,-117,-172
20210207,-80,-133
20210208,-89,-208
20210209,-106,-190
20210210,-130,-202
20210211,-174,-244
20210212,-121,-197
20210213,-65,-140
20210214,-72,-160
20210215,-59,-225
20210216,-37,-140
20210217,-140,-252
20210218,-148,-308
20210219,-88,-230
20210220,-75,-125
20210221,-83,-127
20210222,-124,-170
20210223,-133,-188
20210224,-61,-134
20210225,22,-61
20210226,47,5
20210227,28,-25
20210228,23,-33
20210301,61,-26
20210302,37,-6
20210303,22,-41
20210304,-6,-61
20210305,-40,-117
20210306,-8,-158
20210307,1,-98
20210308,-63,-152
20210309,-137,-229
20210310,-80,-281
20210311,-60,-253
20210312,-43,-112
20210313,11,-43
20210314,35,-20
20210315,18,1
20210316,40,-8
20210317,11,-17
20210318,-16,-62
20210319,-49,-125
20210320,-15,-172
20210321,19,-15
20210322,1,-57
20210323,35,-158
20210324,104,-4
20210325,56,-5
20210326,60,-38
20210327,32,-15
20210328,96,2
20210329,53,-10
20210330,91,33
20210331,77,-8
20210401,68,-24
20210402,49,-27
20210403,63,-16
20210404,71,-16
20210405,45,1
20210406,22,-10
20210407,57,-11
20210408,56,-60
20210409,33,-41
20210410,61,10
20210411,90,-1
20210412,126,-6
20210413,122,24
20210414,79,10
20210415,86,-40
20210416,126,-41
20210417,138,-22
20210418,143,-25
20210419,126,-16
20210420,113,-21
20210421,94,-15
20210422,104,6
20210423,84,19
20210424,71,10
20210425,35,4
20210426,54,28
20210427,38,6
20210428,58,-24
20210429,78,-36
20210430,83,-30
20210501,58,-24
20210502,82,-36
20210503,88,-34
20210504,65,31
20210505,69,3
20210506,38,5
20210507,62,-1
20210508,61,19
20210509,126,-16
20210510,116,39
20210511,233,97
20210512,265,75
20210513,266,82
20210514,185,94
20210515,231,66
20210516,214,101
20210517,220,79
20210518,202,125
20210519,267,130
20210520,206,112
20210521,140,90
20210522,135,33
20210523,152,52
20210524,106,71
20210525,115,23
20210526,112,59
20210527,162,54
20210528,130,82
20210529,123,40
20210530,135,4
20210531,147,35
20210601,188,37
20210602,220,72
20210603,241,75
20210604,247,94
20210605,258,87
20210606,260,116
20210607,222,134
20210608,214,113
20210609,233,84
20210610,247,87
20210611,254,90
20210612,214,127
20210613,194,136
20210614,205,92
20210615,188,147
20210616,175,126
20210617,239,112
20210618,264,139
20210619,263,190
20210620,298,154
20210621,312,178
20210622,328,201
20210623,319,194
20210624,259,199
20210625,263,173
20210626,253,183
20210627,256,161
20210628,247,154
20210629,248,136
20210630,262,153
20210701,226,155
20210702,237,132
20210703,277,120
20210704,285,131
20210705,292,149
20210706,285,145
20210707,286,160
20210708,288,198
20210709,272,171
20210710,298,164
20210711,324,190
20210712,285,196
20210713,300,153
20210714,318,166
20210715,318,173
20210716,261,192
20210717,253,124
20210718,281,149
20210719,211,118
20210720,193,114
20210721,185,83
20210722,184,123
20210723,195,139
20210724,212,77
20210725,238,124
20210726,282,131
20210727,303,140
20210728,286,162
20210729,242,177
20210730,230,153
20210731,210,141
20210801,202,131
20210802,222,145
20210803,173,110
20210804,200,108
20210805,205,81
20210806,218,89
20210807,206,128
20210808,216,155
20210809,206,167
20210810,226,144
20210811,228,110
20210812,229,120
20210813,232,152
20210814,194,125
20210815,181,119
20210816,202,130
20210817,215,135
20210818,210,150
20210819,181,145
20210820,181,126
20210821,176,101
20210822,166,101
20210823,137,98
20210824,117,83
20210825,119,83
20210826,155,108
20210827,160,104
20210828,199,111
20210829,193,89
20210830,164,92
20210831,182,59
20210901,157,75
20210902,130,63
20210903,109,49
20210904,89,56
20210905,127,37
20210906,144,31
20210907,145,55
20210908,164,106
20210909,147,99
20210910,150,37
20210911,123,64
20210912,143,95
20210913,142,76
20210914,85,59
20210915,97,42
20210916,89,42
20210917,96,8
20210918,108,42
20210919,77,28
20210920,79,58
20210921,92,32
20210922,91,-4
20210923,81,-14
20210924,104,70
20210925,93,65
20210926,120,43
20210927,127,5
20210928,83,12
20210929,95,60
20210930,88,66
20211001,104,66
20211002,121,78
20211003,147,36
20211004,141,60
20211005,113,71
20211006,124,71
20211007,121,90
20211008,125,94
20211009,118,97
20211010,121,102
20211011,118,71
20211012,82,59
20211013,87,39
20211014,82,21
20211015,76,44
20211016,75,32
20211017,64,32
20211018,50,22
20211019,30,-37
20211020,24,-40
20211021,109,24
20211022,87,31
20211023,31,9
20211024,14,-32
20211025,82,-13
20211026,81,53
20211027,79,53
20211028,67,48
20211029,107,62
20211030,95,72
20211031,80,68
20211101,86,32
20211102,77,44
20211103,59,41
20211104,76,55
20211105,76,46
20211106,66,22
20211107,29,-9
20211108,23,-29
20211109,-9,-34
20211110,71,-9
20211111,80,29
20211112,52,30
20211113,30,-9
20211114,9,-8
20211115,15,-64
20211116,45,15
20211117,50,38
20211118,44,10
20211119,26,3
20211120,14,-7
20211121,8,-26
20211122,-26,-71
20211123,-18,-70
20211124,18,-26
20211125,30,-38
20211126,14,-71
20211127,-62,-81
20211128,-71,-94
20211129,-72,-114
20211130,-66,-96
20211201,-62,-112
20211202,-86,-168
20211203,-50,-156
20211204,-51,-144
20211205,-143,-212
20211206,-70,-188
20211207,-116,-136
20211208,-123,-207
20211209,-175,-230
20211210,-57,-214
20211211,-28,-61
20211212,-23,-39
20211213,-7,-41
20211214,6,-7
20211215,6,-20
20211216,13,1
20211217,7,-28
20211218,10,-38
20211219,12,-74
20211220,-73,-157
20211221,-133,-163
20211222,-111,-162
20211223,-23,-159
20211224,-23,-205
20211225,-204,-261
20211226,-149,-245
20211227,-95,-185
20211228,-75,-203
20211229,-49,-74
20211230,-48,-67
20211231,-9,-77
20220101,-15,-102
20220102,-74,-120
20220103,-70,-105
20220104,-40,-97
20220105,-25,-45
20220106,-45,-144
20220107,-134,-179
20220108,-134,-238
20220109,-99,-204
20220110,-139,-233
20220111,-182,-282
20220112,-19,-182
20220113,31,-19
20220114,18,-17
20220115,-7,-50
20220116,8,-108
20220117,8,-59
20220118,-57,-111
20220119,11,-73
20220120,18,0
20220121,1,-44
20220122,-27,-55
20220123,-22,-54
20220124,9,-23
20220125,11,-86
20220126,-37,-156
20220127,-36,-52
20220128,-32,-58
20220129,-32,-75
20220130,-36,-51
20220131,-51,-64
20220201,-59,-68
20220202,-64,-172
20220203,-103,-187
20220204,-86,-184
20220205,-63,-87
20220206,-10,-66
20220207,9,-16
20220208,-10,-59
20220209,-8,-55
20220210,1,-41
20220211,-8,-55
20220212,-27,-109
20220213,2,-75
20220214,13,-1
20220215,7,-1
20220216,18,2
20220217,8,1
20220218,4,-37
20220219,0,-47
20220220,-22,-58
20220221,-28,-123
20220222,-33,-76
20220223,-74,-190
20220224,19,-139
20220225,24,-1
20220226,4,-84
20220227,7,-157
20220228,27,-42
20220301,47,-89
20220302,15,-31
20220303,23,-47
20220304,1,-76
20220305,-12,-166
20220306,23,-79
20220307,-12,-133
20220308,-57,-166
20220309,-15,-112
20220310,3,-153
20220311,30,-32
20220312,67,-54
20220313,84,-62
20220314,96,-93
20220315,58,-106
20220316,85,-109
20220317,94,-113
20220318,64,-86
20220319,74,14
20220320,109,-6
20220321,124,-23
20220322,95,-22
20220323,80,-57
20220324,77,-17
20220325,33,-13
20220326,39,-34
20220327,-10,-83
20220328,-14,-60
20220329,-24,-147
20220330,-19,-104
20220331,6,-107
20220401,8,-129
20220402,15,-167
20220403,32,-115
20220404,28,-79
20220405,9,-7
20220406,14,-49
20220407,35,-40
20220408,43,-3
20220409,48,-3
20220410,25,-20
20220411,72,4
20220412,98,-23
20220413,97,-11
20220414,85,-21
20220415,42,5
20220416,71,-28
20220417,93,-54
20220418,115,2
20220419,129,-23
20220420,147,-17
20220421,120,6
20220422,138,-29
20220423,82,20
20220424,76,-12
20220425,105,-14
20220426,58,6
20220427,38,-25
20220428,62,-46
20220429,51,-9
20220430,88,-44
20220501,82,-13
20220502,111,-16
20220503,74,17
20220504,72,-10
20220505,105,-23
20220506,164,40
20220507,171,43
20220508,98,30
20220509,112,-19
20220510,170,5
20220511,128,73
20220512,140,62
20220513,162,72
20220514,162,31
20220515,109,64
20220516,130,60
20220517,94,56
20220518,136,47
20220519,118,56
20220520,118,-5
20220521,138,1
20220522,137,25
20220523,160,67
20220524,164,36
20220525,177,36
20220526,145,57
20220527,152,71
20220528,168,87
20220529,183,86
20220530,198,86
20220531,192,80
20220601,194,77
20220602,171,92
20220603,183,110
20220604,169,92
20220605,174,94
20220606,170,59
20220607,212,48
20220608,212,76
20220609,221,129
20220610,216,96
20220611,235,93
20220612,222,148
20220613,214,108
20220614,202,110
20220615,171,132
20220616,140,91
20220617,133,89
20220618,195,59
20220619,155,107
20220620,139,102
20220621,178,58
20220622,227,65
20220623,228,112
20220624,261,132
20220625,294,152
20220626,301,155
20220627,303,157
20220628,245,171
20220629,247,136
20220630,275,112
20220701,310,137
20220702,309,167
20220703,286,164
20220704,273,183
20220705,256,153
20220706,221,145
20220707,232,129
20220708,216,136
20220709,199,130
20220710,210,150
20220711,229,138
20220712,257,162
20220713,248,168
20220714,232,142
20220715,209,136
20220716,193,102
20220717,182,122
20220718,181,128
20220719,209,112
20220720,241,130
20220721,272,159
20220722,287,149
20220723,239,163
20220724,200,163
20220725,238,139
20220726,246,153
20220727,223,175
20220728,202,137
20220729,190,139
20220730,153,122
20220731,202,116
20220801,237,117
20220802,219,144
20220803,230,99
20220804,258,147
20220805,284,155
20220806,272,171
20220807,194,125
20220808,195,91
20220809,216,91
20220810,234,102
20220811,249,148
20220812,219,160
20220813,205,107
20220814,264,101
20220815,270,110
20220816,292,152
20220817,291,168
20220818,270,184
20220819,282,186
20220820,274,173
20220821,209,153
20220822,222,149
20220823,223,124
20220824,273,142
20220825,193,144
20220826,184,125
20220827,228,136
20220828,248,127
20220829,165,105
20220830,146,100
20220831,114,84
20220901,109,80
20220902,113,68
20220903,123,61
20220904,104,71
20220905,122,55
20220906,129,80
20220907,117,59
20220908,99,15
20220909,140,52
20220910,152,47
20220911,164,35
20220912,169,45
20220913,147,53
20220914,140,103
20220915,118,99
20220916,133,102
20220917,138,79
20220918,151,88
20220919,136,69
20220920,127,94
20220921,102,71
20220922,100,9
20220923,120,53
20220924,121,26
20220925,80,27
20220926,115,63
20220927,110,50
20220928,103,43
20220929,82,45
20220930,81,48
20221001,110,51
20221002,116,8
20221003,88,32
20221004,81,51
20221005,91,71
20221006,125,84
20221007,132,89
20221008,128,85
20221009,97,56
20221010,122,22
20221011,106,80
20221012,88,52
20221013,98,-12
20221014,111,81
20221015,102,85
20221016,105,76
20221017,114,66
20221018,68,53
20221019,58,13
20221020,57,6
20221021,44,-10
20221022,68,-8
20221023,70,25
20221024,38,-22
20221025,23,-42
20221026,52,-13
20221027,61,43
20221028,87,49
20221029,109,78
20221030,79,15
20221031,31,-23
20221101,68,-15
20221102,51,33
20221103,35,15
20221104,16,-8
20221105,0,-19
20221106,42,-23
20221107,87,42
20221108,72,46
20221109,46,-1
20221110,88,22
20221111,102,70
20221112,117,75
20221113,89,-5
20221114,22,-39
20221115,33,-15
20221116,2,-33
20221117,6,-11
20221118,-8,-42
20221119,-18,-42
20221120,-27,-51
20221121,-21,-58
20221122,-24,-46
20221123,-31,-74
20221124,-68,-89
20221125,-44,-74
20221126,-34,-57
20221127,-29,-67
20221128,-14,-53
20221129,-10,-28
20221130,-17,-27
20221201,-21,-32
20221202,-22,-37
20221203,-33,-60
20221204,-42,-60
20221205,-39,-69
20221206,-31,-53
20221207,-39,-52
20221208,-36,-59
20221209,-31,-64
20221210,-31,-54
20221211,-33,-110
20221212,-92,-115
20221213,-44,-100
20221214,-43,-151
20221215,-75,-153
20221216,-72,-149
20221217,-45,-83
20221218,-29,-70
20221219,4,-89
20221220,-25,-85
20221221,5,-65
20221222,20,4
20221223,18,-11
20221224,-10,-65
20221225,-28,-65
20221226,-58,-110
20221227,-38,-116
20221228,-17,-47
20221229,-18,-34
20221230,-1,-20
20221231,20,-1
20230101,36,-24
20230102,-24,-75
20230103,-52,-102
20230104,-69,-136
20230105,-74,-164
20230106,-73,-91
20230107,-87,-167
20230108,-76,-148
20230109,-64,-81
20230110,-70,-92
20230111,14,-70
20230112,3,-23
20230113,1,-23
20230114,17,0
20230115,24,5
20230116,26,4
20230117,23,-6
20230118,7,-8
20230119,9,0
20230120,6,-32
20230121,-23,-95
20230122,-38,-67
20230123,-60,-81
20230124,-11,-60
20230125,25,-11
20230126,27,-15
20230127,-15,-86
20230128,-13,-81
20230129,-6,-22
20230130,8,-13
20230131,6,-36
20230201,-35,-52
20230202,-35,-55
20230203,-50,-84
20230204,-52,-138
20230205,-32,-188
20230206,-29,-54
20230207,7,-88
20230208,11,-6
20230209,19,4
20230210,9,-21
20230211,-21,-103
20230212,-10,-119
20230213,40,-44
20230214,29,-27
20230215,19,-25
20230216,9,-10
20230217,0,-30
20230218,-26,-36
20230219,-27,-64
20230220,-61,-159
20230221,-86,-160
20230222,-104,-222
20230223,-55,-261
20230224,-32,-59
20230225,-39,-77
20230226,-70,-105
20230227,-12,-190
20230228,28,-32
20230301,-4,-70
20230302,46,-105
20230303,23,-46
20230304,3,-91
20230305,-12,-95
20230306,-62,-125
20230307,-58,-164
20230308,-73,-220
20230309,-73,-161
20230310,-23,-219
20230311,-19,-205
20230312,-53,-78
20230313,4,-114
20230314,53,-44
20230315,44,-5
20230316,16,-56
20230317,38,-117
20230318,52,-39
20230319,24,5
20230320,49,-1
20230321,40,-45
20230322,5,-52
20230323,50,-4
20230324,42,-15
20230325,41,-16
20230326,-16,-39
20230327,0,-48
20230328,-18,-57
20230329,-24,-47
20230330,-4,-145
20230331,12,-187
20230401,38,-180
20230402,14,-96
20230403,18,-70
20230404,9,-65
20230405,62,-20
20230406,98,-45
20230407,86,-56
20230408,99,-67
20230409,112,-30
20230410,120,-40
20230411,117,-40
20230412,124,0
20230413,51,-16
20230414,67,-37
20230415,69,-54
20230416,112,-48
20230417,114,-58
20230418,104,-28
20230419,106,-12
20230420,132,10
20230421,145,19
20230422,157,-21
20230423,98,13
20230424,162,17
20230425,178,29
20230426,203,17
20230427,151,33
20230428,83,10
20230429,81,-28
20230430,96,13
20230501,88,-13
20230502,121,5
20230503,91,14
20230504,36,-7
20230505,33,-11
20230506,79,-23
20230507,120,-5
20230508,137,14
20230509,156,76
20230510,182,30
20230511,195,59
20230512,224,52
20230513,202,81
20230514,209,103
20230515,207,66
20230516,207,71
20230517,147,115
20230518,134,77
20230519,164,50
20230520,211,45
20230521,219,56
20230522,225,72
20230523,203,81
20230524,233,78
20230525,200,102
20230526,144,50
20230527,143,41
20230528,166,25
20230529,156,102
20230530,142,74
20230531,142,45
20230601,114,60
20230602,96,-4
20230603,118,7
20230604,127,62
20230605,162,77
20230606,169,36
20230607,138,85
20230608,157,35
20230609,132,63
20230610,163,19
20230611,209,44
20230612,229,99
20230613,238,97
20230614,223,107
20230615,266,86
20230616,274,106
20230617,234,132
20230618,209,115
20230619,260,73
20230620,238,132
20230621,263,130
20230622,269,139
20230623,217,155
20230624,197,132
20230625,221,140
20230626,262,122
20230627,257,122
20230628,256,128
20230629,269,134
20230630,243,144
20230701,203,155
20230702,172,117
20230703,186,130
20230704,189,121
20230705,184,124
20230706,221,133
20230707,187,129
20230708,215,110
20230709,170,99
20230710,180,77
20230711,198,70
20230712,218,88
20230713,192,137
20230714,240,115
20230715,238,143
20230716,256,123
20230717,248,156
20230718,226,135
20230719,223,125
20230720,222,113
20230721,180,142
20230722,186,145
20230723,208,121
20230724,165,125
20230725,205,136
20230726,217,121
20230727,229,136
20230728,188,140
20230729,204,124
20230730,239,142
20230731,250,131
20230801,244,134
20230802,260,151
20230803,221,171
20230804,227,171
20230805,226,166
20230806,232,144
20230807,289,178
20230808,265,172
20230809,230,121
20230810,229,131
20230811,249,140
20230812,234,130
20230813,221,122
20230814,219,162
20230815,247,125
20230816,243,142
20230817,229,168
20230818,180,134
20230819,176,121
20230820,213,76
20230821,223,94
20230822,189,133
20230823,192,126
20230824,160,117
20230825,169,131
20230826,186,103
20230827,205,76
20230828,185,96
20230829,201,127
20230830,195,110
20230831,218,157
20230901,211,149
20230902,204,128
20230903,198,109
20230904,186,97
20230905,178,113
20230906,156,90
20230907,162,60
20230908,199,98
20230909,202,100
20230910,200,99
20230911,200,142
20230912,225,130
20230913,194,154
20230914,154,99
20230915,148,62
20230916,162,54
20230917,156,103
20230918,128,53
20230919,158,50
20230920,163,102
20230921,189,91
20230922,209,131
20230923,195,155
20230924,170,96
20230925,158,94
20230926,163,111
20230927,166,95
20230928,170,92
20230929,169,78
20230930,160,122
20231001,129,106
20231002,120,61
20231003,127,82
20231004,100,72
20231005,105,33
20231006,76,6
20231007,60,13
20231008,65,5
20231009,42,-4
20231010,50,-23
20231011,125,34
20231012,134,51
20231013,74,33
20231014,114,40
20231015,91,32
20231016,61,34
20231017,48,9
20231018,24,-3
20231019,26,-1
20231020,25,-20
20231021,22,-50
20231022,25,-52
20231023,20,-22
20231024,7,-48
20231025,8,-65
20231026,7,-30
20231027,-3,-16
20231028,-7,-18
20231029,-14,-78
20231030,-4,-86
20231031,-11,-75
20231101,7,-15
20231102,19,-14
20231103,21,-26
20231104,34,17
20231105,44,21
20231106,53,23
20231107,39,18
20231108,37,25
20231109,25,9
20231110,49,9
20231111,50,22
20231112,22,4
20231113,9,-13
20231114,0,-17
20231115,-12,-28
20231116,-27,-52
20231117,-52,-73
20231118,-14,-63
20231119,-15,-28
20231120,-22,-47
20231121,-44,-97
20231122,-55,-87
20231123,-27,-56
20231124,-34,-114
20231125,-94,-170
20231126,-136,-202
20231127,-102,-190
20231128,-34,-113
20231129,-25,-38
20231130,-35,-67
20231201,-65,-76
20231202,-73,-116
20231203,-90,-188
20231204,-103,-187
20231205,-157,-194
20231206,-108,-174
20231207,-114,-189
20231208,-79,-189
20231209,-104,-152
20231210,-108,-127
20231211,-80,-126
20231212,-89,-121
20231213,-40,-89
20231214,-37,-70
20231215,-70,-83
20231216,-28,-82
20231217,11,-32
20231218,-1,-54
20231219,18,-2
20231220,11,-8
20231221,-7,-55
20231222,-6,-26
20231223,3,-16
20231224,2,-29
20231225,-28,-64
20231226,-40,-74
20231227,-66,-144
20231228,-58,-107
20231229,-61,-102
20231230,-81,-151
20231231,-116,-184
20240101,-129,-249
20240102,-214,-291
20240103,-230,-283
20240104,-281,-316
20240105,-247,-332
20240106,-230,-281
20240107,-130,-295
20240108,-37,-130
20240109,18,-80
20240110,17,-71
20240111,17,-145
20240112,-137,-220
20240113,-88,-247
20240114,-91,-110
20240115,-108,-125
20240116,-125,-213
20240117,-186,-258
20240118,-83,-227
20240119,-61,-161
20240120,-161,-273
20240121,-58,-279
20240122,-20,-58
20240123,30,-27
20240124,21,0
20240125,1,-68
20240126,-68,-168
20240127,-38,-174
20240128,-4,-46
20240129,36,-4
20240130,28,-59
20240131,8,-74
20240201,15,3
20240202,4,-97
20240203,5,-103
20240204,-14,-70
20240205,-29,-84
20240206,-84,-224
20240207,-166,-243
20240208,-187,-259
20240209,-138,-276
20240210,-111,-175
20240211,-152,-224
20240212,-147,-237
20240213,-130,-219
20240214,-94,-159
20240215,-70,-101
20240216,-21,-79
20240217,30,-42
20240218,-20,-80
20240219,-35,-156
20240220,-18,-123
20240221,-21,-56
20240222,4,-28
20240223,20,4
20240224,27,13
20240225,38,13
20240226,23,-8
20240227,13,-7
20240228,0,-22
20240229,17,-6
20240301,13,-12
20240302,10,-17
20240303,27,2
20240304,24,-20
20240305,15,-55
20240306,-31,-82
20240307,-3,-41
20240308,15,-41
20240309,-3,-68
20240310,23,-41
20240311,39,-50
20240312,42,-104
20240313,43,-95
20240314,32,3
20240315,48,28
20240316,55,14
20240317,25,-46
20240318,2,-104
20240319,15,-134
20240320,17,-78
20240321,18,-9
20240322,14,3
20240323,30,1
20240324,29,-19
20240325,-4,-27
20240326,12,-37
20240327,20,-13
20240328,107,-5
20240329,59,-12
20240330,44,-6
20240331,46,-8
20240401,121,9
20240402,42,-12
20240403,-11,-41
20240404,-19,-100
20240405,-20,-171
20240406,13,-40
20240407,49,-108
20240408,124,46
20240409,92,5
20240410,121,-12
20240411,122,51
20240412,83,11
20240413,105,-25
20240414,105,40
20240415,94,30
20240416,52,25
20240417,24,-39
20240418,-18,-64
20240419,-22,-59
20240420,-23,-66
20240421,12,-131
20240422,15,-31
20240423,43,15
20240424,57,-7
20240425,50,4
20240426,58,8
20240427,117,-23
20240428,136,-6
20240429,170,31
20240430,152,77
20240501,93,34
20240502,142,0
20240503,106,20
20240504,150,2
20240505,78,28
20240506,52,12
20240507,46,-11
20240508,34,-40
20240509,102,-30
20240510,95,4
20240511,86,12
20240512,137,-15
20240513,130,68
20240514,194,68
20240515,241,88
20240516,233,106
20240517,201,63
20240518,230,68
20240519,248,76
20240520,199,110
20240521,161,39
20240522,199,75
20240523,246,71
20240524,265,94
20240525,211,140
20240526,203,121
20240527,260,81
20240528,278,147
20240529,283,131
20240530,259,141
20240531,273,132
20240601,281,136
20240602,260,151
20240603,248,128
20240604,268,140
20240605,272,136
20240606,256,135
20240607,199,106
20240608,196,83
20240609,179,96
20240610,171,77
20240611,190,103
20240612,176,107
20240613,199,90
20240614,197,85
20240615,206,79
20240616,224,85
20240617,255,88
20240618,210,162
20240619,210,130
20240620,184,128
20240621,175,116
20240622,206,118
20240623,215,87
20240624,210,106
20240625,248,109
20240626,276,143
20240627,292,150
20240628,301,164
20240629,297,173
20240630,237,138
20240701,273,162
20240702,232,156
20240703,191,129
20240704,209,115
20240705,213,158
20240706,194,130
20240707,216,139
20240708,221,118
20240709,222,125
20240710,236,106
20240711,238,117
20240712,226,161
20240713,253,143
20240714,226,159
20240715,211,145
20240716,243,129
20240717,260,134
20240718,242,167
20240719,204,144
20240720,237,135
20240721,255,165
20240722,260,139
20240723,259,126
20240724,267,136
20240725,278,128
20240726,297,146
20240727,289,161
20240728,250,153
20240729,251,150
20240730,209,144
20240731,179,142
20240801,225,151
20240802,219,131
20240803,220,137
20240804,190,162
20240805,210,146
20240806,174,133
20240807,215,108
20240808,234,109
20240809,251,109
20240810,199,155
20240811,208,119
20240812,208,98
20240813,230,112
20240814,246,128
20240815,259,125
20240816,237,152
20240817,218,152
20240818,217,118
20240819,209,123
20240820,203,95
20240821,218,89
20240822,175,147
20240823,204,145
20240824,206,146
20240825,223,107
20240826,212,156
20240827,207,128
20240828,212,85
20240829,231,115
20240830,243,105
20240831,242,149
20240901,186,112
20240902,218,92
20240903,253,152
20240904,259,129
20240905,260,128
20240906,258,122
20240907,229,99
20240908,242,118
20240909,233,119
20240910,250,145
20240911,209,154
20240912,207,153
20240913,211,150
20240914,241,148
20240915,217,133
20240916,170,67
20240917,189,114
20240918,172,123
20240919,191,97
20240920,186,125
20240921,136,69
20240922,120,26
20240923,113,22
20240924,187,64
20240925,213,109
20240926,169,121
20240927,169,105
20240928,136,85
20240929,105,39
20240930,102,6
20241001,118,-2
20241002,76,2
20241003,82,42
20241004,95,9
20241005,94,16
20241006,101,10
20241007,108,39
20241008,65,28
20241009,77,26
20241010,71,34
20241011,135,71
20241012,108,51
20241013,103,10
20241014,84,68
20241015,76,37
20241016,75,23
20241017,94,28
20241018,123,58
20241019,112,41
20241020,121,12
20241021,101,81
20241022,118,86
20241023,104,77
20241024,93,33
20241025,78,17
20241026,92,4
20241027,79,-7
20241028,87,42
20241029,56,13
20241030,67,28
20241031,36,-7
20241101,10,-51
20241102,10,-59
20241103,14,-20
20241104,11,-19
20241105,7,-26
20241106,48,4
20241107,52,21
20241108,70,28
20241109,75,24
20241110,33,-39
20241111,-11,-59
20241112,22,-12
20241113,43,3
20241114,53,10
20241115,48,-11
20241116,85,26
20241117,54,-1
20241118,30,-11
20241119,-1,-55
20241120,2,-61
20241121,12,-13
20241122,-2,-27
20241123,-10,-85
20241124,9,-91
20241125,44,-50
20241126,64,41
20241127,59,31
20241128,37,27
20241129,30,2
20241130,20,-3
20241201,51,20
20241202,70,34
20241203,44,-31
20241204,-30,-96
20241205,-54,-108
20241206,-29,-63
20241207,-17,-37
20241208,-16,-28
20241209,-3,-39
20241210,8,-36
20241211,19,-13
20241212,-6,-70
20241213,-59,-80
20241214,-54,-88
20241215,-69,-150
20241216,-55,-153
20241217,-91,-208
20241218,-189,-244
20241219,-22,-239
20241220,22,-32
20241221,-32,-119
20241222,11,-151
20241223,21,2
20241224,17,1
20241225,28,1
20241226,32,8
20241227,32,-27
20241228,-3,-43
20241229,30,-15
20241230,34,-9
20241231,-4,-47
20250101,-45,-75
20250102,-45,-98
20250103,-86,-141
20250104,-102,-183
20250105,-71,-207
20250106,-92,-239
20250107,-41,-122
20250108,-44,-76
20250109,-76,-144
20250110,-37,-96
20250111,-32,-55
20250112,-55,-178
20250113,-24,-178
20250114,28,-25
20250115,22,-56
20250116,51,-32
20250117,61,0
20250118,54,4
20250119,24,-33
20250120,27,-111
20250121,-82,-145
20250122,-42,-82
20250123,1,-46
20250124,6,-48
20250125,25,4
20250126,29,7
20250127,17,-5
20250128,8,-5
20250129,22,4
20250130,32,18
20250131,19,-22
20250201,-18,-43
20250202,-11,-43
20250203,-35,-131
20250204,-131,-201
20250205,-52,-199
20250206,-4,-52
20250207,-2,-18
20250208,-18,-81
20250209,-39,-59
20250210,-26,-48
20250211,-26,-45
20250212,-1,-45
20250213,-13,-105
20250214,-80,-107
20250215,-74,-112
20250216,-86,-185
20250217,-89,-163
20250218,-39,-117
20250219,-49,-134
20250220,-20,-122
20250221,3,-73
20250222,0,-25
20250223,26,-25
20250224,28,-7
20250225,25,-36
20250226,28,-59
20250227,26,-2
20250228,18,1
20250301,13,-14
20250302,10,-13
20250303,11,-15
20250304,24,-8
20250305,40,-35
20250306,54,-26
20250307,56,-15
20250308,71,3
20250309,52,-24
20250310,6,-44
20250311,0,-36
20250312,-19,-128
20250313,-34,-75
20250314,-26,-75
20250315,30,-126
20250316,20,-56
20250317,-3,-108
20250318,16,-92
20250319,42,3
20250320,30,-59
20250321,30,-45
20250322,57,-120
20250323,96,-77
20250324,66,-82
20250325,51,11
20250326,68,-24
20250327,87,-67
20250328,53,27
20250329,111,35
20250330,95,7
20250331,129,4
20250401,101,5
20250402,120,-4
20250403,141,-9
20250404,118,12
20250405,21,-37
20250406,31,-74
20250407,34,-9
20250408,49,-72
20250409,25,-42
20250410,0,-43
20250411,-13,-70
20250412,55,-127
20250413,120,-42
20250414,136,-4
20250415,151,45
20250416,177,-22
20250417,170,4
20250418,151,30
20250419,94,60
20250420,72,30
20250421,86,27
20250422,95,9
20250423,71,15
20250424,61,-11
20250425,58,-12
20250426,45,-20
20250427,72,-60
20250428,134,21
20250429,107,31
20250430,62,-12
20250501,107,-37
20250502,132,21
20250503,122,56
20250504,83,30
20250505,51,-4
20250506,66,-15
20250507,52,7
20250508,87,8
20250509,107,-7
20250510,84,-15
20250511,95,0
20250512,136,22
20250513,162,-3
20250514,114,44
20250515,135,55
20250516,167,34
20250517,135,61
20250518,193,33
20250519,158,66
20250520,153,47
20250521,135,53
20250522,153,58
20250523,162,83
20250524,154,90
20250525,165,96
20250526,151,37
20250527,196,112
20250528,217,71
20250529,164,96
20250530,167,128
20250531,175,100
20250601,148,86
20250602,195,49
20250603,203,107
20250604,211,80
20250605,202,82
20250606,195,132
20250607,201,96
20250608,192,112
20250609,163,68
20250610,186,111
20250611,194,78
20250612,201,92
20250613,165,112
20250614,217,66
20250615,262,103
20250616,216,150
20250617,183,105
20250618,190,112
20250619,160,128
20250620,178,95
20250621,151,63
20250622,184,111
20250623,201,104
20250624,160,114
20250625,175,104
20250626,166,94
20250627,208,70
20250628,212,110
20250629,173,114
20250630,170,114
20250701,175,136
20250702,249,100
20250703,221,151
20250704,177,112
20250705,176,85
20250706,195,86
20250707,207,124
20250708,172,123
20250709,165,102
20250710,195,121
20250711,222,139
20250712,286,157
20250713,299,179
20250714,290,181
20250715,267,170
20250716,284,121
20250717,259,154
20250718,268,121
20250719,263,115
20250720,278,108
20250721,271,194
20250722,277,173
20250723,287,156
20250724,298,152
20250725,310,163
20250726,305,161
20250727,300,163
20250728,284,183
20250729,294,190
20250730,309,178
20250731,307,173
20250801,284,171
20250802,243,185
20250803,265,138
20250804,278,154
20250805,263,127
20250806,222,154
20250807,210,128
20250808,212,124
20250809,227,108
20250810,199,128
20250811,222,122
20250812,220,109
20250813,215,113
20250814,235,100
20250815,248,119
20250816,191,121
20250817,197,73
20250818,188,131
20250819,193,115
20250820,139,80
20250821,175,51
20250822,167,73
20250823,157,99
20250824,178,52
20250825,161,71
20250826,160,91
20250827,126,90
20250828,163,95
20250829,188,72
20250830,146,82
20250831,142,123
20250901,194,110
20250902,203,76
20250903,195,62
20250904,189,128
20250905,197,153
20250906,231,139
20250907,236,119
20250908,214,138
20250909,235,120
20250910,227,101
20250911,221,129
20250912,201,125
20250913,174,133
20250914,161,109
20250915,168,132
20250916,151,126
20250917,155,129
20250918,173,121
20250919,158,96
20250920,159,66
20250921,171,108
20250922,166,119
20250923,119,71
20250924,110,43
20250925,132,27
20250926,141,50
20250927,137,65
20250928,119,34
20250929,106,0
20250930,104,-6
20251001,102,-4
20251002,86,35
20251003,83,40
20251004,84,21
20251005,113,58
20251006,114,76
20251007,126,70
20251008,142,97
20251009,118,102
20251010,121,93
20251011,93,41
20251012,73,47
20251013,66,39
20251014,62,27
20251015,64,45
20251016,82,21
20251017,66,-10
20251018,50,-36
20251019,70,-14
20251020,75,21
20251021,88,12
20251022,49,8
20251023,60,41
20251024,61,45
20251025,90,60
20251026,90,70
20251027,76,55
20251028,69,29
20251029,64,34
20251030,69,47
20251031,57,40
20251101,60,40
20251102,58,-4
20251103,82,58
20251104,77,54
20251105,115,72
20251106,106,51
20251107,62,37
20251108,53,21
20251109,69,27
20251110,26,-31
20251111,24,-32
20251112,67,24
20251113,91,57
20251114,56,-29
20251115,3,-52
20251116,19,1
20251117,21,1
20251118,1,-37
20251119,-24,-54
20251120,5,-77
20251121,5,-10
20251122,1,-65
20251123,37,-35
20251124,36,0
20251125,13,-59
20251126,-34,-47
20251127,-12,-52
20251128,47,-42
20251129,63,33
20251130,53,18
20251201,42,9
20251202,48,23
20251203,49,32
20251204,34,3
20251205,24,-4
20251206,30,17
20251207,21,6
20251208,6,-1
20251209,28,1
20251210,31,-3
20251211,45,-11
20251212,-11,-89
20251213,-84,-111
20251214,-58,-117
20251215,-7,-58
20251216,27,-7
20251217,41,5
20251218,48,-8
20251219,51,2
20251220,59,24
20251221,44,-10
20251222,-3,-59
20251223,-41,-70
20251224,-12,-68
20251225,49,-47
20251226,38,-10
20251227,10,-22
20251228,11,-107
20251229,-22,-114
20251230,-51,-73
20251231,-66,-162
