Date,TMax,TMin
18810101,58,43
18810102,47,24
18810103,30,13
18810104,31,10
18810105,49,11
18810106,43,-14
18810107,-11,-32
18810108,-1,-28
18810109,0,-38
18810110,-8,-60
18810111,-13,-66
18810112,0,-24
18810113,-4,-33
18810114,-2,-54
18810115,-50,-102
18810116,-76,-120
18810117,-88,-200
18810118,-38,-180
18810119,2,-48
18810120,62,-10
18810121,-6,-61
18810122,-60,-119
18810123,-50,-108
18810124,-68,-153
18810125,-80,-215
18810126,-76,-130
18810127,-47,-93
18810128,-20,-64
18810129,-21,-50
18810130,47,-43
18810131,30,4
18810201,30,8
18810202,40,8
18810203,64,-8
18810204,-8,-58
18810205,-7,-18
18810206,18,-18
18810207,48,-1
18810208,14,-18
18810209,15,-27
18810210,38,-58
18810211,72,-3
18810212,42,-26
18810213,8,-42
18810214,-17,-62
18810215,5,-95
18810216,6,-84
18810217,38,-12
18810218,22,-12
18810219,31,-10
18810220,34,-4
18810221,20,-10
18810222,16,-30
18810223,-2,-61
18810224,8,-60
18810225,20,-80
18810226,49,-58
18810227,98,8
18810228,104,12
18810301,102,5
18810302,10,-10
18810303,38,-40
18810304,18,-48
18810305,94,-16
18810306,106,52
18810307,150,85
18810308,178,96
18810309,127,87
18810310,173,39
18810311,178,78
18810312,158,70
18810313,110,28
18810314,37,-14
18810315,42,-35
18810316,42,-32
18810317,87,-27
18810318,136,-5
18810319,182,57
18810320,186,67
18810321,170,101
18810322,117,22
18810323,80,-2
18810324,90,-7
18810325,96,48
18810326,105,70
18810327,72,57
18810328,86,54
18810329,134,81
18810330,148,62
18810331,62,26
18810401,140,32
18810402,160,88
18810403,184,112
18810404,122,29
18810405,78,24
18810406,153,50
18810407,140,100
18810408,106,50
18810409,90,44
18810410,90,62
18810411,131,76
18810412,103,59
18810413,100,58
18810414,130,52
18810415,164,58
18810416,171,60
18810417,190,97
18810418,182,80
18810419,165,113
18810420,120,23
18810421,58,20
18810422,82,48
18810423,127,55
18810424,117,34
18810425,150,66
18810426,163,73
18810427,138,65
18810428,112,65
18810429,128,51
18810430,147,26
18810501,203,50
18810502,196,99
18810503,212,96
18810504,182,104
18810505,157,106
18810506,208,100
18810507,236,90
18810508,250,118
18810509,188,93
18810510,108,54
18810511,76,44
18810512,138,44
18810513,104,63
18810514,131,63
18810515,224,111
18810516,242,106
18810517,160,115
18810518,211,102
18810519,234,90
18810520,263,113
18810521,273,120
18810522,238,140
18810523,184,123
18810524,182,117
18810525,250,94
18810526,268,130
18810527,247,145
18810528,246,150
18810529,222,142
18810530,218,148
18810531,228,122
18810601,238,110
18810602,251,110
18810603,258,136
18810604,280,132
18810605,275,133
18810606,278,153
18810607,228,140
18810608,198,102
18810609,153,86
18810610,162,88
18810611,180,84
18810612,198,95
18810613,216,130
18810614,180,128
18810615,218,128
18810616,236,103
18810617,237,118
18810618,248,125
18810619,233,135
18810620,270,164
18810621,290,144
18810622,306,165
18810623,314,184
18810624,320,210
18810625,296,190
18810626,292,188
18810627,234,190
18810628,208,160
18810629,265,130
18810630,223,161
18810701,220,170
18810702,258,185
18810703,280,168
18810704,302,192
18810705,320,198
18810706,332,198
18810707,318,200
18810708,264,192
18810709,258,147
18810710,262,138
18810711,250,148
18810712,253,160
18810713,277,150
18810714,314,173
18810715,307,196
18810716,308,174
18810717,317,200
18810718,292,192
18810719,308,182
18810720,317,188
18810721,330,200
18810722,326,204
18810723,268,181
18810724,280,164
18810725,303,160
18810726,308,190
18810727,237,126
18810728,241,128
18810729,251,110
18810730,275,100
18810731,302,145
18810801,317,158
18810802,309,160
18810803,277,150
18810804,273,163
18810805,288,150
18810806,293,165
18810807,318,174
18810808,309,188
18810809,313,185
18810810,249,160
18810811,246,150
18810812,271,181
18810813,300,190
18810814,218,151
18810815,151,120
18810816,216,108
18810817,238,146
18810818,217,132
18810819,240,124
18810820,268,138
18810821,288,176
18810822,278,187
18810823,297,185
18810824,330,183
18810825,260,177
18810826,268,162
18810827,288,163
18810828,305,163
18810829,215,98
18810830,216,80
18810831,230,103
18810901,247,119
18810902,208,130
18810903,193,133
18810904,242,136
18810905,218,140
18810906,236,132
18810907,210,152
18810908,238,130
18810909,235,142
18810910,218,131
18810911,200,154
18810912,220,152
18810913,228,110
18810914,230,128
18810915,230,125
18810916,180,140
18810917,181,130
18810918,195,93
18810919,229,90
18810920,240,130
18810921,232,143
18810922,241,148
18810923,153,120
18810924,121,70
18810925,90,65
18810926,122,77
18810927,156,60
18810928,174,45
18810929,162,92
18810930,144,73
18811001,100,73
18811002,93,76
18811003,93,69
18811004,88,68
18811005,113,81
18811006,133,105
18811007,112,80
18811008,112,74
18811009,113,88
18811010,122,87
18811011,109,86
18811012,137,86
18811013,148,40
18811014,142,84
18811015,155,66
18811016,80,43
18811017,108,48
18811018,105,40
18811019,70,28
18811020,98,-14
18811021,75,56
18811022,102,60
18811023,139,73
18811024,167,97
18811025,124,80
18811026,88,52
18811027,81,39
18811028,41,31
18811029,50,20
18811030,28,10
18811031,21,0
18811101,22,1
18811102,12,-6
18811103,10,-20
18811104,20,-12
18811105,20,-1
18811106,18,-6
18811107,119,8
18811108,91,68
18811109,87,54
18811110,95,22
18811111,79,-2
18811112,103,-2
18811113,100,20
18811114,110,24
18811115,102,43
18811116,93,0
18811117,30,-18
18811118,88,-11
18811119,66,6
18811120,43,-35
18811121,62,-36
18811122,104,17
18811123,112,24
18811124,112,26
18811125,68,0
18811126,105,-1
18811127,139,14
18811128,150,77
18811129,130,68
18811130,104,40
18811201,90,40
18811202,75,50
18811203,52,19
18811204,19,10
18811205,22,10
18811206,36,9
18811207,23,2
18811208,13,-20
18811209,9,-20
18811210,36,-3
18811211,38,4
18811212,30,11
18811213,43,12
18811214,44,26
18811215,28,0
18811216,0,-17
18811217,10,-14
18811218,65,-22
18811219,60,8
18811220,34,10
18811221,61,22
18811222,59,-2
18811223,30,0
18811224,13,-10
18811225,7,-30
18811226,8,-62
18811227,12,-68
18811228,39,-50
18811229,53,-33
18811230,-20,-60
18811231,-24,-50
18820101,43,-42
18820102,36,-5
18820103,-5,-27
18820104,75,-30
18820105,40,20
18820106,47,16
18820107,103,-13
18820108,95,14
18820109,58,-30
18820110,73,-3
18820111,56,-30
18820112,70,-24
18820113,35,-10
18820114,23,-50
18820115,17,-52
18820116,25,-56
18820117,58,-30
18820118,95,-14
18820119,71,-12
18820120,57,-15
18820121,48,27
18820122,35,12
18820123,20,4
18820124,10,-8
18820125,1,-14
18820126,-6,-33
18820127,-6,-33
18820128,-17,-30
18820129,15,-52
18820130,-22,-58
18820131,25,-35
18820201,0,-60
18820202,10,-73
18820203,16,-80
18820204,30,-92
18820205,51,-70
18820206,30,-54
18820207,57,-27
18820208,63,0
18820209,27,4
18820210,71,-48
18820211,83,-50
18820212,72,-23
18820213,73,-20
18820214,83,-50
18820215,126,-6
18820216,90,36
18820217,86,-4
18820218,103,16
18820219,132,-4
18820220,53,2
18820221,54,-13
18820222,68,-4
18820223,143,-12
18820224,118,33
18820225,143,0
18820226,144,52
18820227,119,75
18820228,146,40
18820301,146,32
18820302,140,68
18820303,98,50
18820304,128,45
18820305,162,52
18820306,142,24
18820307,156,48
18820308,122,30
18820309,160,17
18820310,170,70
18820311,209,40
18820312,163,90
18820313,150,72
18820314,166,40
18820315,164,40
18820316,189,46
18820317,217,47
18820318,190,58
18820319,196,85
18820320,210,89
18820321,196,72
18820322,170,85
18820323,122,60
18820324,104,50
18820325,110,64
18820326,133,47
18820327,98,25
18820328,116,36
18820329,150,40
18820330,160,44
18820331,195,37
18820401,201,86
18820402,198,67
18820403,204,78
18820404,158,89
18820405,140,72
18820406,110,32
18820407,127,5
18820408,113,15
18820409,110,32
18820410,64,22
18820411,56,4
18820412,80,-5
18820413,148,46
18820414,172,53
18820415,204,68
18820416,166,98
18820417,167,83
18820418,187,71
18820419,162,100
18820420,196,65
18820421,184,68
18820422,196,94
18820423,217,70
18820424,195,100
18820425,201,93
18820426,173,88
18820427,179,105
18820428,180,100
18820429,162,76
18820430,206,48
18820501,240,92
18820502,236,128
18820503,236,121
18820504,280,123
18820505,232,124
18820506,248,112
18820507,263,130
18820508,228,140
18820509,170,93
18820510,168,88
18820511,191,86
18820512,208,84
18820513,242,91
18820514,102,73
18820515,144,60
18820516,140,56
18820517,131,77
18820518,117,52
18820519,168,52
18820520,190,85
18820521,207,80
18820522,239,120
18820523,257,127
18820524,250,120
18820525,233,117
18820526,244,134
18820527,271,156
18820528,282,166
18820529,286,166
18820530,290,184
18820531,294,170
18820601,243,152
18820602,228,133
18820603,234,130
18820604,266,146
18820605,274,152
18820606,232,135
18820607,260,118
18820608,257,154
18820609,200,133
18820610,164,106
18820611,174,97
18820612,200,98
18820613,226,87
18820614,185,60
18820615,222,90
18820616,170,97
18820617,203,87
18820618,207,98
18820619,232,100
18820620,204,102
18820621,218,91
18820622,224,131
18820623,254,147
18820624,270,162
18820625,250,176
18820626,257,144
18820627,262,142
18820628,240,134
18820629,280,140
18820630,264,173
18820701,237,159
18820702,217,151
18820703,216,148
18820704,225,140
18820705,242,113
18820706,248,153
18820707,273,163
18820708,308,172
18820709,340,200
18820710,260,133
18820711,244,130
18820712,276,136
18820713,218,130
18820714,256,130
18820715,283,140
18820716,308,156
18820717,290,182
18820718,270,176
18820719,280,156
18820720,298,193
18820721,280,187
18820722,306,175
18820723,237,176
18820724,298,184
18820725,280,188
18820726,300,186
18820727,193,138
18820728,185,128
18820729,200,134
18820730,250,135
18820731,212,150
18820801,230,126
18820802,238,143
18820803,253,146
18820804,240,134
18820805,206,128
18820806,232,113
18820807,238,125
18820808,215,135
18820809,250,144
18820810,257,161
18820811,249,168
18820812,271,158
18820813,275,151
18820814,286,164
18820815,292,180
18820816,227,171
18820817,181,138
18820818,184,126
18820819,235,106
18820820,261,140
18820821,230,150
18820822,173,108
18820823,230,77
18820824,278,137
18820825,222,138
18820826,260,152
18820827,188,120
18820828,222,117
18820829,242,110
18820830,184,122
18820831,208,121
18820901,200,113
18820902,225,126
18820903,254,116
18820904,266,145
18820905,247,150
18820906,254,148
18820907,226,145
18820908,188,150
18820909,218,150
18820910,216,108
18820911,219,141
18820912,220,158
18820913,176,141
18820914,190,130
18820915,236,122
18820916,222,162
18820917,183,150
18820918,194,113
18820919,180,112
18820920,212,130
18820921,188,128
18820922,187,110
18820923,194,102
18820924,200,115
18820925,198,93
18820926,156,127
18820927,190,116
18820928,136,98
18820929,189,83
18820930,209,131
18821001,188,92
18821002,190,14
18821003,196,96
18821004,160,108
18821005,115,100
18821006,148,111
18821007,162,85
18821008,179,78
18821009,194,125
18821010,178,125
18821011,178,133
18821012,181,132
18821013,182,140
18821014,192,137
18821015,160,104
18821016,152,98
18821017,162,92
18821018,133,116
18821019,123,96
18821020,129,81
18821021,95,48
18821022,112,69
18821023,104,66
18821024,145,42
18821025,176,72
18821026,221,118
18821027,170,80
18821028,208,137
18821029,156,128
18821030,130,92
18821031,136,77
18821101,133,47
18821102,155,40
18821103,151,62
18821104,150,54
18821105,174,80
18821106,164,58
18821107,126,60
18821108,176,73
18821109,170,81
18821110,115,63
18821111,94,30
18821112,120,52
18821113,94,44
18821114,67,37
18821115,53,33
18821116,66,34
18821117,76,43
18821118,63,15
18821119,34,-7
18821120,33,-2
18821121,53,20
18821122,52,10
18821123,95,2
18821124,120,34
18821125,150,76
18821126,161,107
18821127,164,32
18821128,49,30
18821129,56,1
18821130,30,-20
18821201,10,-17
18821202,5,-23
18821203,-22,-50
18821204,45,-63
18821205,63,11
18821206,43,17
18821207,66,22
18821208,85,25
18821209,60,-8
18821210,90,32
18821211,78,53
18821212,75,50
18821213,75,36
18821214,102,36
18821215,128,80
18821216,100,27
18821217,52,23
18821218,36,24
18821219,48,28
18821220,30,-7
18821221,2,-6
18821222,8,-4
18821223,17,-10
18821224,24,-12
18821225,25,-32
18821226,77,-1
18821227,111,50
18821228,142,84
18821229,117,67
18821230,137,58
18821231,127,43
18830101,90,36
18830102,144,54
18830103,112,60
18830104,56,6
18830105,50,0
18830106,0,-57
18830107,-38,-88
18830108,-51,-84
18830109,-33,-68
18830110,-8,-68
18830111,-17,-45
18830112,-40,-68
18830113,-14,-50
18830114,4,-23
18830115,6,-5
18830116,0,-10
18830117,0,-19
18830118,13,-48
18830119,-10,-56
18830120,-16,-85
18830121,-27,-122
18830122,13,-93
18830123,8,-49
18830124,-41,-65
18830125,-20,-48
18830126,-2,-35
18830127,28,-40
18830128,50,-40
18830129,39,-48
18830130,98,10
18830131,92,35
18830201,87,25
18830202,94,10
18830203,112,21
18830204,122,48
18830205,48,0
18830206,3,-14
18830207,14,-6
18830208,24,-5
18830209,10,-4
18830210,10,-23
18830211,17,-6
18830212,40,3
18830213,53,18
18830214,63,11
18830215,62,-16
18830216,76,-4
18830217,37,-13
18830218,6,-28
18830219,22,-24
18830220,33,-36
18830221,77,-8
18830222,112,-10
18830223,118,11
18830224,72,8
18830225,90,1
18830226,103,2
18830227,70,1
18830228,125,7
18830301,67,10
18830302,23,-25
18830303,28,-28
18830304,39,-27
18830305,31,-20
18830306,72,-46
18830307,38,-3
18830308,32,-32
18830309,47,-40
18830310,26,-33
18830311,19,-42
18830312,27,-97
18830313,22,-54
18830314,32,-90
18830315,79,-23
18830316,113,28
18830317,70,38
18830318,114,34
18830319,124,38
18830320,84,61
18830321,81,-2
18830322,-1,-48
18830323,-16,-72
18830324,2,-48
18830325,70,-50
18830326,131,28
18830327,126,60
18830328,60,4
18830329,93,2
18830330,76,2
18830331,140,0
18830401,150,60
18830402,130,40
18830403,140,16
18830404,190,30
18830405,144,50
18830406,122,23
18830407,68,30
18830408,58,23
18830409,104,35
18830410,75,44
18830411,80,44
18830412,74,50
18830413,96,50
18830414,123,40
18830415,130,30
18830416,170,40
18830417,180,85
18830418,192,80
18830419,200,65
18830420,170,90
18830421,135,55
18830422,126,32
18830423,120,44
18830424,167,26
18830425,176,88
18830426,178,66
18830427,206,62
18830428,182,78
18830429,188,113
18830430,190,112
18830501,190,100
18830502,146,87
18830503,196,90
18830504,215,88
18830505,142,102
18830506,143,100
18830507,212,126
18830508,224,108
18830509,200,123
18830510,202,130
18830511,205,113
18830512,197,100
18830513,196,77
18830514,223,86
18830515,242,98
18830516,254,127
18830517,278,151
18830518,230,138
18830519,240,121
18830520,121,79
18830521,183,67
18830522,197,70
18830523,207,95
18830524,227,150
18830525,276,170
18830526,277,141
18830527,267,147
18830528,238,171
18830529,237,156
18830530,270,143
18830531,241,164
18830601,241,150
18830602,224,150
18830603,256,154
18830604,279,160
18830605,279,158
18830606,254,153
18830607,277,131
18830608,274,155
18830609,270,158
18830610,270,140
18830611,273,145
18830612,254,137
18830613,254,143
18830614,249,141
18830615,265,168
18830616,223,154
18830617,250,158
18830618,230,140
18830619,163,127
18830620,203,127
18830621,230,110
18830622,197,117
18830623,238,120
18830624,250,146
18830625,258,140
18830626,242,147
18830627,250,144
18830628,260,158
18830629,233,158
18830630,273,145
18830701,261,143
18830702,275,135
18830703,274,168
18830704,300,168
18830705,294,174
18830706,302,170
18830707,303,167
18830708,294,170
18830709,312,180
18830710,312,197
18830711,280,182
18830712,310,176
18830713,325,196
18830714,336,200
18830715,288,164
18830716,223,111
18830717,210,110
18830718,240,113
18830719,216,137
18830720,262,150
18830721,290,172
18830722,282,160
18830723,218,143
18830724,230,138
18830725,202,124
18830726,234,120
18830727,240,152
18830728,192,106
18830729,241,98
18830730,248,124
18830731,280,130
18830801,248,160
18830802,262,136
18830803,240,145
18830804,220,154
18830805,242,162
18830806,262,146
18830807,268,135
18830808,234,140
18830809,257,130
18830810,270,150
18830811,190,150
18830812,218,140
18830813,247,113
18830814,275,132
18830815,305,147
18830816,237,120
18830817,175,117
18830818,190,142
18830819,237,156
18830820,246,138
18830821,286,163
18830822,283,173
18830823,292,173
18830824,260,174
18830825,260,173
18830826,255,174
18830827,265,150
18830828,287,150
18830829,272,162
18830830,283,180
18830831,278,166
18830901,253,160
18830902,268,168
18830903,242,175
18830904,282,127
18830905,200,140
18830906,170,128
18830907,208,147
18830908,192,132
18830909,220,98
18830910,202,100
18830911,194,98
18830912,198,100
18830913,217,132
18830914,230,120
18830915,188,145
18830916,178,137
18830917,204,155
18830918,197,147
18830919,227,138
18830920,205,108
18830921,243,105
18830922,177,133
18830923,170,117
18830924,181,113
18830925,172,100
18830926,200,97
18830927,207,82
18830928,202,107
18830929,146,110
18830930,192,88
18831001,182,120
18831002,142,108
18831003,147,93
18831004,165,91
18831005,127,72
18831006,127,53
18831007,140,64
18831008,132,50
18831009,161,57
18831010,153,105
18831011,134,104
18831012,163,72
18831013,148,70
18831014,160,107
18831015,143,108
18831016,135,108
18831017,176,95
18831018,190,84
18831019,153,87
18831020,198,60
18831021,212,120
18831022,172,86
18831023,140,64
18831024,87,50
18831025,108,41
18831026,128,77
18831027,117,80
18831028,136,100
18831029,173,94
18831030,168,102
18831031,138,74
18831101,128,55
18831102,102,38
18831103,121,28
18831104,48,22
18831105,78,31
18831106,120,61
18831107,168,60
18831108,167,130
18831109,140,70
18831110,117,50
18831111,85,10
18831112,87,3
18831113,87,20
18831114,60,18
18831115,42,13
18831116,55,28
18831117,30,18
18831118,42,19
18831119,56,19
18831120,60,20
18831121,97,20
18831122,29,-22
18831123,6,-59
18831124,47,-12
18831125,69,20
18831126,80,20
18831127,114,30
18831128,64,46
18831129,78,14
18831130,56,-7
18831201,40,0
18831202,33,0
18831203,20,-9
18831204,93,0
18831205,48,-16
18831206,-10,-52
18831207,-8,-58
18831208,-20,-83
18831209,-10,-95
18831210,-10,-54
18831211,-10,-38
18831212,0,-42
18831213,38,-43
18831214,29,-12
18831215,50,-12
18831216,30,-18
18831217,36,1
18831218,10,-5
18831219,0,-62
18831220,8,-56
18831221,56,-36
18831222,64,6
18831223,80,-4
18831224,37,-10
18831225,-1,-33
18831226,46,-12
18831227,35,-3
18831228,6,-20
18831229,3,-18
18831230,6,-23
18831231,14,-56
18840101,8,-38
18840102,-3,-77
18840103,-50,-105
18840104,-50,-100
18840105,22,-50
18840106,-12,-42
18840107,58,-10
18840108,55,22
18840109,57,2
18840110,25,-52
18840111,5,-67
18840112,30,-20
18840113,40,-42
18840114,14,-62
18840115,4,-47
18840116,29,-39
18840117,68,-22
18840118,41,0
18840119,41,10
18840120,38,-4
18840121,49,-17
18840122,61,-20
18840123,127,-31
18840124,88,53
18840125,78,14
18840126,14,-28
18840127,78,-13
18840128,60,10
18840129,61,-1
18840130,106,10
18840131,116,40
18840201,133,40
18840202,136,77
18840203,84,56
18840204,77,13
18840205,100,2
18840206,102,-5
18840207,88,-17
18840208,86,-20
18840209,67,-20
18840210,50,0
18840211,38,-5
18840212,46,10
18840213,48,10
18840214,56,-18
18840215,26,3
18840216,44,7
18840217,21,-13
18840218,25,-23
18840219,40,-55
18840220,60,-52
18840221,90,-43
18840222,93,-40
18840223,130,-13
18840224,118,56
18840225,87,42
18840226,95,27
18840227,64,-10
18840228,42,-30
18840229,81,-15
18840301,37,14
18840302,38,20
18840303,47,29
18840304,43,29
18840305,87,31
18840306,82,10
18840307,67,7
18840308,30,9
18840309,77,17
18840310,120,-2
18840311,138,37
18840312,159,72
18840313,172,72
18840314,150,78
18840315,163,50
18840316,130,29
18840317,140,28
18840318,185,20
18840319,210,60
18840320,200,75
18840321,153,60
18840322,66,47
18840323,80,50
18840324,106,36
18840325,65,32
18840326,72,30
18840327,133,32
18840328,155,42
18840329,164,38
18840330,148,50
18840331,151,90
18840401,147,61
18840402,198,77
18840403,176,80
18840404,159,60
18840405,171,50
18840406,192,60
18840407,180,93
18840408,110,62
18840409,143,43
18840410,160,38
18840411,173,60
18840412,147,72
18840413,197,52
18840414,205,70
18840415,170,90
18840416,185,92
18840417,191,86
18840418,176,80
18840419,160,70
18840420,118,53
18840421,108,63
18840422,127,52
18840423,135,57
18840424,140,46
18840425,164,95
18840426,160,82
18840427,154,80
18840428,151,76
18840429,166,87
18840430,200,81
18840501,196,90
18840502,194,97
18840503,223,119
18840504,202,120
18840505,225,122
18840506,167,88
18840507,154,95
18840508,190,93
18840509,220,100
18840510,237,98
18840511,260,107
18840512,268,143
18840513,272,142
18840514,282,132
18840515,259,130
18840516,210,130
18840517,243,112
18840518,258,156
18840519,246,140
18840520,283,130
18840521,284,154
18840522,221,140
18840523,228,110
18840524,240,100
18840525,270,92
18840526,202,100
18840527,196,93
18840528,220,68
18840529,213,100
18840530,188,110
18840531,237,120
18840601,207,138
18840602,219,136
18840603,228,126
18840604,195,120
18840605,200,120
18840606,191,124
18840607,192,100
18840608,228,116
18840609,180,113
18840610,142,111
18840611,150,116
18840612,213,124
18840613,248,138
18840614,204,138
18840615,241,105
18840616,160,107
18840617,177,100
18840618,188,97
18840619,182,97
18840620,213,120
18840621,220,127
18840622,190,122
18840623,231,128
18840624,211,140
18840625,228,140
18840626,259,140
18840627,268,175
18840628,248,128
18840629,197,103
18840630,179,110
18840701,228,142
18840702,258,185
18840703,282,190
18840704,270,170
18840705,283,163
18840706,290,168
18840707,275,191
18840708,291,170
18840709,262,165
18840710,265,178
18840711,287,174
18840712,304,186
18840713,314,192
18840714,328,185
18840715,325,200
18840716,323,206
18840717,336,212
18840718,344,231
18840719,316,200
18840720,200,134
18840721,205,138
18840722,233,122
18840723,245,150
18840724,270,146
18840725,269,147
18840726,159,120
18840727,220,117
18840728,230,150
18840729,192,157
18840730,258,152
18840731,236,170
18840801,234,140
18840802,263,148
18840803,288,170
18840804,292,165
18840805,303,170
18840806,291,170
18840807,262,180
18840808,206,160
18840809,238,169
18840810,280,167
18840811,288,177
18840812,292,182
18840813,262,181
18840814,262,154
18840815,198,165
18840816,218,150
18840817,226,148
18840818,233,127
18840819,238,125
18840820,208,153
18840821,224,136
18840822,235,153
18840823,233,130
18840824,226,136
18840825,242,140
18840826,244,122
18840827,172,112
18840828,193,98
18840829,207,135
18840830,190,127
18840831,216,118
18840901,228,130
18840902,234,133
18840903,248,151
18840904,268,172
18840905,186,117
18840906,184,112
18840907,203,98
18840908,170,113
18840909,181,104
18840910,161,115
18840911,179,134
18840912,196,146
18840913,215,123
18840914,212,130
18840915,217,116
18840916,222,128
18840917,235,154
18840918,230,130
18840919,233,154
18840920,231,158
18840921,228,162
18840922,243,147
18840923,235,138
18840924,168,134
18840925,179,130
18840926,183,107
18840927,187,86
18840928,209,108
18840929,200,100
18840930,200,88
18841001,193,87
18841002,190,75
18841003,133,102
18841004,120,88
18841005,108,83
18841006,135,108
18841007,160,117
18841008,192,119
18841009,130,96
18841010,180,83
18841011,195,62
18841012,90,58
18841013,92,53
18841014,110,20
18841015,143,37
18841016,138,45
18841017,163,72
18841018,145,69
18841019,150,51
18841020,153,47
18841021,140,80
18841022,110,71
18841023,73,37
18841024,74,35
18841025,122,19
18841026,143,51
18841027,176,65
18841028,120,28
18841029,148,45
18841030,138,41
18841031,130,40
18841101,137,67
18841102,109,61
18841103,99,44
18841104,122,22
18841105,145,49
18841106,138,22
18841107,99,29
18841108,47,28
18841109,63,28
18841110,75,46
18841111,93,61
18841112,90,30
18841113,67,20
18841114,42,5
18841115,42,7
18841116,47,18
18841117,70,22
18841118,30,4
18841119,43,-8
18841120,-8,-58
18841121,-13,-43
18841122,-25,-54
18841123,-29,-43
18841124,-3,-83
18841125,33,-95
18841126,0,-88
18841127,-3,-97
18841128,68,-23
18841129,56,36
18841130,36,-22
18841201,-8,-70
18841202,-27,-85
18841203,-33,-100
18841204,62,-82
18841205,61,18
18841206,47,0
18841207,84,-13
18841208,92,0
18841209,110,50
18841210,120,52
18841211,50,-15
18841212,100,35
18841213,80,13
18841214,96,1
18841215,107,12
18841216,113,30
18841217,87,20
18841218,94,13
18841219,38,-7
18841220,40,-37
18841221,45,13
18841222,48,12
18841223,38,10
18841224,23,10
18841225,23,5
18841226,13,5
18841227,15,5
18841228,5,-13
18841229,13,-12
18841230,27,-2
18841231,32,10
18850101,33,6
18850102,6,-9
18850103,-3,-18
18850104,-1,-18
18850105,-13,-22
18850106,0,-22
18850107,-2,-21
18850108,26,-18
18850109,19,-48
18850110,-13,-42
18850111,48,-54
18850112,53,22
18850113,37,14
18850114,38,-8
18850115,13,-10
18850116,23,1
18850117,29,13
18850118,37,-9
18850119,-9,-48
18850120,-12,-73
18850121,-3,-32
18850122,4,-43
18850123,16,-32
18850124,0,-33
18850125,-11,-38
18850126,-16,-32
18850127,23,-43
18850128,-13,-124
18850129,-2,-114
18850130,42,-86
18850131,87,-2
18850201,99,30
18850202,116,55
18850203,100,40
18850204,98,43
18850205,78,-8
18850206,61,40
18850207,70,34
18850208,55,30
18850209,40,2
18850210,48,2
18850211,63,2
18850212,22,-20
18850213,12,-29
18850214,36,-50
18850215,55,-26
18850216,120,-12
18850217,126,50
18850218,146,85
18850219,97,57
18850220,138,42
18850221,160,27
18850222,44,-8
18850223,54,-13
18850224,91,-20
18850225,102,10
18850226,116,3
18850227,102,30
18850228,96,-10
18850301,55,9
18850302,83,-10
18850303,42,17
18850304,90,18
18850305,144,58
18850306,198,90
18850307,166,68
18850308,103,43
18850309,182,56
18850310,143,10
18850311,70,10
18850312,58,-8
18850313,66,-27
18850314,76,-4
18850315,105,20
18850316,153,10
18850317,158,15
18850318,143,50
18850319,171,51
18850320,102,50
18850321,162,-13
18850322,83,20
18850323,96,18
18850324,28,0
18850325,90,0
18850326,90,49
18850327,123,52
18850328,143,60
18850329,162,77
18850330,158,90
18850331,148,58
18850401,151,47
18850402,136,73
18850403,157,64
18850404,120,68
18850405,102,60
18850406,111,70
18850407,106,60
18850408,133,58
18850409,138,71
18850410,163,56
18850411,170,60
18850412,170,100
18850413,152,60
18850414,150,68
18850415,170,55
18850416,211,92
18850417,179,93
18850418,112,91
18850419,173,100
18850420,191,100
18850421,226,55
18850422,245,92
18850423,251,103
18850424,226,103
18850425,230,100
18850426,233,104
18850427,244,110
18850428,257,108
18850429,251,120
18850430,215,118
18850501,222,106
18850502,217,110
18850503,203,101
18850504,178,110
18850505,164,93
18850506,190,73
18850507,209,122
18850508,224,118
18850509,138,92
18850510,188,72
18850511,204,102
18850512,120,63
18850513,146,42
18850514,143,97
18850515,163,91
18850516,170,87
18850517,190,62
18850518,191,110
18850519,131,70
18850520,188,47
18850521,200,70
18850522,207,112
18850523,225,114
18850524,222,134
18850525,200,120
18850526,240,123
18850527,253,130
18850528,259,154
18850529,267,145
18850530,278,145
18850531,291,157
18850601,197,122
18850602,183,113
18850603,188,90
18850604,228,93
18850605,259,113
18850606,270,130
18850607,278,144
18850608,290,154
18850609,308,167
18850610,313,173
18850611,220,137
18850612,170,110
18850613,240,123
18850614,271,122
18850615,288,146
18850616,312,164
18850617,299,171
18850618,283,180
18850619,218,153
18850620,249,155
18850621,244,112
18850622,185,100
18850623,158,122
18850624,223,140
18850625,276,177
18850626,287,160
18850627,300,203
18850628,307,185
18850629,316,210
18850630,308,208
18850701,283,177
18850702,275,160
18850703,308,174
18850704,327,180
18850705,310,194
18850706,269,166
18850707,237,160
18850708,278,183
18850709,273,192
18850710,270,187
18850711,292,181
18850712,312,180
18850713,320,181
18850714,322,198
18850715,323,197
18850716,279,211
18850717,315,198
18850718,322,188
18850719,323,188
18850720,328,196
18850721,305,200
18850722,258,163
18850723,260,141
18850724,281,148
18850725,263,158
18850726,240,160
18850727,240,150
18850728,243,150
18850729,251,135
18850730,248,152
18850731,282,134
18850801,308,182
18850802,260,187
18850803,282,190
18850804,272,180
18850805,258,178
18850806,284,167
18850807,310,186
18850808,262,160
18850809,255,124
18850810,260,163
18850811,271,162
18850812,283,180
18850813,296,175
18850814,228,183
18850815,250,158
18850816,253,129
18850817,259,125
18850818,235,118
18850819,202,104
18850820,208,103
18850821,251,134
18850822,228,115
18850823,212,130
18850824,245,127
18850825,228,130
18850826,248,120
18850827,256,122
18850828,260,147
18850829,200,166
18850830,242,165
18850831,188,140
18850901,168,132
18850902,196,130
18850903,216,91
18850904,235,118
18850905,218,133
18850906,225,122
18850907,247,118
18850908,256,145
18850909,208,155
18850910,220,144
18850911,219,110
18850912,193,105
18850913,195,90
18850914,216,89
18850915,246,115
18850916,256,132
18850917,258,148
18850918,277,131
18850919,265,166
18850920,258,150
18850921,250,172
18850922,238,155
18850923,232,129
18850924,239,112
18850925,246,145
18850926,232,163
18850927,272,150
18850928,263,181
18850929,181,98
18850930,178,60
18851001,202,80
18851002,137,76
18851003,170,82
18851004,162,40
18851005,192,72
18851006,194,106
18851007,175,116
18851008,131,90
18851009,130,70
18851010,119,82
18851011,139,80
18851012,130,83
18851013,136,92
18851014,136,98
18851015,159,115
18851016,173,100
18851017,209,102
18851018,177,94
18851019,165,93
18851020,142,110
18851021,127,69
18851022,104,50
18851023,158,53
18851024,170,83
18851025,160,108
18851026,159,102
18851027,151,80
18851028,130,61
18851029,81,42
18851030,104,42
18851031,112,10
18851101,152,95
18851102,123,75
18851103,103,80
18851104,106,84
18851105,96,83
18851106,115,83
18851107,104,93
18851108,99,79
18851109,90,68
18851110,89,60
18851111,90,51
18851112,75,29
18851113,70,36
18851114,90,28
18851115,128,28
18851116,89,22
18851117,42,10
18851118,30,7
18851119,49,10
18851120,45,24
18851121,44,24
18851122,46,33
18851123,88,41
18851124,106,53
18851125,75,58
18851126,90,52
18851127,86,67
18851128,120,54
18851129,147,98
18851130,157,120
18851201,156,64
18851202,95,52
18851203,80,-8
18851204,64,-16
18851205,108,39
18851206,138,51
18851207,127,52
18851208,53,36
18851209,118,-12
18851210,-12,-46
18851211,-12,-74
18851212,-20,-60
18851213,-5,-55
18851214,-43,-81
18851215,-63,-93
18851216,-23,-114
18851217,29,-26
18851218,41,-2
18851219,33,-6
18851220,1,-63
18851221,-28,-67
18851222,-34,-48
18851223,-43,-57
18851224,-19,-49
18851225,-17,-40
18851226,-28,-50
18851227,-15,-60
18851228,-1,-72
18851229,-17,-75
18851230,0,-82
18851231,8,-18
18860101,5,-19
18860102,9,-33
18860103,13,-25
18860104,46,-68
18860105,80,18
18860106,65,22
18860107,56,1
18860108,8,-12
18860109,4,-30
18860110,-7,-40
18860111,-13,-41
18860112,-7,-43
18860113,-8,-38
18860114,8,-75
18860115,-63,-108
18860116,-41,-68
18860117,-36,-68
18860118,22,-38
18860119,18,-38
18860120,21,-24
18860121,-2,-87
18860122,34,-68
18860123,55,18
18860124,41,-8
18860125,77,-10
18860126,103,57
18860127,91,38
18860128,58,15
18860129,48,23
18860130,35,15
18860131,33,14
18860201,41,0
18860202,39,0
18860203,43,-8
18860204,47,-14
18860205,17,-6
18860206,4,-26
18860207,-10,-54
18860208,-5,-73
18860209,-33,-90
18860210,-20,-38
18860211,-13,-47
18860212,-4,-43
18860213,2,-22
18860214,21,-7
18860215,34,2
18860216,42,2
18860217,26,10
18860218,24,3
18860219,38,1
18860220,38,4
18860221,37,10
18860222,40,12
18860223,26,8
18860224,46,-5
18860225,40,-19
18860226,38,-22
18860227,58,-17
18860228,13,-21
18860301,-20,-83
18860302,-21,-96
18860303,107,-33
18860304,43,-28
18860305,42,-80
18860306,77,10
18860307,40,-13
18860308,6,-35
18860309,3,-49
18860310,16,-49
18860311,14,-72
18860312,9,-73
18860313,33,-66
18860314,3,-30
18860315,22,-16
18860316,23,0
18860317,82,8
18860318,53,10
18860319,80,10
18860320,109,8
18860321,158,2
18860322,149,75
18860323,109,52
18860324,112,25
18860325,132,32
18860326,135,37
18860327,176,26
18860328,192,54
18860329,208,75
18860330,152,46
18860331,148,14
18860401,176,50
18860402,192,80
18860403,225,80
18860404,236,90
18860405,228,103
18860406,220,87
18860407,150,46
18860408,161,23
18860409,220,70
18860410,198,86
18860411,177,70
18860412,150,72
18860413,128,83
18860414,101,69
18860415,100,59
18860416,106,57
18860417,160,76
18860418,175,85
18860419,193,90
18860420,168,93
18860421,103,78
18860422,147,60
18860423,150,43
18860424,170,48
18860425,203,75
18860426,213,92
18860427,216,94
18860428,220,100
18860429,223,129
18860430,213,123
18860501,148,103
18860502,135,90
18860503,110,48
18860504,101,39
18860505,120,58
18860506,99,32
18860507,115,23
18860508,148,10
18860509,212,70
18860510,212,98
18860511,212,93
18860512,227,96
18860513,200,104
18860514,212,152
18860515,184,112
18860516,166,75
18860517,190,56
18860518,237,77
18860519,261,120
18860520,268,141
18860521,279,147
18860522,284,160
18860523,274,167
18860524,259,140
18860525,268,162
18860526,267,135
18860527,291,137
18860528,291,146
18860529,277,150
18860530,292,187
18860531,298,176
18860601,307,184
18860602,315,198
18860603,294,182
18860604,280,168
18860605,246,160
18860606,235,148
18860607,248,147
18860608,242,140
18860609,180,146
18860610,229,141
18860611,223,148
18860612,230,148
18860613,240,143
18860614,237,140
18860615,250,155
18860616,187,130
18860617,200,122
18860618,218,110
18860619,182,120
18860620,178,128
18860621,196,114
18860622,186,124
18860623,203,123
18860624,238,120
18860625,239,157
18860626,262,172
18860627,246,172
18860628,237,162
18860629,251,163
18860630,230,152
18860701,206,147
18860702,240,130
18860703,262,148
18860704,260,140
18860705,250,147
18860706,256,182
18860707,263,182
18860708,256,192
18860709,262,176
18860710,225,162
18860711,182,130
18860712,228,122
18860713,248,146
18860714,258,160
18860715,210,157
18860716,233,150
18860717,252,133
18860718,243,160
18860719,269,161
18860720,275,162
18860721,288,190
18860722,278,198
18860723,304,205
18860724,294,216
18860725,288,210
18860726,305,200
18860727,338,217
18860728,254,190
18860729,238,158
18860730,258,138
18860731,278,150
18860801,240,147
18860802,250,124
18860803,276,152
18860804,207,143
18860805,178,123
18860806,226,123
18860807,216,108
18860808,260,156
18860809,280,177
18860810,276,190
18860811,317,193
18860812,232,128
18860813,230,110
18860814,242,133
18860815,252,166
18860816,9999,9999
18860817,9999,9999
18860818,9999,9999
18860819,9999,9999
18860820,9999,9999
18860821,9999,9999
18860822,9999,9999
18860823,9999,9999
18860824,9999,9999
18860825,9999,9999
18860826,9999,9999
18860827,9999,9999
18860828,258,180
18860829,263,171
18860830,267,175
18860831,280,183
18860901,287,180
18860902,286,187
18860903,270,184
18860904,266,181
18860905,270,176
18860906,270,180
18860907,273,180
18860908,270,173
18860909,268,174
18860910,276,177
18860911,271,175
18860912,280,177
18860913,270,179
18860914,255,156
18860915,252,126
18860916,211,146
18860917,205,112
18860918,200,78
18860919,207,80
18860920,216,87
18860921,230,120
18860922,240,150
18860923,237,128
18860924,133,100
18860925,154,90
18860926,170,70
18860927,172,90
18860928,190,62
18860929,215,136
18860930,220,135
18861001,219,117
18861002,218,120
18861003,226,118
18861004,9999,9999
18861005,9999,9999
18861006,232,101
18861007,208,140
18861008,219,128
18861009,176,127
18861010,202,110
18861011,179,127
18861012,178,80
18861013,149,58
18861014,131,97
18861015,152,73
18861016,148,58
18861017,184,103
18861018,166,100
18861019,152,106
18861020,215,108
18861021,189,125
18861022,153,93
18861023,142,60
18861024,152,62
18861025,130,51
18861026,118,81
18861027,87,54
18861028,80,63
18861029,108,32
18861030,100,13
18861031,91,11
18861101,79,-23
18861102,80,-7
18861103,49,-5
18861104,58,10
18861105,100,35
18861106,147,63
18861107,168,116
18861108,198,152
18861109,170,102
18861110,152,65
18861111,133,89
18861112,172,97
18861113,112,86
18861114,118,73
18861115,95,54
18861116,130,52
18861117,130,42
18861118,151,94
18861119,97,48
18861120,76,20
18861121,62,37
18861122,50,13
18861123,70,27
18861124,50,13
18861125,58,7
18861126,60,-16
18861127,56,-2
18861128,82,25
18861129,46,-18
18861130,45,-26
18861201,81,20
18861202,27,8
18861203,48,7
18861204,44,7
18861205,36,6
18861206,11,-10
18861207,70,-27
18861208,72,25
18861209,111,21
18861210,81,30
18861211,42,-8
18861212,88,-3
18861213,92,28
18861214,96,2
18861215,131,71
18861216,143,86
18861217,149,101
18861218,151,84
18861219,165,110
18861220,151,122
18861221,179,46
18861222,61,-22
18861223,-4,-28
18861224,2,-41
18861225,4,-33
18861226,16,-23
18861227,5,-63
18861228,13,-26
18861229,0,-43
18861230,30,-19
18861231,26,-20
18870101,-4,-37
18870102,-22,-38
18870103,-32,-90
18870104,-17,-54
18870105,-22,-63
18870106,-13,-69
18870107,15,-28
18870108,3,-44
18870109,46,-43
18870110,26,-28
18870111,48,10
18870112,29,1
18870113,14,-4
18870114,7,-13
18870115,-8,-49
18870116,-47,-72
18870117,-32,-58
18870118,-10,-35
18870119,-2,-72
18870120,-33,-129
18870121,-39,-123
18870122,38,-79
18870123,57,-40
18870124,33,-36
18870125,16,-58
18870126,70,-73
18870127,40,-26
18870128,40,-50
18870129,52,-22
18870130,47,-38
18870131,40,-38
18870201,28,-52
18870202,-5,-50
18870203,-10,-38
18870204,-17,-32
18870205,-16,-38
18870206,-30,-44
18870207,8,-58
18870208,1,-41
18870209,-36,-57
18870210,-10,-38
18870211,15,-29
18870212,16,-14
18870213,25,-3
18870214,18,-7
18870215,7,-47
18870216,-47,-93
18870217,-35,-83
18870218,-50,-140
18870219,-12,-188
18870220,40,-14
18870221,29,-22
18870222,28,-73
18870223,42,-42
18870224,72,-38
18870225,83,-52
18870226,60,-12
18870227,43,8
18870228,52,15
18870301,65,-12
18870302,90,-35
18870303,98,-3
18870304,109,6
18870305,110,12
18870306,72,26
18870307,96,28
18870308,130,0
18870309,130,24
18870310,143,57
18870311,97,47
18870312,131,36
18870313,112,-23
18870314,0,-30
18870315,8,-38
18870316,-7,-34
18870317,20,-26
18870318,40,-27
18870319,36,-18
18870320,41,-85
18870321,48,-20
18870322,64,-2
18870323,102,28
18870324,132,62
18870325,120,2
18870326,88,2
18870327,114,30
18870328,143,42
18870329,120,33
18870330,88,27
18870331,80,13
18870401,97,-18
18870402,144,23
18870403,153,72
18870404,170,70
18870405,206,72
18870406,206,73
18870407,194,82
18870408,142,62
18870409,123,37
18870410,132,50
18870411,140,66
18870412,152,71
18870413,172,72
18870414,168,62
18870415,103,28
18870416,60,13
18870417,77,13
18870418,118,18
18870419,162,12
18870420,192,94
18870421,206,80
18870422,195,83
18870423,206,110
18870424,214,103
18870425,230,108
18870426,213,137
18870427,138,103
18870428,202,110
18870429,215,100
18870430,232,112
18870501,245,147
18870502,240,134
18870503,230,167
18870504,267,132
18870505,256,133
18870506,240,165
18870507,230,143
18870508,177,106
18870509,177,133
18870510,198,113
18870511,190,106
18870512,167,97
18870513,160,92
18870514,172,102
18870515,182,102
18870516,216,106
18870517,200,130
18870518,208,98
18870519,196,99
18870520,204,100
18870521,182,74
18870522,143,63
18870523,123,66
18870524,108,58
18870525,168,72
18870526,147,94
18870527,198,84
18870528,165,105
18870529,215,117
18870530,237,123
18870531,254,164
18870601,160,140
18870602,222,139
18870603,230,156
18870604,231,130
18870605,254,123
18870606,235,148
18870607,228,128
18870608,257,157
18870609,265,150
18870610,263,147
18870611,198,127
18870612,210,104
18870613,230,146
18870614,271,142
18870615,280,172
18870616,272,172
18870617,223,150
18870618,208,107
18870619,222,158
18870620,270,110
18870621,207,124
18870622,220,116
18870623,248,136
18870624,260,137
18870625,275,168
18870626,294,166
18870627,227,153
18870628,250,124
18870629,202,158
18870630,258,155
18870701,273,166
18870702,268,152
18870703,278,186
18870704,291,158
18870705,290,170
18870706,280,156
18870707,236,159
18870708,257,126
18870709,273,141
18870710,281,162
18870711,291,167
18870712,299,203
18870713,292,187
18870714,306,188
18870715,313,191
18870716,309,197
18870717,246,206
18870718,304,195
18870719,333,208
18870720,328,207
18870721,330,210
18870722,313,202
18870723,319,182
18870724,258,175
18870725,283,167
18870726,289,170
18870727,310,180
18870728,307,198
18870729,329,200
18870730,322,200
18870731,330,195
18870801,330,203
18870802,325,200
18870803,237,190
18870804,241,176
18870805,232,148
18870806,237,140
18870807,274,143
18870808,317,151
18870809,336,200
18870810,312,162
18870811,220,142
18870812,237,145
18870813,290,161
18870814,303,182
18870815,261,175
18870816,290,180
18870817,300,182
18870818,284,135
18870819,235,126
18870820,232,143
18870821,200,145
18870822,190,124
18870823,215,127
18870824,227,130
18870825,244,143
18870826,256,135
18870827,265,148
18870828,278,151
18870829,285,184
18870830,280,155
18870831,282,169
18870901,308,151
18870902,308,172
18870903,304,154
18870904,315,173
18870905,270,187
18870906,298,173
18870907,311,176
18870908,277,177
18870909,278,164
18870910,200,160
18870911,242,165
18870912,253,141
18870913,240,147
18870914,249,136
18870915,226,141
18870916,238,155
18870917,248,134
18870918,263,175
18870919,267,162
18870920,238,128
18870921,160,100
18870922,169,70
18870923,183,85
18870924,213,103
18870925,167,80
18870926,168,71
18870927,158,53
18870928,187,93
18870929,201,112
18870930,157,128
18871001,196,113
18871002,168,100
18871003,178,73
18871004,178,82
18871005,182,92
18871006,172,123
18871007,150,103
18871008,124,84
18871009,149,105
18871010,157,103
18871011,143,77
18871012,119,68
18871013,128,77
18871014,94,61
18871015,102,49
18871016,55,33
18871017,102,40
18871018,110,20
18871019,140,54
18871020,132,63
18871021,125,72
18871022,103,32
18871023,93,10
18871024,118,-8
18871025,90,11
18871026,47,19
18871027,44,24
18871028,54,38
18871029,53,31
18871030,114,22
18871031,130,101
18871101,151,75
18871102,152,71
18871103,141,92
18871104,153,98
18871105,129,106
18871106,118,87
18871107,144,66
18871108,120,77
18871109,98,71
18871110,113,59
18871111,126,50
18871112,82,33
18871113,76,25
18871114,88,1
18871115,100,31
18871116,48,-10
18871117,22,-28
18871118,4,-52
18871119,37,-20
18871120,43,23
18871121,50,35
18871122,118,20
18871123,114,78
18871124,130,92
18871125,129,87
18871126,106,70
18871127,90,34
18871128,75,26
18871129,76,32
18871130,60,2
18871201,36,0
18871202,60,21
18871203,41,22
18871204,67,11
18871205,73,33
18871206,70,56
18871207,66,8
18871208,40,6
18871209,20,-43
18871210,82,-10
18871211,56,30
18871212,45,0
18871213,40,-3
18871214,60,-8
18871215,107,34
18871216,80,30
18871217,50,23
18871218,46,28
18871219,36,9
18871220,40,-2
18871221,36,-32
18871222,6,-51
18871223,0,-23
18871224,0,-43
18871225,-22,-130
18871226,-55,-145
18871227,-43,-75
18871228,-54,-104
18871229,-92,-170
18871230,-38,-107
18871231,-27,-128
18880101,-73,-178
18880102,-55,-120
18880103,-39,-84
18880104,-28,-79
18880105,-46,-145
18880106,-94,-149
18880107,-95,-126
18880108,-54,-134
18880109,30,-99
18880110,44,-5
18880111,22,-23
18880112,28,-54
18880113,16,-52
18880114,-19,-72
18880115,-28,-72
18880116,-38,-84
18880117,-32,-110
18880118,-29,-104
18880119,-32,-126
18880120,-40,-133
18880121,-42,-110
18880122,53,-110
18880123,71,30
18880124,34,-10
18880125,41,-25
18880126,79,-57
18880127,72,-4
18880128,35,-39
18880129,6,-73
18880130,-32,-136
18880131,-48,-65
18880201,-4,-89
18880202,-54,-120
18880203,-22,-80
18880204,40,-115
18880205,37,-35
18880206,19,-56
18880207,-8,-62
18880208,-16,-66
18880209,13,-72
18880210,16,-49
18880211,43,-35
18880212,76,14
18880213,99,46
18880214,68,16
18880215,75,-28
18880216,58,6
18880217,11,4
18880218,34,-15
18880219,18,-32
18880220,30,-4
18880221,7,-12
18880222,8,-22
18880223,4,-30
18880224,23,-40
18880225,-7,-100
18880226,-12,-42
18880227,-5,-40
18880228,-4,-61
18880229,-25,-102
18880301,0,-120
18880302,-13,-96
18880303,33,-92
18880304,-17,-88
18880305,-2,-170
18880306,18,-62
18880307,67,-87
18880308,81,22
18880309,100,12
18880310,97,58
18880311,130,54
18880312,94,20
18880313,103,6
18880314,120,32
18880315,130,51
18880316,98,67
18880317,120,61
18880318,122,66
18880319,116,50
18880320,118,25
18880321,140,49
18880322,121,56
18880323,66,13
18880324,123,32
18880325,140,65
18880326,166,101
18880327,195,111
18880328,230,121
18880329,181,112
18880330,164,78
18880331,150,77
18880401,139,47
18880402,150,51
18880403,153,76
18880404,126,58
18880405,118,91
18880406,138,38
18880407,38,1
18880408,84,12
18880409,90,41
18880410,136,45
18880411,90,27
18880412,114,25
18880413,128,28
18880414,168,42
18880415,180,55
18880416,170,102
18880417,182,78
18880418,200,76
18880419,217,113
18880420,202,101
18880421,146,88
18880422,161,74
18880423,183,93
18880424,180,110
18880425,214,112
18880426,186,121
18880427,114,56
18880428,152,43
18880429,180,76
18880430,203,69
18880501,188,113
18880502,225,132
18880503,234,126
18880504,159,98
18880505,120,65
18880506,178,79
18880507,198,75
18880508,225,89
18880509,255,115
18880510,203,109
18880511,119,79
18880512,166,50
18880513,166,70
18880514,206,64
18880515,208,115
18880516,248,119
18880517,246,113
18880518,272,143
18880519,259,154
18880520,264,158
18880521,266,145
18880522,205,140
18880523,182,101
18880524,174,80
18880525,218,100
18880526,254,112
18880527,209,124
18880528,257,116
18880529,185,122
18880530,188,101
18880531,225,139
18880601,206,140
18880602,238,128
18880603,237,148
18880604,245,148
18880605,291,163
18880606,311,196
18880607,303,180
18880608,276,178
18880609,274,174
18880610,203,161
18880611,226,160
18880612,229,146
18880613,258,129
18880614,282,156
18880615,198,90
18880616,210,76
18880617,230,118
18880618,242,148
18880619,201,144
18880620,231,140
18880621,256,139
18880622,274,167
18880623,298,170
18880624,305,168
18880625,281,196
18880626,298,186
18880627,292,165
18880628,248,155
18880629,208,144
18880630,186,134
18880701,232,136
18880702,194,128
18880703,217,129
18880704,190,149
18880705,234,162
18880706,232,168
18880707,237,164
18880708,211,168
18880709,225,149
18880710,218,128
18880711,241,146
18880712,177,120
18880713,196,122
18880714,220,125
18880715,240,111
18880716,273,160
18880717,246,160
18880718,235,168
18880719,233,142
18880720,238,133
18880721,254,148
18880722,271,144
18880723,288,148
18880724,279,168
18880725,294,168
18880726,304,178
18880727,276,186
18880728,262,175
18880729,225,166
18880730,250,168
18880731,298,172
18880801,316,179
18880802,298,158
18880803,207,148
18880804,213,140
18880805,232,142
18880806,169,112
18880807,194,109
18880808,191,108
18880809,235,158
18880810,258,181
18880811,274,151
18880812,288,155
18880813,301,174
18880814,308,183
18880815,306,211
18880816,310,198
18880817,280,190
18880818,278,151
18880819,196,135
18880820,219,106
18880821,246,118
18880822,258,150
18880823,217,139
18880824,228,132
18880825,235,143
18880826,243,168
18880827,262,152
18880828,263,166
18880829,263,163
18880830,256,168
18880831,265,165
18880901,201,152
18880902,178,144
18880903,210,133
18880904,220,134
18880905,251,126
18880906,261,158
18880907,229,173
18880908,241,168
18880909,201,164
18880910,232,151
18880911,263,178
18880912,235,166
18880913,198,163
18880914,221,138
18880915,225,135
18880916,226,122
18880917,233,123
18880918,207,150
18880919,190,129
18880920,188,115
18880921,214,124
18880922,217,110
18880923,208,91
18880924,237,100
18880925,196,146
18880926,173,123
18880927,144,111
18880928,172,82
18880929,186,76
18880930,195,88
18881001,146,104
18881002,208,111
18881003,272,186
18881004,218,121
18881005,177,92
18881006,185,78
18881007,127,71
18881008,105,86
18881009,132,85
18881010,142,85
18881011,146,81
18881012,144,85
18881013,138,58
18881014,111,74
18881015,104,59
18881016,108,40
18881017,128,78
18881018,128,68
18881019,68,27
18881020,60,22
18881021,64,0
18881022,98,-25
18881023,88,21
18881024,120,-3
18881025,140,20
18881026,143,33
18881027,141,32
18881028,163,62
18881029,170,49
18881030,188,52
18881031,194,81
18881101,157,62
18881102,176,112
18881103,150,86
18881104,120,63
18881105,63,18
18881106,25,-16
18881107,-14,-36
18881108,5,-58
18881109,4,-79
18881110,17,-69
18881111,-10,-65
18881112,-12,-89
18881113,-8,-52
18881114,-21,-40
18881115,-8,-39
18881116,6,-23
18881117,-15,-34
18881118,6,-36
18881119,51,-5
18881120,112,-10
18881121,90,10
18881122,81,-14
18881123,66,-8
18881124,61,-22
18881125,43,-8
18881126,68,-24
18881127,80,-5
18881128,111,52
18881129,114,58
18881130,137,73
18881201,89,58
18881202,116,38
18881203,102,14
18881204,67,-12
18881205,31,-8
18881206,22,2
18881207,12,-8
18881208,0,-32
18881209,0,-55
18881210,-32,-56
18881211,14,-62
18881212,-3,-95
18881213,-2,-55
18881214,-35,-89
18881215,-15,-100
18881216,48,-82
18881217,38,-45
18881218,49,4
18881219,35,-42
18881220,18,1
18881221,15,-9
18881222,65,4
18881223,81,12
18881224,128,31
18881225,76,48
18881226,66,18
18881227,68,48
18881228,50,31
18881229,52,29
18881230,60,23
18881231,122,39
18890101,39,10
18890102,3,-56
18890103,-30,-83
18890104,-59,-85
18890105,-39,-87
18890106,-49,-98
18890107,-30,-75
18890108,-50,-91
18890109,-40,-58
18890110,-24,-58
18890111,-2,-38
18890112,10,-12
18890113,-10,-29
18890114,-21,-42
18890115,-5,-42
18890116,-2,-40
18890117,16,-22
18890118,24,3
18890119,15,-5
18890120,-8,-22
18890121,20,-22
18890122,6,-20
18890123,-6,-59
18890124,-7,-68
18890125,-32,-95
18890126,13,-94
18890127,9,-89
18890128,14,-68
18890129,1,-99
18890130,71,-55
18890131,89,28
18890201,98,20
18890202,123,34
18890203,36,-34
18890204,23,-27
18890205,26,-54
18890206,1,-75
18890207,40,-52
18890208,41,-38
18890209,0,-76
18890210,37,-39
18890211,36,-92
18890212,16,-79
18890213,-38,-67
18890214,-36,-95
18890215,-7,-104
18890216,54,-55
18890217,33,-27
18890218,28,-10
18890219,91,6
18890220,57,-5
18890221,45,4
18890222,36,-49
18890223,8,-52
18890224,16,-80
18890225,14,-60
18890226,-11,-56
18890227,18,-37
18890228,21,-9
18890301,7,-10
18890302,12,-26
18890303,16,-29
18890304,13,-32
18890305,32,-19
18890306,28,-10
18890307,36,-44
18890308,41,-91
18890309,78,18
18890310,79,20
18890311,110,35
18890312,106,40
18890313,74,19
18890314,87,-9
18890315,30,-27
18890316,-7,-58
18890317,33,-38
18890318,108,-45
18890319,116,41
18890320,131,54
18890321,141,71
18890322,105,49
18890323,112,50
18890324,119,23
18890325,136,49
18890326,91,45
18890327,61,42
18890328,88,36
18890329,101,19
18890330,132,34
18890331,166,58
18890401,156,60
18890402,121,36
18890403,56,28
18890404,119,30
18890405,132,18
18890406,114,53
18890407,117,58
18890408,156,50
18890409,156,73
18890410,174,76
18890411,156,75
18890412,156,88
18890413,168,68
18890414,122,59
18890415,148,61
18890416,143,33
18890417,56,8
18890418,110,21
18890419,138,26
18890420,206,59
18890421,208,96
18890422,204,91
18890423,193,103
18890424,218,100
18890425,162,94
18890426,130,78
18890427,148,70
18890428,179,118
18890429,208,111
18890430,208,111
18890501,218,111
18890502,221,98
18890503,226,136
18890504,235,135
18890505,225,132
18890506,199,115
18890507,200,130
18890508,230,110
18890509,229,148
18890510,254,156
18890511,254,155
18890512,253,136
18890513,251,161
18890514,256,136
18890515,258,166
18890516,266,166
18890517,248,171
18890518,225,164
18890519,226,155
18890520,222,136
18890521,249,145
18890522,216,156
18890523,231,139
18890524,223,138
18890525,243,116
18890526,185,153
18890527,228,148
18890528,234,141
18890529,241,142
18890530,245,168
18890531,263,171
18890601,282,186
18890602,276,179
18890603,253,171
18890604,254,169
18890605,271,200
18890606,249,198
18890607,238,161
18890608,248,122
18890609,288,141
18890610,278,160
18890611,265,168
18890612,266,168
18890613,278,159
18890614,255,160
18890615,241,134
18890616,234,159
18890617,242,162
18890618,244,169
18890619,266,173
18890620,266,179
18890621,226,162
18890622,243,145
18890623,243,176
18890624,226,161
18890625,231,161
18890626,260,172
18890627,273,160
18890628,234,162
18890629,251,160
18890630,243,179
18890701,237,168
18890702,244,158
18890703,236,158
18890704,256,149
18890705,226,156
18890706,219,152
18890707,235,148
18890708,258,150
18890709,273,170
18890710,298,174
18890711,305,186
18890712,313,196
18890713,313,226
18890714,316,212
18890715,252,170
18890716,281,180
18890717,266,173
18890718,248,139
18890719,226,140
18890720,238,158
18890721,260,169
18890722,278,158
18890723,254,174
18890724,221,138
18890725,231,131
18890726,259,131
18890727,193,121
18890728,216,131
18890729,222,131
18890730,241,138
18890731,223,155
18890801,248,152
18890802,266,166
18890803,245,189
18890804,272,172
18890805,287,198
18890806,282,203
18890807,284,188
18890808,263,182
18890809,268,162
18890810,263,153
18890811,291,180
18890812,220,165
18890813,220,135
18890814,206,125
18890815,198,130
18890816,248,146
18890817,245,178
18890818,270,158
18890819,275,171
18890820,275,195
18890821,242,168
18890822,268,151
18890823,244,156
18890824,237,147
18890825,206,142
18890826,215,138
18890827,185,126
18890828,190,122
18890829,206,119
18890830,197,154
18890831,235,158
18890901,254,139
18890902,246,168
18890903,263,150
18890904,215,169
18890905,178,131
18890906,178,128
18890907,176,139
18890908,205,138
18890909,194,137
18890910,168,135
18890911,221,144
18890912,219,125
18890913,198,131
18890914,184,126
18890915,176,96
18890916,119,62
18890917,129,78
18890918,145,58
18890919,142,61
18890920,155,46
18890921,126,90
18890922,151,74
18890923,126,88
18890924,121,90
18890925,188,98
18890926,145,46
18890927,150,23
18890928,176,71
18890929,162,98
18890930,125,91
18891001,161,95
18891002,133,102
18891003,128,83
18891004,154,56
18891005,169,86
18891006,161,116
18891007,177,143
18891008,181,121
18891009,201,134
18891010,209,136
18891011,229,130
18891012,219,138
18891013,171,118
18891014,171,94
18891015,145,74
18891016,151,46
18891017,157,52
18891018,111,82
18891019,148,69
18891020,158,114
18891021,176,126
18891022,223,152
18891023,161,98
18891024,183,74
18891025,153,88
18891026,131,106
18891027,106,66
18891028,97,58
18891029,110,78
18891030,183,70
18891031,180,108
18891101,156,101
18891102,126,99
18891103,118,91
18891104,124,68
18891105,134,76
18891106,128,89
18891107,136,68
18891108,141,45
18891109,118,58
18891110,100,50
18891111,77,43
18891112,64,9
18891113,68,-16
18891114,73,-26
18891115,77,-2
18891116,44,-20
18891117,35,-31
18891118,89,-24
18891119,61,0
18891120,55,14
18891121,56,12
18891122,33,10
18891123,16,0
18891124,6,-9
18891125,5,-20
18891126,67,5
18891127,48,9
18891128,36,2
18891129,18,0
18891130,16,0
18891201,20,-10
18891202,16,-18
18891203,16,-14
18891204,14,-26
18891205,14,-14
18891206,-1,-40
18891207,-34,-55
18891208,-22,-50
18891209,-6,-39
18891210,-4,-35
18891211,51,-50
18891212,81,-1
18891213,43,6
18891214,21,-1
18891215,0,-12
18891216,10,-10
18891217,-2,-32
18891218,6,-50
18891219,-15,-42
18891220,-19,-44
18891221,-31,-46
18891222,-26,-36
18891223,-25,-45
18891224,18,-26
18891225,18,-24
18891226,19,-20
18891227,-20,-42
18891228,-40,-52
18891229,-20,-52
18891230,-6,-35
18891231,-11,-23
18900101,-10,-29
18900102,-20,-32
18900103,-4,-25
18900104,11,-18
18900105,6,-10
18900106,-6,-22
18900107,-5,-32
18900108,-18,-30
18900109,-9,-34
18900110,63,-10
18900111,84,12
18900112,45,11
18900113,31,-2
18900114,48,-2
18900115,68,2
18900116,77,8
18900117,44,6
18900118,-2,-40
18900119,2,-44
18900120,82,8
18900121,77,18
18900122,58,-19
18900123,138,36
18900124,136,74
18900125,72,14
18900126,115,9
18900127,101,30
18900128,95,49
18900129,120,48
18900130,85,-2
18900131,28,-16
18900201,10,-30
18900202,11,-25
18900203,16,-10
18900204,22,-4
18900205,12,-5
18900206,19,0
18900207,18,-4
18900208,18,-22
18900209,10,-39
18900210,32,-38
18900211,8,-37
18900212,-16,-29
18900213,-3,-35
18900214,1,-45
18900215,-2,-38
18900216,8,-50
18900217,31,-66
18900218,46,-50
18900219,22,-22
18900220,30,-25
18900221,21,-19
18900222,5,-20
18900223,40,-20
18900224,31,-46
18900225,45,-44
18900226,38,-35
18900227,49,-35
18900228,12,-38
18900301,-18,-52
18900302,-35,-76
18900303,-8,-100
18900304,6,-90
18900305,-32,-72
18900306,46,-96
18900307,88,-8
18900308,116,25
18900309,119,51
18900310,78,38
18900311,91,-1
18900312,116,-2
18900313,121,8
18900314,148,21
18900315,166,48
18900316,141,80
18900317,160,92
18900318,160,7
18900319,140,79
18900320,105,70
18900321,100,59
18900322,145,30
18900323,148,51
18900324,148,52
18900325,152,55
18900326,172,65
18900327,181,100
18900328,203,80
18900329,222,101
18900330,240,93
18900331,212,81
18900401,96,59
18900402,140,30
18900403,141,50
18900404,141,70
18900405,126,51
18900406,162,39
18900407,191,53
18900408,169,76
18900409,104,48
18900410,100,56
18900411,139,62
18900412,126,71
18900413,128,58
18900414,146,50
18900415,156,68
18900416,201,86
18900417,194,98
18900418,182,101
18900419,168,91
18900420,201,74
18900421,149,96
18900422,138,78
18900423,161,70
18900424,151,78
18900425,198,75
18900426,191,118
18900427,176,96
18900428,113,79
18900429,152,71
18900430,176,68
18900501,171,71
18900502,172,86
18900503,195,81
18900504,185,108
18900505,200,118
18900506,200,108
18900507,208,103
18900508,209,110
18900509,201,118
18900510,219,116
18900511,263,132
18900512,264,172
18900513,186,131
18900514,209,118
18900515,186,122
18900516,203,109
18900517,208,109
18900518,220,126
18900519,244,118
18900520,256,138
18900521,253,151
18900522,231,150
18900523,246,158
18900524,252,155
18900525,243,134
18900526,260,151
18900527,246,144
18900528,235,153
18900529,236,140
18900530,236,119
18900531,256,118
18900601,170,106
18900602,188,101
18900603,226,128
18900604,236,124
18900605,258,140
18900606,264,158
18900607,218,146
18900608,188,106
18900609,193,84
18900610,218,96
18900611,239,120
18900612,212,138
18900613,189,118
18900614,220,124
18900615,218,135
18900616,195,109
18900617,207,113
18900618,212,111
18900619,236,149
18900620,222,149
18900621,254,159
18900622,254,149
18900623,228,140
18900624,218,150
18900625,205,131
18900626,258,133
18900627,279,156
18900628,276,188
18900629,303,178
18900630,258,174
18900701,272,184
18900702,278,194
18900703,226,176
18900704,271,158
18900705,285,168
18900706,290,178
18900707,210,133
18900708,231,121
18900709,258,164
18900710,286,159
18900711,272,178
18900712,291,194
18900713,227,150
18900714,189,135
18900715,260,149
18900716,298,181
18900717,303,203
18900718,312,203
18900719,258,185
18900720,271,183
18900721,212,153
18900722,199,142
18900723,241,113
18900724,260,168
18900725,248,156
18900726,241,150
18900727,196,169
18900728,252,149
18900729,273,150
18900730,281,181
18900731,278,178
18900801,302,186
18900802,303,187
18900803,310,203
18900804,306,196
18900805,313,195
18900806,288,186
18900807,253,168
18900808,232,153
18900809,268,161
18900810,272,184
18900811,292,189
18900812,268,188
18900813,272,166
18900814,312,189
18900815,279,192
18900816,288,192
18900817,308,191
18900818,308,200
18900819,321,203
18900820,320,202
18900821,302,202
18900822,264,196
18900823,272,160
18900824,300,166
18900825,330,164
18900826,198,146
18900827,253,124
18900828,270,168
18900829,280,159
18900830,252,154
18900831,229,126
18900901,246,148
18900902,165,113
18900903,181,114
18900904,158,98
18900905,179,118
18900906,177,121
18900907,202,120
18900908,176,108
18900909,130,86
18900910,175,73
18900911,210,75
18900912,201,138
18900913,174,116
18900914,164,80
18900915,180,88
18900916,172,125
18900917,168,126
18900918,180,132
18900919,193,123
18900920,198,94
18900921,211,115
18900922,232,111
18900923,229,129
18900924,249,141
18900925,256,132
18900926,171,128
18900927,212,112
18900928,220,126
18900929,229,126
18900930,241,119
18901001,245,122
18901002,240,105
18901003,168,99
18901004,228,56
18901005,209,110
18901006,206,105
18901007,205,101
18901008,200,88
18901009,145,51
18901010,153,40
18901011,181,50
18901012,206,60
18901013,186,98
18901014,191,70
18901015,191,79
18901016,164,56
18901017,98,13
18901018,149,32
18901019,105,51
18901020,112,25
18901021,82,28
18901022,54,6
18901023,39,1
18901024,45,-4
18901025,46,-8
18901026,110,-9
18901027,158,38
18901028,43,8
18901029,45,2
18901030,51,12
18901031,63,30
18901101,41,8
18901102,70,-5
18901103,101,51
18901104,95,48
18901105,95,30
18901106,98,55
18901107,98,68
18901108,83,47
18901109,76,55
18901110,79,49
18901111,88,38
18901112,71,36
18901113,88,56
18901114,93,56
18901115,122,66
18901116,122,38
18901117,106,58
18901118,88,31
18901119,61,8
18901120,70,18
18901121,90,35
18901122,120,28
18901123,81,58
18901124,140,80
18901125,96,42
18901126,50,-42
18901127,-44,-72
18901128,-30,-72
18901129,1,-30
18901130,15,-34
18901201,5,-7
18901202,38,-2
18901203,35,6
18901204,93,-1
18901205,59,21
18901206,41,11
18901207,16,3
18901208,3,-17
18901209,5,-27
18901210,1,-24
18901211,-4,-59
18901212,-4,-74
18901213,-34,-96
18901214,-34,-63
18901215,-38,-60
18901216,-24,-54
18901217,-23,-51
18901218,-47,-82
18901219,-62,-107
18901220,-34,-110
18901221,-55,-132
18901222,-24,-62
18901223,-5,-26
18901224,3,-19
18901225,4,-25
18901226,-6,-36
18901227,-40,-92
18901228,-74,-124
18901229,-96,-162
18901230,-92,-110
18901231,-73,-111
18910101,-53,-97
18910102,-53,-70
18910103,-62,-82
18910104,-82,-119
18910105,-82,-150
18910106,-32,-94
18910107,-44,-72
18910108,-42,-63
18910109,-27,-53
18910110,-14,-52
18910111,10,-30
18910112,1,-35
18910113,4,-38
18910114,-29,-54
18910115,-57,-125
18910116,-42,-114
18910117,-48,-105
18910118,-79,-150
18910119,-39,-98
18910120,-50,-84
18910121,-52,-130
18910122,-33,-104
18910123,-69,-172
18910124,36,-157
18910125,64,-58
18910126,0,-104
18910127,-18,-133
18910128,-32,-151
18910129,-43,-154
18910130,-52,-160
18910131,-45,-130
18910201,-99,-165
18910202,-88,-139
18910203,16,-84
18910204,27,-47
18910205,26,-19
18910206,23,-14
18910207,12,-44
18910208,-4,-54
18910209,-16,-49
18910210,-2,-46
18910211,-2,-54
18910212,2,-33
18910213,26,-37
18910214,-12,-58
18910215,-19,-114
18910216,10,-65
18910217,52,-45
18910218,75,-19
18910219,10,-44
18910220,-1,-111
18910221,22,-43
18910222,18,-94
18910223,-14,-74
18910224,8,-95
18910225,41,-44
18910226,2,-60
18910227,-35,-64
18910228,2,-38
18910301,16,-33
18910302,6,-60
18910303,25,-6
18910304,55,-20
18910305,88,-38
18910306,113,13
18910307,116,26
18910308,110,55
18910309,128,49
18910310,139,51
18910311,166,60
18910312,125,52
18910313,106,35
18910314,84,48
18910315,126,46
18910316,130,55
18910317,141,43
18910318,147,48
18910319,170,61
18910320,130,55
18910321,158,49
18910322,89,1
18910323,42,1
18910324,21,-14
18910325,63,-5
18910326,128,-15
18910327,123,5
18910328,65,0
18910329,98,-14
18910330,119,18
18910331,46,0
18910401,70,-6
18910402,99,-7
18910403,110,25
18910404,118,35
18910405,148,11
18910406,156,66
18910407,139,56
18910408,132,74
18910409,138,66
18910410,93,44
18910411,72,44
18910412,113,31
18910413,102,63
18910414,91,59
18910415,86,56
18910416,118,56
18910417,141,59
18910418,110,50
18910419,136,19
18910420,99,42
18910421,118,32
18910422,156,43
18910423,160,46
18910424,103,76
18910425,116,65
18910426,106,73
18910427,143,75
18910428,142,76
18910429,149,101
18910430,196,101
18910501,231,104
18910502,249,119
18910503,260,153
18910504,265,157
18910505,260,153
18910506,239,138
18910507,245,151
18910508,185,156
18910509,192,129
18910510,213,125
18910511,226,127
18910512,235,138
18910513,252,168
18910514,252,150
18910515,235,136
18910516,199,84
18910517,123,60
18910518,164,80
18910519,194,78
18910520,222,107
18910521,214,138
18910522,218,126
18910523,218,119
18910524,182,111
18910525,208,114
18910526,216,111
18910527,218,128
18910528,176,120
18910529,230,104
18910530,238,129
18910531,242,142
18910601,250,154
18910602,256,136
18910603,218,151
18910604,231,146
18910605,268,138
18910606,240,169
18910607,280,175
18910608,289,198
18910609,253,175
18910610,232,149
18910611,232,147
18910612,172,115
18910613,165,83
18910614,188,88
18910615,220,118
18910616,196,128
18910617,190,123
18910618,191,128
18910619,186,99
18910620,206,86
18910621,198,126
18910622,210,133
18910623,236,131
18910624,258,141
18910625,271,160
18910626,270,175
18910627,271,179
18910628,280,192
18910629,280,202
18910630,302,204
18910701,320,220
18910702,315,216
18910703,322,228
18910704,318,217
18910705,266,175
18910706,238,158
18910707,254,131
18910708,229,169
18910709,203,148
18910710,219,145
18910711,221,138
18910712,234,133
18910713,214,128
18910714,241,126
18910715,249,151
18910716,273,171
18910717,286,168
18910718,280,177
18910719,292,187
18910720,206,154
18910721,244,136
18910722,252,150
18910723,271,182
18910724,270,174
18910725,182,144
18910726,229,128
18910727,241,146
18910728,260,173
18910729,271,170
18910730,228,168
18910731,252,165
18910801,261,156
18910802,178,133
18910803,220,136
18910804,252,139
18910805,259,158
18910806,237,148
18910807,218,134
18910808,213,145
18910809,228,125
18910810,248,137
18910811,265,149
18910812,251,158
18910813,258,168
18910814,250,187
18910815,268,168
18910816,297,168
18910817,236,165
18910818,243,170
18910819,278,170
18910820,201,126
18910821,240,111
18910822,253,153
18910823,231,172
18910824,202,148
18910825,228,121
18910826,239,140
18910827,248,136
18910828,259,131
18910829,262,156
18910830,251,166
18910831,241,154
18910901,248,162
18910902,258,144
18910903,269,158
18910904,278,170
18910905,282,183
18910906,271,170
18910907,212,158
18910908,237,133
18910909,225,148
18910910,212,121
18910911,212,115
18910912,229,116
18910913,230,128
18910914,242,129
18910915,266,148
18910916,200,146
18910917,201,121
18910918,201,106
18910919,214,109
18910920,230,128
18910921,213,136
18910922,191,138
18910923,140,116
18910924,128,92
18910925,149,70
18910926,151,56
18910927,193,41
18910928,175,121
18910929,179,96
18910930,178,88
18911001,188,108
18911002,174,86
18911003,192,114
18911004,158,129
18911005,156,118
18911006,176,115
18911007,194,100
18911008,210,109
18911009,161,128
18911010,164,127
18911011,173,97
18911012,164,91
18911013,193,111
18911014,218,128
18911015,211,119
18911016,209,131
18911017,212,100
18911018,209,135
18911019,156,108
18911020,176,122
18911021,212,140
18911022,208,130
18911023,201,118
18911024,200,125
18911025,203,100
18911026,201,123
18911027,195,110
18911028,120,56
18911029,74,26
18911030,46,-20
18911031,16,-18
18911101,16,-37
18911102,41,-54
18911103,18,-4
18911104,26,-1
18911105,32,2
18911106,30,-25
18911107,30,-67
18911108,9,-7
18911109,8,-5
18911110,24,-5
18911111,38,7
18911112,145,23
18911113,169,70
18911114,200,109
18911115,154,76
18911116,123,88
18911117,118,66
18911118,139,31
18911119,109,46
18911120,114,26
18911121,140,72
18911122,131,88
18911123,100,68
18911124,71,58
18911125,74,51
18911126,118,67
18911127,114,65
18911128,65,30
18911129,56,33
18911130,69,40
18911201,70,39
18911202,70,44
18911203,70,48
18911204,98,28
18911205,48,14
18911206,50,18
18911207,52,40
18911208,100,27
18911209,52,-15
18911210,88,11
18911211,118,53
18911212,87,38
18911213,9999,-13
18911214,99,9999
18911215,79,13
18911216,58,-2
18911217,61,-5
18911218,-2,-22
18911219,-10,-25
18911220,-20,-72
18911221,-31,-106
18911222,-28,-120
18911223,-2,-91
18911224,8,-66
18911225,35,-62
18911226,69,28
18911227,63,37
18911228,86,47
18911229,40,4
18911230,76,-2
18911231,88,34
18920101,96,46
18920102,56,11
18920103,36,-27
18920104,-17,-43
18920105,-6,-33
18920106,8,-13
18920107,14,-27
18920108,89,-5
18920109,85,58
18920110,68,9
18920111,14,-10
18920112,29,-23
18920113,-22,-42
18920114,-2,-30
18920115,4,-14
18920116,23,-12
18920117,0,-21
18920118,8,-25
18920119,8,-52
18920120,-45,-75
18920121,-51,-137
18920122,-68,-180
18920123,46,-168
18920124,51,-12
18920125,45,-49
18920126,38,-18
18920127,24,-32
18920128,-6,-33
18920129,71,-42
18920130,88,18
18920131,98,19
18920201,83,9
18920202,104,5
18920203,70,7
18920204,65,5
18920205,52,-20
18920206,73,-2
18920207,49,-11
18920208,53,-8
18920209,20,-17
18920210,4,-29
18920211,23,-38
18920212,64,-13
18920213,41,-13
18920214,31,-43
18920215,52,-44
18920216,4,-20
18920217,82,-11
18920218,37,-55
18920219,37,-63
18920220,116,2
18920221,137,45
18920222,81,38
18920223,53,16
18920224,56,14
18920225,58,10
18920226,51,5
18920227,31,8
18920228,38,12
18920229,47,21
18920301,83,29
18920302,46,-32
18920303,-32,-60
18920304,-21,-85
18920305,-6,-67
18920306,-1,-56
18920307,6,-86
18920308,18,-53
18920309,27,-49
18920310,47,-27
18920311,58,-4
18920312,28,-29
18920313,-4,-64
18920314,37,-4
18920315,68,8
18920316,63,2
18920317,68,16
18920318,84,31
18920319,50,13
18920320,90,28
18920321,127,8
18920322,147,24
18920323,172,19
18920324,119,42
18920325,168,28
18920326,175,47
18920327,159,86
18920328,197,94
18920329,199,78
18920330,148,55
18920331,106,38
18920401,170,18
18920402,183,62
18920403,205,70
18920404,218,88
18920405,228,104
18920406,224,90
18920407,188,114
18920408,208,88
18920409,119,32
18920410,133,19
18920411,165,27
18920412,207,29
18920413,154,89
18920414,183,102
18920415,189,104
18920416,131,68
18920417,139,77
18920418,132,40
18920419,87,9
18920420,80,36
18920421,113,63
18920422,153,68
18920423,184,61
18920424,225,60
18920425,159,93
18920426,120,87
18920427,95,72
18920428,165,80
18920429,208,98
18920430,138,88
18920501,178,69
18920502,151,78
18920503,165,67
18920504,176,79
18920505,179,95
18920506,188,47
18920507,95,43
18920508,123,66
18920509,144,101
18920510,163,98
18920511,201,118
18920512,189,132
18920513,181,117
18920514,211,138
18920515,232,111
18920516,248,134
18920517,209,110
18920518,169,101
18920519,175,58
18920520,202,107
18920521,176,106
18920522,208,108
18920523,218,128
18920524,201,136
18920525,251,131
18920526,268,137
18920527,290,148
18920528,304,148
18920529,319,162
18920530,308,168
18920531,269,150
18920601,225,148
18920602,246,153
18920603,271,146
18920604,288,189
18920605,261,9999
18920606,9999,121
18920607,179,109
18920608,141,108
18920609,169,116
18920610,234,121
18920611,264,151
18920612,287,149
18920613,278,148
18920614,256,177
18920615,277,159
18920616,248,147
18920617,226,140
18920618,228,128
18920619,238,137
18920620,239,134
18920621,239,150
18920622,267,151
18920623,287,176
18920624,271,169
18920625,204,156
18920626,237,156
18920627,248,156
18920628,275,174
18920629,288,167
18920630,272,148
18920701,218,136
18920702,228,110
18920703,252,115
18920704,288,153
18920705,301,167
18920706,279,161
18920707,253,139
18920708,297,143
18920709,289,189
18920710,295,197
18920711,293,180
18920712,279,169
18920713,249,188
18920714,236,131
18920715,223,135
18920716,250,132
18920717,278,147
18920718,274,154
18920719,227,126
18920720,251,147
18920721,179,139
18920722,194,148
18920723,242,175
18920724,253,178
18920725,221,136
18920726,219,131
18920727,251,130
18920728,263,136
18920729,270,160
18920730,288,168
18920731,288,198
18920801,254,167
18920802,239,147
18920803,207,156
18920804,238,152
18920805,218,150
18920806,253,155
18920807,230,160
18920808,257,144
18920809,288,156
18920810,276,146
18920811,187,158
18920812,215,143
18920813,249,127
18920814,258,132
18920815,273,155
18920816,288,158
18920817,310,181
18920818,319,183
18920819,328,201
18920820,324,198
18920821,328,202
18920822,314,203
18920823,292,177
18920824,296,190
18920825,300,185
18920826,285,161
18920827,251,148
18920828,265,145
18920829,274,151
18920830,285,147
18920831,292,143
18920901,299,170
18920902,249,168
18920903,277,135
18920904,307,9999
18920905,9999,128
18920906,159,123
18920907,181,119
18920908,197,128
18920909,197,119
18920910,148,114
18920911,207,105
18920912,224,130
18920913,234,136
18920914,256,133
18920915,258,142
18920916,264,154
18920917,251,138
18920918,243,141
18920919,208,131
18920920,231,118
18920921,240,119
18920922,249,130
18920923,251,147
18920924,255,157
18920925,245,153
18920926,246,147
18920927,254,148
18920928,259,138
18920929,257,147
18920930,248,149
18921001,245,148
18921002,199,137
18921003,219,119
18921004,188,118
18921005,188,100
18921006,235,127
18921007,198,153
18921008,207,135
18921009,190,118
18921010,191,87
18921011,187,78
18921012,168,92
18921013,206,136
18921014,199,109
18921015,199,141
18921016,187,110
18921017,201,110
18921018,128,95
18921019,94,59
18921020,67,27
18921021,57,11
18921022,58,17
18921023,88,20
18921024,79,25
18921025,134,58
18921026,157,45
18921027,89,21
18921028,87,5
18921029,171,42
18921030,180,72
18921031,177,67
18921101,181,82
18921102,139,85
18921103,118,83
18921104,140,79
18921105,111,46
18921106,114,44
18921107,75,48
18921108,93,68
18921109,124,74
18921110,108,53
18921111,98,58
18921112,71,44
18921113,58,48
18921114,72,44
18921115,69,56
18921116,74,62
18921117,67,18
18921118,48,-2
18921119,35,-31
18921120,2,-13
18921121,40,-2
18921122,25,-1
18921123,8,-10
18921124,36,-31
18921125,46,-41
18921126,14,-53
18921127,-24,-79
18921128,-24,-69
18921129,-18,-92
18921130,7,-82
18921201,22,-32
18921202,34,-15
18921203,43,-2
18921204,30,-2
18921205,28,-16
18921206,9,-68
18921207,38,-28
18921208,9,-69
18921209,2,-53
18921210,-6,-37
18921211,-13,-37
18921212,31,-68
18921213,79,17
18921214,41,-4
18921215,-2,-22
18921216,60,-36
18921217,30,-28
18921218,22,-47
18921219,67,-32
18921220,89,18
18921221,38,-8
18921222,27,-2
18921223,12,-28
18921224,-32,-67
18921225,-39,-103
18921226,-78,-113
18921227,-51,-79
18921228,-34,-62
18921229,-33,-67
18921230,-53,-68
18921231,-46,-68
18930101,-36,-72
18930102,-57,-83
18930103,-52,-71
18930104,-43,-71
18930105,-12,-46
18930106,-26,-44
18930107,-41,-70
18930108,-78,-131
18930109,-96,-129
18930110,-65,-124
18930111,-43,-73
18930112,-51,-85
18930113,-73,-163
18930114,-103,-218
18930115,-86,-151
18930116,-86,-121
18930117,-83,-122
18930118,-45,-95
18930119,-46,-77
18930120,-27,-92
18930121,-72,-122
18930122,-13,-116
18930123,-7,-73
18930124,-40,-132
18930125,10,-61
18930126,9,-42
18930127,11,-35
18930128,-15,-45
18930129,-6,-53
18930130,8,-44
18930131,11,-53
18930201,45,-75
18930202,71,18
18930203,57,0
18930204,0,-119
18930205,-52,-122
18930206,-50,-167
18930207,-1,-121
18930208,18,-74
18930209,38,-7
18930210,31,-23
18930211,92,0
18930212,108,9
18930213,63,0
18930214,63,-51
18930215,102,16
18930216,90,8
18930217,97,-6
18930218,48,-2
18930219,51,-2
18930220,105,-4
18930221,108,38
18930222,109,58
18930223,94,26
18930224,108,-2
18930225,132,58
18930226,139,63
18930227,149,80
18930228,166,78
18930301,123,87
18930302,87,62
18930303,128,29
18930304,55,16
18930305,78,18
18930306,118,3
18930307,99,30
18930308,178,28
18930309,100,18
18930310,119,8
18930311,125,-1
18930312,123,-1
18930313,164,73
18930314,149,83
18930315,171,82
18930316,156,91
18930317,169,9999
18930318,9999,-1
18930319,49,0
18930320,19,-21
18930321,65,-12
18930322,69,7
18930323,122,-8
18930324,112,42
18930325,130,38
18930326,65,22
18930327,53,7
18930328,110,-3
18930329,165,-12
18930330,146,29
18930331,169,22
18930401,188,53
18930402,128,66
18930403,149,27
18930404,173,28
18930405,145,72
18930406,147,68
18930407,150,52
18930408,108,50
18930409,134,49
18930410,139,42
18930411,159,28
18930412,183,37
18930413,157,62
18930414,88,19
18930415,140,-3
18930416,206,36
18930417,205,62
18930418,127,48
18930419,167,43
18930420,180,65
18930421,209,96
18930422,188,87
18930423,185,69
18930424,157,44
18930425,212,59
18930426,239,119
18930427,207,128
18930428,188,110
18930429,150,117
18930430,212,108
18930501,174,99
18930502,208,84
18930503,233,87
18930504,198,95
18930505,133,66
18930506,108,37
18930507,127,18
18930508,117,32
18930509,161,88
18930510,169,71
18930511,195,117
18930512,169,103
18930513,213,107
18930514,228,117
18930515,252,109
18930516,257,128
18930517,279,128
18930518,233,145
18930519,240,158
18930520,235,127
18930521,250,111
18930522,266,121
18930523,256,184
18930524,234,142
18930525,202,148
18930526,203,138
18930527,207,133
18930528,188,117
18930529,203,111
18930530,222,110
18930531,224,114
18930601,198,123
18930602,132,112
18930603,159,123
18930604,222,122
18930605,206,147
18930606,213,9999
18930607,9999,125
18930608,210,109
18930609,237,139
18930610,232,152
18930611,238,136
18930612,204,129
18930613,191,127
18930614,205,127
18930615,247,136
18930616,214,146
18930617,240,154
18930618,267,154
18930619,287,160
18930620,294,180
18930621,266,165
18930622,219,139
18930623,252,138
18930624,214,164
18930625,173,113
18930626,229,98
18930627,258,137
18930628,284,155
18930629,305,187
18930630,266,177
18930701,268,160
18930702,268,176
18930703,253,175
18930704,266,155
18930705,273,158
18930706,220,162
18930707,257,154
18930708,263,159
18930709,282,144
18930710,292,188
18930711,305,193
18930712,288,186
18930713,281,186
18930714,215,160
18930715,208,158
18930716,212,155
18930717,210,131
18930718,219,118
18930719,231,103
18930720,267,138
18930721,291,158
18930722,300,159
18930723,242,182
18930724,255,164
18930725,261,147
18930726,281,156
18930727,298,193
18930728,297,189
18930729,267,169
18930730,235,165
18930731,206,146
18930801,217,136
18930802,228,134
18930803,227,153
18930804,256,139
18930805,272,157
18930806,212,146
18930807,227,132
18930808,246,141
18930809,243,135
18930810,215,144
18930811,234,144
18930812,277,193
18930813,267,167
18930814,257,168
18930815,239,169
18930816,261,151
18930817,277,147
18930818,293,164
18930819,294,190
18930820,290,204
18930821,279,193
18930822,284,190
18930823,305,193
18930824,317,185
18930825,238,158
18930826,231,154
18930827,232,134
18930828,199,120
18930829,227,117
18930830,233,110
18930831,208,144
18930901,196,116
18930902,184,92
18930903,198,108
18930904,179,97
18930905,206,78
18930906,235,96
18930907,260,138
18930908,265,158
18930909,219,122
18930910,199,119
18930911,201,108
18930912,210,134
18930913,203,134
18930914,265,129
18930915,218,150
18930916,231,126
18930917,261,138
18930918,227,144
18930919,194,138
18930920,207,118
18930921,234,142
18930922,238,147
18930923,243,155
18930924,223,160
18930925,184,108
18930926,126,89
18930927,155,89
18930928,178,68
18930929,188,81
18930930,215,109
18931001,198,131
18931002,181,134
18931003,178,113
18931004,158,100
18931005,216,127
18931006,246,168
18931007,248,147
18931008,238,126
18931009,235,127
18931010,233,135
18931011,192,99
18931012,183,84
18931013,193,95
18931014,143,95
18931015,175,98
18931016,194,132
18931017,195,106
18931018,186,93
18931019,105,55
18931020,88,32
18931021,109,19
18931022,120,54
18931023,147,51
18931024,137,78
18931025,130,46
18931026,169,38
18931027,177,92
18931028,117,53
18931029,105,18
18931030,111,8
18931031,157,26
18931101,126,48
18931102,91,77
18931103,109,79
18931104,125,56
18931105,127,95
18931106,132,99
18931107,113,41
18931108,41,10
18931109,30,10
18931110,35,15
18931111,29,9
18931112,18,3
18931113,32,-3
18931114,38,16
18931115,49,15
18931116,100,32
18931117,75,57
18931118,69,47
18931119,97,58
18931120,78,42
18931121,76,12
18931122,37,7
18931123,26,3
18931124,20,3
18931125,12,-18
18931126,1,-56
18931127,63,-34
18931128,30,-31
18931129,44,-32
18931130,60,-15
18931201,50,16
18931202,54,2
18931203,18,-21
18931204,7,-32
18931205,-9,-48
18931206,-1,-32
18931207,7,-10
18931208,9,-8
18931209,14,-1
18931210,53,6
18931211,33,13
18931212,54,13
18931213,50,17
18931214,97,1
18931215,96,58
18931216,78,21
18931217,63,-2
18931218,29,-22
18931219,43,19
18931220,34,19
18931221,98,31
18931222,87,57
18931223,74,57
18931224,73,30
18931225,38,24
18931226,48,18
18931227,51,2
18931228,33,-28
18931229,-14,-38
18931230,-15,-43
18931231,-19,-78
18940101,-7,-91
18940102,0,-51
18940103,-51,-110
18940104,-93,-117
18940105,-79,-107
18940106,-82,-110
18940107,-55,-91
18940108,-16,-62
18940109,-11,-33
18940110,-13,-37
18940111,-6,-62
18940112,-42,-100
18940113,-37,-57
18940114,-51,-92
18940115,-81,-93
18940116,-72,-125
18940117,-55,-77
18940118,-45,-87
18940119,60,-54
18940120,43,0
18940121,79,5
18940122,47,24
18940123,93,2
18940124,102,30
18940125,62,18
18940126,76,13
18940127,59,20
18940128,58,-2
18940129,46,-1
18940130,55,10
18940131,46,-22
18940201,34,2
18940202,77,-3
18940203,109,-2
18940204,68,29
18940205,69,3
18940206,68,13
18940207,77,-15
18940208,156,45
18940209,128,48
18940210,127,47
18940211,134,52
18940212,139,57
18940213,106,13
18940214,55,-2
18940215,64,-32
18940216,52,-18
18940217,21,-25
18940218,-21,-61
18940219,9,-65
18940220,8,-52
18940221,-2,-42
18940222,18,-61
18940223,38,-61
18940224,72,-50
18940225,86,2
18940226,78,5
18940227,156,28
18940228,145,49
18940301,160,45
18940302,110,21
18940303,123,14
18940304,146,9
18940305,105,48
18940306,80,16
18940307,76,27
18940308,108,7
18940309,157,18
18940310,148,46
18940311,167,64
18940312,138,61
18940313,157,62
18940314,156,78
18940315,107,55
18940316,98,35
18940317,113,23
18940318,83,25
18940319,67,30
18940320,60,28
18940321,86,45
18940322,109,48
18940323,113,41
18940324,87,51
18940325,96,46
18940326,92,10
18940327,128,19
18940328,162,68
18940329,172,39
18940330,175,56
18940331,148,27
18940401,152,49
18940402,167,27
18940403,190,33
18940404,191,78
18940405,201,87
18940406,176,102
18940407,206,88
18940408,218,92
18940409,198,98
18940410,204,82
18940411,202,79
18940412,195,66
18940413,206,97
18940414,230,101
18940415,236,106
18940416,216,92
18940417,175,105
18940418,184,112
18940419,185,98
18940420,166,77
18940421,158,108
18940422,153,104
18940423,183,105
18940424,210,93
18940425,221,103
18940426,239,109
18940427,228,108
18940428,197,128
18940429,156,122
18940430,163,121
18940501,169,108
18940502,198,106
18940503,210,95
18940504,168,122
18940505,128,26
18940506,154,38
18940507,169,88
18940508,187,108
18940509,199,133
18940510,225,117
18940511,240,136
18940512,216,127
18940513,172,118
18940514,218,112
18940515,229,133
18940516,251,133
18940517,247,146
18940518,223,140
18940519,220,117
18940520,236,129
18940521,218,130
18940522,213,126
18940523,238,124
18940524,248,145
18940525,209,132
18940526,208,127
18940527,201,118
18940528,199,93
18940529,213,115
18940530,183,120
18940531,221,92
18940601,200,120
18940602,227,108
18940603,259,137
18940604,264,159
18940605,289,169
18940606,284,163
18940607,255,155
18940608,206,132
18940609,183,129
18940610,233,108
18940611,246,132
18940612,168,99
18940613,214,97
18940614,160,98
18940615,208,102
18940616,239,110
18940617,248,112
18940618,246,150
18940619,208,137
18940620,198,134
18940621,229,115
18940622,250,138
18940623,248,143
18940624,286,139
18940625,288,170
18940626,253,163
18940627,196,145
18940628,220,113
18940629,237,125
18940630,253,159
18940701,276,174
18940702,279,179
18940703,295,193
18940704,280,192
18940705,262,177
18940706,284,176
18940707,288,177
18940708,270,182
18940709,268,178
18940710,289,168
18940711,296,177
18940712,293,175
18940713,281,167
18940714,319,167
18940715,279,182
18940716,276,166
18940717,277,165
18940718,294,158
18940719,214,150
18940720,241,143
18940721,265,137
18940722,290,152
18940723,319,177
18940724,324,207
18940725,336,191
18940726,321,214
18940727,277,204
18940728,266,171
18940729,274,150
18940730,291,140
18940731,289,177
18940801,256,167
18940802,275,153
18940803,308,156
18940804,264,139
18940805,257,136
18940806,277,157
18940807,298,162
18940808,314,179
18940809,297,182
18940810,218,163
18940811,247,140
18940812,214,120
18940813,238,103
18940814,190,111
18940815,236,127
18940816,273,133
18940817,278,145
18940818,220,137
18940819,179,111
18940820,214,89
18940821,154,102
18940822,208,73
18940823,264,114
18940824,289,167
18940825,296,169
18940826,317,178
18940827,337,185
18940828,314,186
18940829,278,173
18940830,233,165
18940831,215,138
18940901,234,116
18940902,258,138
18940903,291,155
18940904,269,155
18940905,242,140
18940906,190,144
18940907,160,104
18940908,197,78
18940909,138,82
18940910,158,82
18940911,168,97
18940912,181,52
18940913,201,88
18940914,180,118
18940915,168,86
18940916,176,57
18940917,191,68
18940918,166,109
18940919,166,114
18940920,195,97
18940921,215,86
18940922,226,97
18940923,202,124
18940924,207,113
18940925,246,133
18940926,238,141
18940927,195,126
18940928,160,89
18940929,124,85
18940930,103,79
18941001,144,83
18941002,145,93
18941003,151,119
18941004,179,120
18941005,167,117
18941006,186,106
18941007,184,104
18941008,190,99
18941009,186,99
18941010,165,100
18941011,166,92
18941012,141,84
18941013,130,80
18941014,146,70
18941015,133,24
18941016,97,27
18941017,67,-5
18941018,112,5
18941019,185,88
18941020,238,127
18941021,228,140
18941022,178,99
18941023,191,92
18941024,167,73
18941025,179,136
18941026,197,116
18941027,223,89
18941028,185,125
18941029,147,103
18941030,159,96
18941031,179,67
18941101,116,46
18941102,90,16
18941103,76,10
18941104,89,-13
18941105,111,11
18941106,121,23
18941107,134,53
18941108,60,16
18941109,81,56
18941110,89,48
18941111,97,33
18941112,127,58
18941113,172,106
18941114,150,109
18941115,182,88
18941116,169,88
18941117,121,68
18941118,84,53
18941119,94,59
18941120,56,44
18941121,48,18
18941122,38,18
18941123,62,28
18941124,31,12
18941125,21,8
18941126,23,7
18941127,16,3
18941128,17,3
18941129,28,8
18941130,15,-16
18941201,48,-11
18941202,34,12
18941203,18,4
18941204,13,2
18941205,9,-12
18941206,14,3
18941207,31,8
18941208,49,33
18941209,43,19
18941210,36,4
18941211,36,3
18941212,26,-22
18941213,-5,-49
18941214,16,-33
18941215,10,-23
18941216,28,-7
18941217,43,-12
18941218,18,-50
18941219,56,-22
18941220,23,7
18941221,13,-32
18941222,26,-29
18941223,23,-27
18941224,53,-32
18941225,37,14
18941226,23,-8
18941227,-6,-39
18941228,19,-28
18941229,-2,-82
18941230,4,-14
18941231,-17,-47
18950101,-32,-79
18950102,-22,-66
18950103,3,-66
18950104,-27,-102
18950105,-16,-62
18950106,-8,-28
18950107,-15,-37
18950108,-17,-44
18950109,10,-35
18950110,-2,-30
18950111,-3,-32
18950112,-13,-32
18950113,-12,-100
18950114,68,-14
18950115,98,25
18950116,113,64
18950117,101,48
18950118,99,33
18950119,63,8
18950120,76,-5
18950121,110,53
18950122,116,9
18950123,109,-25
18950124,7,-41
18950125,26,-82
18950126,-5,-109
18950127,-2,-42
18950128,-11,-52
18950129,-30,-57
18950130,-35,-65
18950131,-23,-62
18950201,13,-32
18950202,-14,-52
18950203,-14,-54
18950204,-3,-42
18950205,-12,-74
18950206,-52,-92
18950207,-48,-79
18950208,-2,-72
18950209,-2,-52
18950210,-2,-47
18950211,8,-52
18950212,48,-5
18950213,-2,-61
18950214,-2,-74
18950215,-52,-138
18950216,-18,-124
18950217,-52,-107
18950218,-42,-131
18950219,-22,-92
18950220,-8,-115
18950221,-7,-116
18950222,-2,-99
18950223,17,-77
18950224,18,-63
18950225,38,-52
18950226,3,-20
18950227,0,-22
18950228,18,-45
18950301,18,-119
18950302,68,-31
18950303,24,-1
18950304,3,-32
18950305,7,-50
18950306,-2,-38
18950307,23,-22
18950308,48,-22
18950309,45,-84
18950310,73,-37
18950311,116,30
18950312,83,22
18950313,55,18
18950314,48,21
18950315,57,19
18950316,39,23
18950317,49,3
18950318,68,-34
18950319,100,-18
18950320,107,28
18950321,77,8
18950322,123,-2
18950323,125,28
18950324,123,28
18950325,131,74
18950326,119,38
18950327,138,23
18950328,137,64
18950329,141,67
18950330,153,48
18950331,154,63
18950401,101,78
18950402,123,74
18950403,138,72
18950404,147,67
18950405,88,46
18950406,135,42
18950407,167,75
18950408,118,53
18950409,139,33
18950410,168,41
18950411,203,76
18950412,231,98
18950413,95,41
18950414,91,33
18950415,137,18
18950416,159,48
18950417,178,58
18950418,118,84
18950419,123,87
18950420,143,95
18950421,117,87
18950422,175,93
18950423,188,107
18950424,208,98
18950425,207,128
18950426,205,129
18950427,198,104
18950428,128,88
18950429,108,85
18950430,147,89
18950501,202,109
18950502,207,105
18950503,147,88
18950504,168,83
18950505,214,113
18950506,213,135
18950507,193,109
18950508,184,98
18950509,212,118
18950510,224,125
18950511,226,118
18950512,210,111
18950513,233,118
18950514,226,127
18950515,228,103
18950516,158,17
18950517,69,18
18950518,158,23
18950519,158,81
18950520,209,107
18950521,208,128
18950522,238,138
18950523,227,138
18950524,230,146
18950525,207,128
18950526,218,109
18950527,208,132
18950528,209,148
18950529,213,144
18950530,219,106
18950531,243,114
18950601,259,122
18950602,242,148
18950603,250,140
18950604,275,165
18950605,285,179
18950606,285,169
18950607,242,150
18950608,238,141
18950609,232,160
18950610,230,156
18950611,260,143
18950612,250,150
18950613,221,151
18950614,220,140
18950615,235,120
18950616,150,104
18950617,220,81
18950618,256,116
18950619,279,150
18950620,280,190
18950621,220,174
18950622,220,170
18950623,256,167
18950624,236,169
18950625,218,135
18950626,220,118
18950627,238,135
18950628,273,140
18950629,292,170
18950630,310,179
18950701,328,184
18950702,334,200
18950703,301,220
18950704,280,189
18950705,210,153
18950706,200,150
18950707,200,141
18950708,234,148
18950709,233,150
18950710,276,158
18950711,284,160
18950712,289,169
18950713,208,109
18950714,231,90
18950715,258,130
18950716,278,180
18950717,298,180
18950718,309,181
18950719,290,169
18950720,267,190
18950721,280,174
18950722,301,185
18950723,260,175
18950724,261,178
18950725,280,155
18950726,292,170
18950727,300,175
18950728,324,189
18950729,320,190
18950730,288,199
18950731,290,183
18950801,302,170
18950802,200,169
18950803,262,160
18950804,249,161
18950805,210,143
18950806,259,120
18950807,259,138
18950808,180,133
18950809,240,131
18950810,260,129
18950811,270,152
18950812,288,165
18950813,260,180
18950814,250,145
18950815,235,140
18950816,210,126
18950817,200,110
18950818,215,115
18950819,228,111
18950820,239,124
18950821,253,135
18950822,262,144
18950823,270,155
18950824,280,158
18950825,282,154
18950826,240,160
18950827,241,135
18950828,257,132
18950829,265,162
18950830,275,152
18950831,281,150
18950901,280,180
18950902,283,174
18950903,289,170
18950904,296,164
18950905,290,170
18950906,290,166
18950907,288,150
18950908,286,151
18950909,262,158
18950910,241,148
18950911,254,123
18950912,194,140
18950913,160,123
18950914,184,96
18950915,198,110
18950916,200,120
18950917,169,125
18950918,180,110
18950919,218,141
18950920,245,120
18950921,189,115
18950922,180,92
18950923,185,70
18950924,210,70
18950925,230,88
18950926,237,120
18950927,232,129
18950928,234,117
18950929,230,120
18950930,226,120
18951001,229,110
18951002,220,130
18951003,170,80
18951004,171,63
18951005,160,75
18951006,154,40
18951007,188,60
18951008,194,120
18951009,218,135
18951010,180,129
18951011,158,120
18951012,160,100
18951013,180,69
18951014,190,87
18951015,208,106
18951016,214,110
18951017,160,40
18951018,65,29
18951019,58,31
18951020,63,39
18951021,116,50
18951022,117,60
18951023,140,20
18951024,185,102
18951025,150,73
18951026,95,70
18951027,90,59
18951028,80,51
18951029,95,50
18951030,80,61
18951031,61,40
18951101,80,30
18951102,87,30
18951103,126,52
18951104,130,90
18951105,126,74
18951106,170,98
18951107,172,100
18951108,179,124
18951109,185,120
18951110,168,129
18951111,177,105
18951112,178,85
18951113,199,122
18951114,144,100
18951115,124,70
18951116,90,35
18951117,60,16
18951118,60,26
18951119,78,50
18951120,76,43
18951121,48,15
18951122,28,-9
18951123,30,-26
18951124,15,-14
18951125,18,-8
18951126,30,-6
18951127,5,-63
18951128,-16,-39
18951129,12,-16
18951130,17,-11
18951201,-13,-52
18951202,-2,-32
18951203,15,-35
18951204,21,-40
18951205,75,-30
18951206,130,64
18951207,125,10
18951208,37,-1
18951209,50,-21
18951210,60,-19
18951211,96,30
18951212,68,30
18951213,72,9
18951214,22,4
18951215,24,6
18951216,10,-20
18951217,20,4
18951218,22,5
18951219,38,22
18951220,26,6
18951221,50,7
18951222,54,32
18951223,39,20
18951224,24,10
18951225,40,18
18951226,16,5
18951227,9,-41
18951228,-1,-50
18951229,-35,-69
18951230,-42,-60
18951231,50,-68
18960101,5,-57
18960102,-27,-82
18960103,-22,-88
18960104,-21,-72
18960105,28,-20
18960106,19,-12
18960107,-2,-22
18960108,8,-31
18960109,13,-57
18960110,-57,-79
18960111,-37,-87
18960112,-40,-105
18960113,-43,-112
18960114,-24,-69
18960115,-4,-62
18960116,-2,-58
18960117,61,-60
18960118,-2,-17
18960119,-5,-26
18960120,8,-32
18960121,-22,-44
18960122,-42,-61
18960123,-35,-62
18960124,-5,-72
18960125,-52,-92
18960126,-57,-81
18960127,-29,-82
18960128,-33,-76
18960129,-45,-94
18960130,-36,-92
18960131,26,-92
18960201,33,-85
18960202,45,-34
18960203,18,-82
18960204,38,-39
18960205,32,-47
18960206,38,-44
18960207,45,-45
18960208,48,-52
18960209,47,-62
18960210,50,-60
18960211,67,-32
18960212,87,-20
18960213,93,18
18960214,28,8
18960215,23,-10
18960216,-3,-36
18960217,23,-67
18960218,61,-52
18960219,58,-22
18960220,8,-22
18960221,-6,-32
18960222,8,-52
18960223,-22,-72
18960224,-22,-52
18960225,-20,-50
18960226,-4,-44
18960227,28,-10
18960228,48,-2
18960229,95,-21
18960301,38,7
18960302,105,1
18960303,78,20
18960304,93,-7
18960305,118,40
18960306,98,28
18960307,118,7
18960308,98,33
18960309,178,28
18960310,38,10
18960311,57,-13
18960312,118,-14
18960313,66,32
18960314,54,18
18960315,109,18
18960316,164,29
18960317,158,79
18960318,178,48
18960319,173,58
18960320,196,70
18960321,198,88
18960322,197,81
18960323,193,75
18960324,198,78
18960325,204,59
18960326,208,68
18960327,148,83
18960328,88,33
18960329,87,32
18960330,98,31
18960331,118,18
18960401,125,29
18960402,105,31
18960403,84,48
18960404,88,32
18960405,88,18
18960406,88,10
18960407,86,18
18960408,52,18
18960409,98,28
18960410,139,45
18960411,177,70
18960412,143,57
18960413,116,58
18960414,98,68
18960415,138,38
18960416,106,51
18960417,125,55
18960418,152,48
18960419,135,73
18960420,137,61
18960421,158,58
18960422,187,71
18960423,118,82
18960424,138,60
18960425,128,28
18960426,181,28
18960427,211,80
18960428,236,86
18960429,238,88
18960430,238,103
18960501,186,117
18960502,148,76
18960503,176,64
18960504,168,78
18960505,148,78
18960506,182,88
18960507,182,102
18960508,159,104
18960509,178,78
18960510,196,78
18960511,208,100
18960512,209,108
18960513,226,77
18960514,178,97
18960515,220,114
18960516,183,104
18960517,134,98
18960518,177,104
18960519,212,78
18960520,226,101
18960521,236,100
18960522,167,95
18960523,167,99
18960524,199,94
18960525,206,87
18960526,227,140
18960527,266,176
18960528,274,163
18960529,260,166
18960530,239,163
18960531,200,153
18960601,225,143
18960602,243,139
18960603,270,142
18960604,257,136
18960605,254,145
18960606,247,161
18960607,236,146
18960608,255,134
18960609,237,137
18960610,238,140
18960611,237,126
18960612,224,146
18960613,263,160
18960614,270,186
18960615,288,168
18960616,264,200
18960617,238,171
18960618,243,168
18960619,294,181
18960620,291,186
18960621,229,167
18960622,260,142
18960623,247,156
18960624,271,168
18960625,262,174
18960626,238,153
18960627,158,138
18960628,221,136
18960629,250,142
18960630,232,136
18960701,248,128
18960702,157,108
18960703,230,113
18960704,240,137
18960705,275,175
18960706,252,164
18960707,253,153
18960708,284,165
18960709,291,186
18960710,301,187
18960711,290,187
18960712,268,180
18960713,279,188
18960714,247,160
18960715,267,164
18960716,277,168
18960717,287,180
18960718,240,167
18960719,214,160
18960720,256,167
18960721,270,188
18960722,278,180
18960723,262,188
18960724,270,194
18960725,265,178
18960726,279,179
18960727,299,175
18960728,304,199
18960729,321,201
18960730,271,182
18960731,271,172
18960801,235,172
18960802,245,159
18960803,273,160
18960804,279,152
18960805,300,178
18960806,282,188
18960807,245,165
18960808,214,146
18960809,225,146
18960810,260,143
18960811,228,171
18960812,228,152
18960813,230,136
18960814,239,136
18960815,265,138
18960816,238,134
18960817,198,121
18960818,197,120
18960819,230,93
18960820,258,136
18960821,245,152
18960822,278,174
18960823,179,130
18960824,218,98
18960825,248,117
18960826,248,137
18960827,223,144
18960828,158,138
18960829,148,128
18960830,202,128
18960831,208,112
18960901,218,122
18960902,238,134
18960903,236,138
18960904,241,167
18960905,253,139
18960906,198,158
18960907,202,149
18960908,226,128
18960909,243,135
18960910,238,141
18960911,238,155
18960912,218,147
18960913,228,128
18960914,235,138
18960915,238,148
18960916,241,135
18960917,248,142
18960918,256,144
18960919,262,148
18960920,243,155
18960921,164,97
18960922,133,68
18960923,201,80
18960924,158,88
18960925,153,85
18960926,123,96
18960927,148,108
18960928,176,96
18960929,153,100
18960930,138,118
18961001,148,138
18961002,178,135
18961003,198,143
18961004,184,108
18961005,189,135
18961006,176,106
18961007,186,88
18961008,208,139
18961009,202,118
18961010,203,110
18961011,203,130
18961012,159,128
18961013,157,107
18961014,184,137
18961015,166,113
18961016,145,78
18961017,167,77
18961018,150,103
18961019,178,90
18961020,198,125
18961021,155,88
18961022,178,84
18961023,187,118
18961024,173,73
18961025,126,66
18961026,102,34
18961027,168,63
18961028,166,87
18961029,178,81
18961030,185,98
18961031,175,73
18961101,174,108
18961102,126,94
18961103,143,72
18961104,138,54
18961105,88,53
18961106,88,37
18961107,108,49
18961108,148,90
18961109,148,88
18961110,95,59
18961111,58,28
18961112,84,38
18961113,57,18
18961114,47,0
18961115,53,8
18961116,45,26
18961117,56,34
18961118,56,25
18961119,74,40
18961120,72,9
18961121,96,22
18961122,50,15
18961123,48,18
18961124,31,12
18961125,40,8
18961126,8,-19
18961127,8,-25
18961128,34,-30
18961129,8,-58
18961130,-12,-83
18961201,48,-36
18961202,20,-24
18961203,2,-43
18961204,-44,-87
18961205,-22,-68
18961206,27,-24
18961207,108,28
18961208,86,35
18961209,80,24
18961210,62,16
18961211,28,-12
18961212,0,-18
18961213,38,-2
18961214,42,16
18961215,37,-9
18961216,24,-19
18961217,18,-13
18961218,16,-1
18961219,114,2
18961220,104,57
18961221,86,44
18961222,62,43
18961223,55,38
18961224,56,36
18961225,42,30
18961226,49,33
18961227,76,46
18961228,57,25
18961229,25,14
18961230,16,-30
18961231,-1,-46
18970101,11,-14
18970102,21,-13
18970103,26,-10
18970104,23,-17
18970105,14,-27
18970106,-27,-45
18970107,33,-36
18970108,18,-1
18970109,9,-3
18970110,15,-5
18970111,8,0
18970112,28,6
18970113,14,2
18970114,16,2
18970115,35,9
18970116,31,18
18970117,52,31
18970118,58,36
18970119,44,8
18970120,11,-19
18970121,-12,-29
18970122,17,-17
18970123,31,2
18970124,27,-6
18970125,8,-61
18970126,12,-102
18970127,17,-40
18970128,1,-42
18970129,2,-69
18970130,-27,-108
18970131,12,-60
18970201,15,-15
18970202,80,-21
18970203,122,38
18970204,38,-7
18970205,15,-19
18970206,5,-2
18970207,27,-16
18970208,54,16
18970209,35,-39
18970210,30,-54
18970211,65,2
18970212,44,25
18970213,51,9
18970214,121,-6
18970215,75,-3
18970216,26,-22
18970217,55,-55
18970218,106,-6
18970219,113,7
18970220,117,1
18970221,87,17
18970222,74,31
18970223,99,9
18970224,132,22
18970225,136,36
18970226,140,14
18970227,180,44
18970228,178,57
18970301,148,64
18970302,147,78
18970303,103,62
18970304,71,13
18970305,117,-11
18970306,105,40
18970307,67,27
18970308,95,31
18970309,79,11
18970310,80,6
18970311,117,29
18970312,112,1
18970313,106,47
18970314,118,56
18970315,144,47
18970316,159,45
18970317,171,67
18970318,187,59
18970319,182,99
18970320,161,74
18970321,158,55
18970322,167,69
18970323,168,74
18970324,206,113
18970325,166,128
18970326,191,108
18970327,198,91
18970328,161,123
18970329,199,92
18970330,151,65
18970331,179,95
18970401,172,88
18970402,143,91
18970403,116,48
18970404,97,32
18970405,138,63
18970406,135,36
18970407,158,66
18970408,172,74
18970409,159,72
18970410,150,48
18970411,170,63
18970412,167,60
18970413,184,61
18970414,201,89
18970415,218,84
18970416,153,80
18970417,122,67
18970418,167,57
18970419,148,70
18970420,121,56
18970421,167,84
18970422,187,73
18970423,183,60
18970424,88,59
18970425,106,67
18970426,146,76
18970427,203,120
18970428,220,109
18970429,232,121
18970430,242,141
18970501,233,138
18970502,160,78
18970503,172,76
18970504,191,58
18970505,162,68
18970506,191,62
18970507,178,98
18970508,131,92
18970509,189,115
18970510,147,94
18970511,197,57
18970512,135,36
18970513,73,40
18970514,100,53
18970515,87,58
18970516,130,57
18970517,181,76
18970518,209,91
18970519,212,134
18970520,204,120
18970521,230,118
18970522,224,124
18970523,176,142
18970524,196,139
18970525,233,147
18970526,200,140
18970527,218,133
18970528,210,108
18970529,244,130
18970530,243,148
18970531,249,153
18970601,272,154
18970602,276,176
18970603,258,170
18970604,237,169
18970605,267,167
18970606,277,150
18970607,269,167
18970608,265,153
18970609,251,149
18970610,188,125
18970611,181,109
18970612,174,108
18970613,223,159
18970614,251,173
18970615,265,152
18970616,282,161
18970617,282,157
18970618,188,110
18970619,148,77
18970620,206,78
18970621,173,112
18970622,214,128
18970623,219,158
18970624,258,161
18970625,284,155
18970626,313,162
18970627,306,182
18970628,296,182
18970629,296,192
18970630,319,200
18970701,344,220
18970702,340,222
18970703,339,223
18970704,339,195
18970705,212,146
18970706,260,135
18970707,311,152
18970708,319,189
18970709,306,191
18970710,304,193
18970711,265,186
18970712,242,164
18970713,233,135
18970714,180,146
18970715,248,118
18970716,265,171
18970717,241,149
18970718,274,148
18970719,280,172
18970720,305,165
18970721,303,182
18970722,280,169
18970723,209,149
18970724,272,167
18970725,286,174
18970726,295,165
18970727,261,179
18970728,211,142
18970729,241,138
18970730,184,146
18970731,211,142
18970801,260,123
18970802,264,171
18970803,250,154
18970804,254,176
18970805,260,159
18970806,271,157
18970807,275,169
18970808,283,163
18970809,198,128
18970810,242,127
18970811,254,150
18970812,264,153
18970813,270,175
18970814,283,183
18970815,285,180
18970816,278,168
18970817,260,195
18970818,287,182
18970819,299,191
18970820,289,143
18970821,228,127
18970822,276,139
18970823,274,155
18970824,194,146
18970825,226,132
18970826,214,159
18970827,240,128
18970828,262,153
18970829,278,163
18970830,277,168
18970831,284,162
18970901,267,183
18970902,284,165
18970903,295,166
18970904,303,155
18970905,181,119
18970906,203,95
18970907,174,119
18970908,199,92
18970909,212,91
18970910,231,127
18970911,181,134
18970912,173,124
18970913,174,142
18970914,198,151
18970915,185,148
18970916,163,127
18970917,174,125
18970918,199,120
18970919,226,119
18970920,204,127
18970921,128,106
18970922,171,97
18970923,203,83
18970924,215,113
18970925,218,108
18970926,225,126
18970927,227,136
18970928,237,160
18970929,234,164
18970930,236,127
18971001,240,123
18971002,238,111
18971003,164,9999
18971004,9999,94
18971005,96,56
18971006,62,42
18971007,56,25
18971008,73,27
18971009,90,43
18971010,84,52
18971011,115,29
18971012,111,19
18971013,117,88
18971014,186,110
18971015,181,100
18971016,194,119
18971017,190,115
18971018,187,119
18971019,160,82
18971020,128,73
18971021,126,89
18971022,153,111
18971023,139,96
18971024,125,78
18971025,121,56
18971026,113,34
18971027,84,42
18971028,127,62
18971029,111,19
18971030,74,-11
18971031,30,-16
18971101,23,9
18971102,42,13
18971103,42,24
18971104,28,16
18971105,16,2
18971106,15,-6
18971107,26,1
18971108,19,7
18971109,40,7
18971110,43,-27
18971111,2,-52
18971112,9,-69
18971113,62,-38
18971114,82,29
18971115,157,52
18971116,175,77
18971117,145,56
18971118,152,63
18971119,161,93
18971120,135,48
18971121,104,39
18971122,69,34
18971123,100,16
18971124,82,-5
18971125,45,-13
18971126,12,-31
18971127,-6,-72
18971128,40,-58
18971129,113,8
18971130,65,-23
18971201,41,-55
18971202,48,0
18971203,11,-5
18971204,28,-6
18971205,39,19
18971206,42,24
18971207,42,7
18971208,30,10
18971209,49,11
18971210,57,-4
18971211,27,-21
18971212,65,9
18971213,102,-5
18971214,109,10
18971215,124,62
18971216,104,14
18971217,23,2
18971218,31,21
18971219,19,4
18971220,48,14
18971221,25,-36
18971222,-12,-50
18971223,-11,-73
18971224,-7,-52
18971225,5,-38
18971226,10,-35
18971227,-2,-68
18971228,7,-71
18971229,-42,-57
18971230,-37,-55
18971231,20,-60
18980101,62,-4
18980102,75,15
18980103,25,13
18980104,18,-23
18980105,0,-23
18980106,12,-23
18980107,32,-30
18980108,100,28
18980109,53,43
18980110,71,31
18980111,74,40
18980112,63,44
18980113,49,38
18980114,75,3
18980115,1,-39
18980116,-16,-35
18980117,-32,-41
18980118,-20,-40
18980119,-30,-39
18980120,-32,-49
18980121,-21,-57
18980122,48,-39
18980123,54,-2
18980124,45,-9
18980125,12,-39
18980126,-1,-40
18980127,17,-67
18980128,72,-6
18980129,102,19
18980130,98,-16
18980131,91,63
18980201,111,44
18980202,115,7
18980203,102,11
18980204,45,-19
18980205,57,8
18980206,33,-16
18980207,22,-62
18980208,42,-13
18980209,40,-18
18980210,47,-6
18980211,2,-29
18980212,-8,-49
18980213,17,-83
18980214,45,-55
18980215,76,-14
18980216,75,21
18980217,70,22
18980218,51,-7
18980219,39,-3
18980220,24,-15
18980221,13,-2
18980222,67,3
18980223,122,14
18980224,101,63
18980225,84,55
18980226,75,29
18980227,29,10
18980228,52,17
18980301,59,0
18980302,104,-3
18980303,31,-2
18980304,33,-23
18980305,48,7
18980306,96,-3
18980307,94,62
18980308,76,38
18980309,35,11
18980310,53,-8
18980311,65,-23
18980312,93,-17
18980313,109,6
18980314,141,5
18980315,145,18
18980316,145,65
18980317,132,51
18980318,119,48
18980319,217,71
18980320,203,108
18980321,121,30
18980322,121,34
18980323,113,42
18980324,120,18
18980325,119,61
18980326,103,44
18980327,115,31
18980328,121,57
18980329,167,49
18980330,138,82
18980331,158,69
18980401,164,101
18980402,156,100
18980403,137,69
18980404,128,66
18980405,165,61
18980406,129,59
18980407,156,38
18980408,206,47
18980409,225,82
18980410,176,120
18980411,200,94
18980412,187,94
18980413,156,70
18980414,156,54
18980415,151,49
18980416,161,55
18980417,207,106
18980418,154,91
18980419,194,101
18980420,200,79
18980421,150,120
18980422,203,111
18980423,153,119
18980424,131,107
18980425,180,99
18980426,199,90
18980427,216,108
18980428,209,109
18980429,232,118
18980430,232,107
18980501,236,119
18980502,254,110
18980503,263,143
18980504,183,120
18980505,146,111
18980506,174,97
18980507,160,101
18980508,183,98
18980509,186,96
18980510,203,94
18980511,219,96
18980512,204,134
18980513,171,104
18980514,162,96
18980515,204,68
18980516,217,97
18980517,229,111
18980518,236,131
18980519,236,163
18980520,229,147
18980521,240,115
18980522,245,106
18980523,265,131
18980524,239,119
18980525,198,114
18980526,224,126
18980527,229,128
18980528,175,129
18980529,187,128
18980530,153,127
18980531,218,110
18980601,219,129
18980602,240,143
18980603,241,112
18980604,199,110
18980605,225,101
18980606,230,112
18980607,237,133
18980608,271,171
18980609,267,168
18980610,243,161
18980611,194,136
18980612,248,156
18980613,239,157
18980614,254,151
18980615,183,127
18980616,142,113
18980617,200,109
18980618,226,128
18980619,247,147
18980620,225,170
18980621,268,150
18980622,290,168
18980623,279,181
18980624,210,141
18980625,271,118
18980626,289,148
18980627,298,186
18980628,286,167
18980629,266,187
18980630,265,151
18980701,260,144
18980702,271,149
18980703,284,181
18980704,259,173
18980705,200,134
18980706,186,119
18980707,178,129
18980708,235,115
18980709,205,118
18980710,233,109
18980711,253,137
18980712,212,152
18980713,249,161
18980714,207,145
18980715,223,129
18980716,250,126
18980717,278,131
18980718,287,176
18980719,311,178
18980720,278,194
18980721,200,143
18980722,234,123
18980723,263,132
18980724,280,184
18980725,248,197
18980726,269,182
18980727,275,169
18980728,269,179
18980729,225,168
18980730,233,152
18980731,220,126
18980801,223,144
18980802,256,130
18980803,275,153
18980804,288,165
18980805,264,174
18980806,258,153
18980807,278,151
18980808,309,178
18980809,313,133
18980810,199,131
18980811,164,129
18980812,232,140
18980813,270,166
18980814,269,188
18980815,284,177
18980816,273,190
18980817,277,150
18980818,278,164
18980819,294,176
18980820,291,185
18980821,300,187
18980822,285,191
18980823,278,153
18980824,272,152
18980825,270,150
18980826,266,172
18980827,270,161
18980828,288,163
18980829,207,134
18980830,219,125
18980831,241,130
18980901,181,117
18980902,185,114
18980903,210,86
18980904,228,104
18980905,203,153
18980906,221,138
18980907,252,133
18980908,249,159
18980909,249,140
18980910,245,132
18980911,259,129
18980912,261,134
18980913,281,148
18980914,227,158
18980915,223,133
18980916,241,150
18980917,214,122
18980918,213,96
18980919,230,66
18980920,167,113
18980921,206,80
18980922,240,93
18980923,232,116
18980924,141,100
18980925,170,97
18980926,165,92
18980927,164,121
18980928,175,141
18980929,160,137
18980930,150,130
18981001,209,129
18981002,166,144
18981003,192,139
18981004,209,143
18981005,210,148
18981006,200,118
18981007,165,104
18981008,139,106
18981009,139,79
18981010,136,48
18981011,134,33
18981012,112,60
18981013,127,64
18981014,96,46
18981015,95,69
18981016,191,65
18981017,219,150
18981018,196,141
18981019,184,137
18981020,183,115
18981021,145,89
18981022,158,71
18981023,175,119
18981024,147,106
18981025,145,120
18981026,172,101
18981027,159,69
18981028,155,62
18981029,153,51
18981030,161,77
18981031,207,131
18981101,180,114
18981102,162,119
18981103,156,97
18981104,186,115
18981105,170,140
18981106,191,120
18981107,119,100
18981108,102,81
18981109,125,80
18981110,101,72
18981111,115,88
18981112,100,83
18981113,102,84
18981114,102,74
18981115,100,53
18981116,91,65
18981117,98,65
18981118,94,58
18981119,80,28
18981120,19,-20
18981121,33,-6
18981122,23,-1
18981123,39,18
18981124,49,24
18981125,170,36
18981126,150,108
18981127,140,98
18981128,121,79
18981129,156,66
18981130,114,84
18981201,102,47
18981202,57,8
18981203,59,30
18981204,52,24
18981205,64,51
18981206,55,44
18981207,45,30
18981208,65,23
18981209,65,5
18981210,71,1
18981211,71,-11
18981212,88,4
18981213,66,7
18981214,63,1
18981215,108,-6
18981216,57,-8
18981217,40,-16
18981218,71,-9
18981219,82,-8
18981220,83,12
18981221,29,-6
18981222,-3,-36
18981223,-13,-41
18981224,13,-40
18981225,-2,-62
18981226,1,-81
18981227,-4,-67
18981228,84,-15
18981229,65,24
18981230,30,-7
18981231,39,-16
18990101,36,11
18990102,97,-2
18990103,92,3
18990104,57,-5
18990105,13,-9
18990106,60,-17
18990107,51,12
18990108,37,7
18990109,66,13
18990110,52,-3
18990111,81,28
18990112,65,25
18990113,91,34
18990114,130,35
18990115,95,10
18990116,116,25
18990117,113,16
18990118,31,-12
18990119,114,-1
18990120,138,54
18990121,130,38
18990122,136,45
18990123,125,41
18990124,73,-4
18990125,31,0
18990126,64,32
18990127,51,21
18990128,49,12
18990129,90,-9
18990130,44,-1
18990131,24,6
18990201,28,12
18990202,34,4
18990203,29,-2
18990204,24,-10
18990205,6,-52
18990206,77,-50
18990207,30,-13
18990208,110,23
18990209,152,31
18990210,162,66
18990211,158,61
18990212,143,87
18990213,158,51
18990214,157,54
18990215,159,52
18990216,138,56
18990217,129,64
18990218,111,36
18990219,96,24
18990220,108,4
18990221,49,0
18990222,79,-14
18990223,49,6
18990224,18,-33
18990225,0,-49
18990226,17,-59
18990227,33,-53
18990228,49,-60
18990301,113,-37
18990302,161,37
18990303,174,78
18990304,132,54
18990305,120,10
18990306,18,-50
18990307,34,-62
18990308,65,-45
18990309,126,25
18990310,156,46
18990311,139,62
18990312,144,64
18990313,167,63
18990314,158,52
18990315,173,21
18990316,196,46
18990317,148,73
18990318,171,37
18990319,140,-7
18990320,7,-13
18990321,21,-17
18990322,17,-42
18990323,-3,-38
18990324,44,-21
18990325,5,-33
18990326,48,-99
18990327,84,-55
18990328,120,-13
18990329,136,8
18990330,158,29
18990331,140,66
18990401,105,47
18990402,148,27
18990403,204,55
18990404,152,97
18990405,165,99
18990406,161,61
18990407,200,79
18990408,135,58
18990409,106,52
18990410,144,34
18990411,183,67
18990412,121,30
18990413,77,26
18990414,161,43
18990415,137,96
18990416,176,86
18990417,192,69
18990418,235,126
18990419,206,133
18990420,205,106
18990421,198,96
18990422,207,95
18990423,127,53
18990424,141,46
18990425,180,42
18990426,172,82
18990427,118,92
18990428,181,103
18990429,211,75
18990430,200,106
18990501,176,67
18990502,164,61
18990503,194,101
18990504,144,75
18990505,75,28
18990506,157,20
18990507,159,54
18990508,185,100
18990509,204,118
18990510,203,115
18990511,217,110
18990512,229,125
18990513,234,117
18990514,253,114
18990515,274,125
18990516,228,157
18990517,234,152
18990518,255,134
18990519,228,154
18990520,261,145
18990521,204,143
18990522,242,143
18990523,228,116
18990524,193,143
18990525,190,133
18990526,202,105
18990527,185,108
18990528,135,110
18990529,135,88
18990530,180,88
18990531,214,127
18990601,217,98
18990602,215,109
18990603,251,126
18990604,270,133
18990605,292,138
18990606,284,174
18990607,305,156
18990608,224,147
18990609,231,136
18990610,243,97
18990611,185,116
18990612,213,99
18990613,240,109
18990614,191,118
18990615,206,116
18990616,230,98
18990617,199,146
18990618,193,145
18990619,229,156
18990620,269,140
18990621,243,159
18990622,254,163
18990623,191,147
18990624,238,151
18990625,180,133
18990626,204,127
18990627,257,129
18990628,231,154
18990629,271,147
18990630,278,159
18990701,206,147
18990702,236,129
18990703,187,119
18990704,249,120
18990705,240,134
18990706,279,138
18990707,248,157
18990708,236,159
18990709,241,154
18990710,265,153
18990711,280,169
18990712,240,172
18990713,285,158
18990714,289,187
18990715,285,176
18990716,273,171
18990717,268,174
18990718,266,174
18990719,273,173
18990720,284,177
18990721,302,188
18990722,324,188
18990723,334,186
18990724,328,209
18990725,226,164
18990726,275,179
18990727,281,190
18990728,238,178
18990729,257,185
18990730,276,159
18990731,259,168
18990801,255,170
18990802,281,171
18990803,294,173
18990804,309,178
18990805,315,182
18990806,315,181
18990807,309,181
18990808,315,195
18990809,269,147
18990810,228,129
18990811,242,143
18990812,246,139
18990813,247,149
18990814,271,148
18990815,289,151
18990816,290,192
18990817,258,182
18990818,219,153
18990819,202,133
18990820,244,135
18990821,220,142
18990822,212,141
18990823,228,156
18990824,232,153
18990825,268,147
18990826,251,142
18990827,228,129
18990828,287,152
18990829,265,181
18990830,239,164
18990831,244,164
18990901,258,149
18990902,288,171
18990903,224,138
18990904,233,115
18990905,245,122
18990906,274,132
18990907,295,163
18990908,297,173
18990909,244,172
18990910,210,122
18990911,167,87
18990912,135,75
18990913,132,96
18990914,178,108
18990915,194,82
18990916,202,130
18990917,216,143
18990918,179,121
18990919,214,103
18990920,234,118
18990921,176,98
18990922,182,95
18990923,160,127
18990924,153,112
18990925,187,114
18990926,191,89
18990927,222,100
18990928,220,118
18990929,223,119
18990930,193,125
18991001,228,135
18991002,241,149
18991003,231,144
18991004,185,142
18991005,199,114
18991006,212,123
18991007,139,128
18991008,145,61
18991009,109,11
18991010,124,14
18991011,144,22
18991012,147,32
18991013,171,83
18991014,133,70
18991015,135,39
18991016,94,74
18991017,128,59
18991018,112,33
18991019,94,52
18991020,109,31
18991021,128,8
18991022,154,32
18991023,136,32
18991024,164,23
18991025,129,67
18991026,117,53
18991027,124,19
18991028,165,19
18991029,178,65
18991030,177,66
18991031,200,83
18991101,125,96
18991102,135,41
18991103,184,80
18991104,189,95
18991105,166,76
18991106,154,90
18991107,186,80
18991108,180,90
18991109,145,54
18991110,118,22
18991111,146,60
18991112,125,57
18991113,94,17
18991114,103,38
18991115,114,53
18991116,75,26
18991117,46,32
18991118,66,6
18991119,55,24
18991120,54,24
18991121,62,34
18991122,57,-6
18991123,74,10
18991124,88,-16
18991125,95,3
18991126,83,7
18991127,19,-33
18991128,92,-17
18991129,95,-1
18991130,108,0
18991201,52,-6
18991202,23,-10
18991203,38,-20
18991204,15,-50
18991205,88,-10
18991206,70,24
18991207,21,-14
18991208,-14,-59
18991209,-53,-63
18991210,-58,-73
18991211,-50,-128
18991212,-84,-148
18991213,-73,-132
18991214,-47,-116
18991215,1,-61
18991216,3,-7
18991217,3,-14
18991218,12,-4
18991219,8,-28
18991220,-28,-79
18991221,-75,-95
18991222,-16,-115
18991223,-72,-143
18991224,-117,-165
18991225,-100,-178
18991226,-52,-100
18991227,-30,-55
18991228,-2,-43
18991229,106,-47
18991230,106,48
18991231,114,36
19000101,115,56
19000102,111,51
19000103,144,100
19000104,134,86
19000105,140,75
19000106,91,46
19000107,52,32
19000108,37,10
19000109,20,5
19000110,10,-34
19000111,-5,-40
19000112,-7,-38
19000113,-18,-59
19000114,-41,-69
19000115,-33,-60
19000116,-21,-49
19000117,92,-28
19000118,62,20
19000119,48,5
19000120,52,-5
19000121,24,-17
19000122,26,-26
19000123,62,2
19000124,73,2
19000125,78,36
19000126,81,11
19000127,87,18
19000128,37,11
19000129,54,2
19000130,56,5
19000131,61,2
19000201,85,3
19000202,82,39
19000203,76,43
19000204,67,27
19000205,72,19
19000206,92,51
19000207,104,49
19000208,79,24
19000209,60,33
19000210,49,31
19000211,41,7
19000212,82,22
19000213,153,55
19000214,112,59
19000215,100,7
19000216,36,-4
19000217,101,35
19000218,90,20
19000219,118,23
19000220,141,67
19000221,115,39
19000222,93,22
19000223,101,-16
19000224,129,2
19000225,150,32
19000226,161,34
19000227,157,49
19000228,161,68
19000301,104,-34
19000302,-17,-48
19000303,5,-72
19000304,5,-68
19000305,20,-47
19000306,30,-26
19000307,32,-39
19000308,46,-55
19000309,63,-10
19000310,102,-16
19000311,123,7
19000312,141,26
19000313,139,21
19000314,63,4
19000315,51,-16
19000316,112,2
19000317,137,49
19000318,88,61
19000319,68,31
19000320,114,42
19000321,162,43
19000322,132,57
19000323,94,37
19000324,78,35
19000325,119,51
19000326,103,49
19000327,123,44
19000328,150,66
19000329,89,4
19000330,52,3
19000331,84,23
19000401,87,17
19000402,67,11
19000403,78,-12
19000404,101,-2
19000405,127,38
19000406,95,49
19000407,122,87
19000408,100,70
19000409,137,48
19000410,81,60
19000411,133,60
19000412,161,38
19000413,179,96
19000414,179,83
19000415,210,68
19000416,220,84
19000417,151,63
19000418,129,67
19000419,118,68
19000420,167,82
19000421,202,102
19000422,219,82
19000423,230,110
19000424,131,97
19000425,161,89
19000426,154,19
19000427,108,-2
19000428,151,86
19000429,190,95
19000430,221,96
19000501,218,106
19000502,217,107
19000503,169,136
19000504,195,130
19000505,171,128
19000506,237,118
19000507,244,115
19000508,207,112
19000509,187,99
19000510,198,88
19000511,109,52
19000512,77,45
19000513,156,63
19000514,241,121
19000515,230,140
19000516,172,90
19000517,166,79
19000518,183,104
19000519,214,71
19000520,118,63
19000521,189,41
19000522,222,87
19000523,207,123
19000524,228,111
19000525,242,117
19000526,258,131
19000527,252,132
19000528,231,150
19000529,219,130
19000530,184,138
19000531,183,124
19000601,234,138
19000602,252,141
19000603,248,146
19000604,254,167
19000605,262,150
19000606,272,147
19000607,263,145
19000608,261,164
19000609,251,154
19000610,261,157
19000611,272,147
19000612,270,141
19000613,281,142
19000614,286,158
19000615,246,130
19000616,256,155
19000617,273,171
19000618,296,150
19000619,228,148
19000620,272,150
19000621,242,162
19000622,293,168
19000623,208,157
19000624,220,140
19000625,264,131
19000626,203,112
19000627,239,101
19000628,265,130
19000629,207,145
19000630,254,141
19000701,285,142
19000702,298,180
19000703,317,181
19000704,328,178
19000705,287,210
19000706,235,195
19000707,200,130
19000708,203,110
19000709,201,87
19000710,209,95
19000711,224,115
19000712,208,154
19000713,259,153
19000714,283,188
19000715,298,180
19000716,309,183
19000717,306,183
19000718,304,203
19000719,294,192
19000720,306,190
19000721,313,192
19000722,317,193
19000723,278,179
19000724,267,174
19000725,293,190
19000726,304,169
19000727,325,188
19000728,336,211
19000729,331,202
19000730,330,175
19000731,242,160
19000801,264,128
19000802,294,145
19000803,271,190
19000804,298,165
19000805,183,138
19000806,178,138
19000807,260,106
19000808,282,153
19000809,195,150
19000810,251,128
19000811,187,127
19000812,222,120
19000813,224,162
19000814,222,163
19000815,182,163
19000816,223,162
19000817,226,162
19000818,243,174
19000819,260,161
19000820,262,162
19000821,252,154
19000822,234,167
19000823,284,152
19000824,300,185
19000825,284,203
19000826,294,186
19000827,296,174
19000828,274,155
19000829,192,136
19000830,202,150
19000831,221,122
19000901,232,111
19000902,220,109
19000903,245,131
19000904,214,92
19000905,209,92
19000906,194,101
19000907,234,103
19000908,230,163
19000909,234,165
19000910,232,145
19000911,224,138
19000912,195,117
19000913,206,101
19000914,223,123
19000915,234,121
19000916,233,107
19000917,235,110
19000918,238,125
19000919,252,139
19000920,223,167
19000921,228,152
19000922,223,135
19000923,220,98
19000924,213,95
19000925,236,104
19000926,256,122
19000927,250,161
19000928,252,155
19000929,274,152
19000930,260,142
19001001,268,168
19001002,265,144
19001003,263,162
19001004,196,127
19001005,181,104
19001006,209,88
19001007,236,112
19001008,230,122
19001009,224,103
19001010,208,71
19001011,216,79
19001012,131,95
19001013,160,98
19001014,217,98
19001015,156,54
19001016,127,48
19001017,113,8
19001018,97,60
19001019,108,96
19001020,106,84
19001021,100,78
19001022,129,72
19001023,94,64
19001024,125,40
19001025,110,16
19001026,134,52
19001027,130,84
19001028,121,52
19001029,123,20
19001030,152,43
19001031,155,93
19001101,145,95
19001102,123,92
19001103,114,74
19001104,88,69
19001105,95,63
19001106,97,66
19001107,126,38
19001108,119,87
19001109,118,100
19001110,114,84
19001111,118,76
19001112,78,64
19001113,85,65
19001114,81,72
19001115,112,74
19001116,110,74
19001117,139,42
19001118,133,102
19001119,128,82
19001120,100,68
19001121,116,86
19001122,135,80
19001123,84,36
19001124,98,72
19001125,85,45
19001126,63,40
19001127,50,9
19001128,37,-7
19001129,56,26
19001130,77,46
19001201,82,56
19001202,64,44
19001203,51,9
19001204,36,4
19001205,99,6
19001206,135,70
19001207,94,46
19001208,84,20
19001209,48,-4
19001210,44,-19
19001211,40,1
19001212,18,-6
19001213,-6,-23
19001214,2,-22
19001215,-11,-33
19001216,-18,-36
19001217,-19,-40
19001218,-19,-47
19001219,-20,-54
19001220,-11,-50
19001221,-12,-36
19001222,-8,-40
19001223,-10,-33
19001224,-10,-29
19001225,-1,-21
19001226,-2,-31
19001227,13,-38
19001228,83,13
19001229,73,0
19001230,70,9
19001231,28,-7
19010101,33,-89
19010102,-73,-116
19010103,-52,-134
19010104,-82,-125
19010105,-91,-138
19010106,-84,-113
19010107,-82,-152
19010108,-46,-160
19010109,-112,-169
19010110,-73,-118
19010111,-70,-93
19010112,-36,-76
19010113,-31,-68
19010114,1,-70
19010115,-24,-125
19010116,-2,-64
19010117,-27,-137
19010118,4,-135
19010119,-14,-118
19010120,67,-88
19010121,101,-9
19010122,78,-9
19010123,74,-24
19010124,53,-37
19010125,41,-26
19010126,46,0
19010127,66,-18
19010128,93,30
19010129,42,-1
19010130,16,-13
19010131,1,-53
19010201,-16,-107
19010202,29,-66
19010203,45,11
19010204,42,-14
19010205,57,21
19010206,83,0
19010207,48,-2
19010208,34,-9
19010209,46,-2
19010210,31,-36
19010211,9,-31
19010212,-12,-45
19010213,-12,-68
19010214,-17,-105
19010215,-48,-126
19010216,-45,-128
19010217,-39,-154
19010218,-26,-113
19010219,-44,-67
19010220,-26,-78
19010221,-30,-133
19010222,-23,-109
19010223,-20,-147
19010224,46,-83
19010225,29,-67
19010226,44,-53
19010227,48,-64
19010228,82,-42
19010301,92,18
19010302,102,38
19010303,72,17
19010304,95,31
19010305,117,0
19010306,107,20
19010307,82,23
19010308,104,8
19010309,82,32
19010310,69,31
19010311,94,45
19010312,142,25
19010313,98,51
19010314,133,33
19010315,155,59
19010316,144,78
19010317,153,67
19010318,162,61
19010319,150,81
19010320,142,85
19010321,133,58
19010322,61,11
19010323,62,-5
19010324,37,-14
19010325,47,1
19010326,83,15
19010327,46,2
19010328,32,-5
19010329,34,-6
19010330,86,-28
19010331,121,8
19010401,162,68
19010402,188,70
19010403,218,88
19010404,220,86
19010405,156,93
19010406,140,63
19010407,157,38
19010408,218,88
19010409,244,108
19010410,238,157
19010411,178,61
19010412,172,91
19010413,155,68
19010414,148,53
19010415,162,77
19010416,170,23
19010417,139,28
19010418,108,50
19010419,135,38
19010420,152,56
19010421,163,56
19010422,145,48
19010423,155,43
19010424,130,63
19010425,172,93
19010426,146,63
19010427,214,73
19010428,204,94
19010429,207,82
19010430,175,76
19010501,172,83
19010502,168,86
19010503,194,108
19010504,200,88
19010505,211,108
19010506,230,71
19010507,178,104
19010508,200,102
19010509,219,105
19010510,247,104
19010511,240,142
19010512,212,139
19010513,194,122
19010514,228,118
19010515,200,94
19010516,229,92
19010517,237,116
19010518,211,111
19010519,223,125
19010520,242,113
19010521,210,136
19010522,215,100
19010523,213,93
19010524,255,128
19010525,235,142
19010526,245,161
19010527,256,154
19010528,263,130
19010529,243,161
19010530,272,142
19010531,289,148
19010601,308,165
19010602,295,175
19010603,297,176
19010604,278,153
19010605,271,167
19010606,275,146
19010607,283,151
19010608,284,165
19010609,286,153
19010610,268,176
19010611,258,174
19010612,268,180
19010613,287,154
19010614,236,120
19010615,279,169
19010616,262,119
19010617,202,110
19010618,209,96
19010619,172,121
19010620,228,127
19010621,171,128
19010622,243,127
19010623,253,160
19010624,288,179
19010625,258,179
19010626,254,178
19010627,232,157
19010628,270,134
19010629,279,144
19010630,290,165
19010701,299,188
19010702,287,199
19010703,264,189
19010704,238,159
19010705,248,160
19010706,244,155
19010707,265,159
19010708,272,154
19010709,288,154
19010710,245,171
19010711,224,157
19010712,228,150
19010713,258,159
19010714,312,171
19010715,309,182
19010716,216,174
19010717,263,172
19010718,278,174
19010719,292,161
19010720,303,162
19010721,302,177
19010722,310,187
19010723,300,178
19010724,294,173
19010725,298,161
19010726,312,167
19010727,297,159
19010728,318,153
19010729,308,172
19010730,321,197
19010731,320,201
19010801,332,212
19010802,276,185
19010803,239,182
19010804,257,173
19010805,266,174
19010806,282,158
19010807,203,150
19010808,231,149
19010809,272,153
19010810,284,178
19010811,284,184
19010812,285,151
19010813,295,171
19010814,260,175
19010815,289,181
19010816,230,161
19010817,228,167
19010818,258,181
19010819,292,172
19010820,294,174
19010821,250,168
19010822,242,160
19010823,251,127
19010824,268,131
19010825,269,152
19010826,274,164
19010827,174,116
19010828,217,119
19010829,188,117
19010830,215,94
19010831,237,112
19010901,260,125
19010902,214,154
19010903,178,143
19010904,159,129
19010905,134,116
19010906,162,116
19010907,152,127
19010908,148,124
19010909,193,132
19010910,171,127
19010911,164,135
19010912,153,131
19010913,174,134
19010914,218,142
19010915,209,132
19010916,179,126
19010917,211,95
19010918,224,124
19010919,221,143
19010920,223,126
19010921,221,112
19010922,239,132
19010923,242,159
19010924,234,144
19010925,209,145
19010926,163,140
19010927,206,142
19010928,219,125
19010929,222,114
19010930,218,104
19011001,218,102
19011002,213,100
19011003,223,94
19011004,225,95
19011005,208,140
19011006,214,109
19011007,182,64
19011008,136,53
19011009,135,35
19011010,153,71
19011011,154,63
19011012,152,54
19011013,145,66
19011014,157,79
19011015,148,60
19011016,162,97
19011017,166,122
19011018,161,101
19011019,155,126
19011020,185,130
19011021,182,135
19011022,135,97
19011023,183,104
19011024,128,92
19011025,98,84
19011026,93,78
19011027,103,82
19011028,128,85
19011029,118,88
19011030,127,99
19011031,114,58
19011101,88,13
19011102,90,4
19011103,87,20
19011104,71,8
19011105,45,3
19011106,61,9
19011107,111,-32
19011108,116,4
19011109,108,20
19011110,78,8
19011111,85,-1
19011112,95,-4
19011113,158,72
19011114,170,108
19011115,148,71
19011116,98,68
19011117,68,29
19011118,59,18
19011119,62,-11
19011120,70,1
19011121,118,36
19011122,92,8
19011123,77,2
19011124,8,-13
19011125,1,-19
19011126,-2,-18
19011127,3,-12
19011128,23,-21
19011129,14,-33
19011130,21,-54
19011201,63,-41
19011202,62,-12
19011203,58,-32
19011204,57,12
19011205,31,-2
19011206,18,-23
19011207,12,-44
19011208,51,-39
19011209,113,42
19011210,77,24
19011211,24,-16
19011212,-2,-41
19011213,40,-41
19011214,87,38
19011215,64,28
19011216,50,8
19011217,50,29
19011218,98,18
19011219,98,59
19011220,89,55
19011221,93,19
19011222,71,14
19011223,100,41
19011224,116,58
19011225,112,41
19011226,110,55
19011227,61,42
19011228,52,22
19011229,54,-2
19011230,61,22
19011231,75,11
19020101,29,-16
19020102,88,-10
19020103,108,49
19020104,87,25
19020105,105,6
19020106,79,27
19020107,75,22
19020108,88,13
19020109,62,-7
19020110,58,-26
19020111,94,-31
19020112,83,0
19020113,93,-7
19020114,52,-6
19020115,20,-32
19020116,96,-50
19020117,99,2
19020118,80,-14
19020119,55,13
19020120,44,-34
19020121,37,-44
19020122,82,7
19020123,87,0
19020124,64,-2
19020125,133,54
19020126,100,8
19020127,33,-25
19020128,62,-22
19020129,76,34
19020130,43,13
19020131,26,8
19020201,12,-27
19020202,17,-14
19020203,23,6
19020204,24,-24
19020205,3,-27
19020206,-4,-66
19020207,94,-19
19020208,116,54
19020209,98,37
19020210,136,39
19020211,72,32
19020212,53,23
19020213,45,28
19020214,44,7
19020215,25,-8
19020216,25,-26
19020217,40,18
19020218,39,19
19020219,45,22
19020220,75,33
19020221,50,13
19020222,25,-7
19020223,2,-19
19020224,4,-12
19020225,23,-8
19020226,23,-3
19020227,57,4
19020228,83,33
19020301,186,50
19020302,162,84
19020303,112,67
19020304,76,34
19020305,55,10
19020306,73,-7
19020307,120,-11
19020308,130,33
19020309,90,22
19020310,73,0
19020311,71,-16
19020312,65,-25
19020313,68,-17
19020314,35,-37
19020315,101,-21
19020316,73,31
19020317,101,14
19020318,118,26
19020319,159,41
19020320,182,48
19020321,160,79
19020322,187,91
19020323,173,71
19020324,72,52
19020325,127,37
19020326,144,34
19020327,120,29
19020328,161,40
19020329,85,55
19020330,126,41
19020331,108,7
19020401,152,28
19020402,166,74
19020403,191,109
19020404,199,102
19020405,161,78
19020406,178,90
19020407,120,13
19020408,121,21
19020409,140,20
19020410,173,45
19020411,149,88
19020412,210,92
19020413,200,99
19020414,220,120
19020415,222,113
19020416,128,90
19020417,188,80
19020418,197,92
19020419,195,64
19020420,208,86
19020421,231,87
19020422,166,105
19020423,187,58
19020424,176,55
19020425,207,58
19020426,208,103
19020427,139,53
19020428,82,22
19020429,56,14
19020430,126,26
19020501,150,23
19020502,75,44
19020503,183,14
19020504,180,101
19020505,135,78
19020506,168,73
19020507,141,59
19020508,99,69
19020509,121,62
19020510,92,40
19020511,164,61
19020512,167,74
19020513,181,78
19020514,146,97
19020515,130,59
19020516,183,62
19020517,179,95
19020518,179,60
19020519,153,59
19020520,105,71
19020521,177,70
19020522,171,90
19020523,158,68
19020524,189,104
19020525,163,103
19020526,204,111
19020527,204,91
19020528,238,109
19020529,259,124
19020530,274,124
19020531,272,117
19020601,284,156
19020602,293,156
19020603,245,172
19020604,282,161
19020605,288,149
19020606,193,150
19020607,236,131
19020608,222,100
19020609,155,96
19020610,195,121
19020611,175,147
19020612,208,144
19020613,236,142
19020614,212,108
19020615,225,89
19020616,228,115
19020617,196,100
19020618,202,119
19020619,203,114
19020620,238,102
19020621,209,128
19020622,229,148
19020623,264,137
19020624,259,147
19020625,206,144
19020626,198,140
19020627,220,138
19020628,255,125
19020629,285,135
19020630,302,158
19020701,319,178
19020702,312,174
19020703,202,128
19020704,214,119
19020705,251,127
19020706,242,171
19020707,268,158
19020708,314,167
19020709,326,181
19020710,292,194
19020711,234,120
19020712,232,93
19020713,220,135
19020714,254,120
19020715,287,141
19020716,288,188
19020717,292,177
19020718,270,188
19020719,295,158
19020720,195,150
19020721,268,163
19020722,250,145
19020723,238,124
19020724,274,145
19020725,201,147
19020726,258,131
19020727,305,160
19020728,237,160
19020729,233,155
19020730,252,125
19020731,280,128
19020801,292,168
19020802,302,178
19020803,272,168
19020804,244,169
19020805,287,137
19020806,287,178
19020807,308,173
19020808,286,182
19020809,265,156
19020810,238,149
19020811,201,133
19020812,175,123
19020813,185,114
19020814,207,91
19020815,238,105
19020816,247,127
19020817,262,142
19020818,260,165
19020819,289,172
19020820,304,176
19020821,222,161
19020822,221,161
19020823,212,121
19020824,235,112
19020825,263,134
19020826,283,165
19020827,286,152
19020828,289,182
19020829,273,175
19020830,291,190
19020831,287,181
19020901,287,161
19020902,274,187
19020903,266,158
19020904,276,170
19020905,293,180
19020906,299,171
19020907,251,182
19020908,220,155
19020909,232,124
19020910,240,123
19020911,276,149
19020912,273,165
19020913,244,120
19020914,171,114
19020915,128,112
19020916,181,122
19020917,230,103
19020918,152,122
19020919,186,124
19020920,181,92
19020921,186,65
19020922,180,106
19020923,156,75
19020924,165,55
19020925,169,52
19020926,187,51
19020927,185,57
19020928,188,50
19020929,138,106
19020930,139,118
19021001,183,102
19021002,195,123
19021003,147,82
19021004,104,68
19021005,102,82
19021006,122,80
19021007,165,86
19021008,184,105
19021009,175,86
19021010,226,134
19021011,194,138
19021012,185,146
19021013,191,116
19021014,165,93
19021015,188,115
19021016,184,96
19021017,192,84
19021018,94,58
19021019,144,34
19021020,150,48
19021021,165,55
19021022,135,65
19021023,120,57
19021024,105,64
19021025,100,64
19021026,112,82
19021027,107,71
19021028,85,66
19021029,105,78
19021030,118,84
19021031,134,76
19021101,102,82
19021102,122,81
19021103,118,48
19021104,118,57
19021105,75,40
19021106,88,62
19021107,108,70
19021108,108,66
19021109,111,68
19021110,90,67
19021111,83,67
19021112,104,68
19021113,116,45
19021114,81,17
19021115,77,1
19021116,40,-31
19021117,31,-23
19021118,-22,-49
19021119,-28,-53
19021120,-26,-48
19021121,5,-31
19021122,25,-58
19021123,12,-54
19021124,-1,-68
19021125,-6,-67
19021126,-1,-17
19021127,9,-18
19021128,17,-29
19021129,-5,-30
19021130,9,-27
19021201,13,-19
19021202,13,1
19021203,28,-20
19021204,4,-35
19021205,-14,-50
19021206,-44,-72
19021207,-58,-93
19021208,-39,-74
19021209,-30,-74
19021210,-16,-44
19021211,-22,-74
19021212,-62,-98
19021213,-62,-74
19021214,-69,-83
19021215,-86,-106
19021216,-57,-100
19021217,-14,-87
19021218,86,-14
19021219,68,14
19021220,42,1
19021221,59,11
19021222,40,-16
19021223,14,-22
19021224,-12,-56
19021225,-1,-83
19021226,78,-58
19021227,101,30
19021228,91,12
19021229,94,56
19021230,115,59
19021231,115,48
19030101,41,6
19030102,44,-8
19030103,70,-20
19030104,92,33
19030105,106,24
19030106,121,59
19030107,135,69
19030108,142,61
19030109,132,79
19030110,142,81
19030111,172,101
19030112,129,31
19030113,31,-16
19030114,-16,-47
19030115,-17,-60
19030116,-13,-48
19030117,-24,-79
19030118,-34,-110
19030119,-64,-151
19030120,-61,-163
19030121,-70,-166
19030122,-117,-159
19030123,-102,-138
19030124,-90,-150
19030125,-36,-131
19030126,-5,-117
19030127,23,-85
19030128,66,-48
19030129,65,-24
19030130,62,-46
19030131,91,-2
19030201,74,9
19030202,92,34
19030203,55,5
19030204,37,-4
19030205,72,9
19030206,34,-26
19030207,61,10
19030208,94,-26
19030209,116,38
19030210,91,31
19030211,84,-22
19030212,138,-3
19030213,82,25
19030214,71,5
19030215,107,22
19030216,27,-21
19030217,18,-39
19030218,38,-70
19030219,72,5
19030220,107,-17
19030221,138,30
19030222,152,39
19030223,197,33
19030224,124,41
19030225,76,-9
19030226,144,9
19030227,142,50
19030228,136,57
19030301,102,60
19030302,98,45
19030303,107,22
19030304,122,38
19030305,112,13
19030306,129,0
19030307,91,44
19030308,48,18
19030309,42,22
19030310,63,28
19030311,78,23
19030312,98,-10
19030313,112,8
19030314,110,8
19030315,137,16
19030316,127,54
19030317,98,71
19030318,137,49
19030319,126,44
19030320,137,27
19030321,158,39
19030322,187,34
19030323,205,44
19030324,216,74
19030325,205,96
19030326,206,65
19030327,235,98
19030328,202,112
19030329,206,90
19030330,184,97
19030331,113,54
19030401,138,55
19030402,141,28
19030403,145,50
19030404,137,43
19030405,118,30
19030406,119,53
19030407,132,18
19030408,139,23
19030409,69,45
19030410,67,47
19030411,72,36
19030412,96,58
19030413,88,56
19030414,56,19
19030415,107,8
19030416,134,27
19030417,81,26
19030418,92,6
19030419,93,-5
19030420,114,10
19030421,132,15
19030422,169,16
19030423,170,51
19030424,172,78
19030425,162,77
19030426,175,64
19030427,192,94
19030428,212,83
19030429,208,98
19030430,187,119
19030501,222,113
19030502,218,128
19030503,254,133
19030504,225,120
19030505,188,118
19030506,226,108
19030507,251,138
19030508,258,150
19030509,217,129
19030510,210,111
19030511,208,98
19030512,186,119
19030513,176,125
19030514,175,115
19030515,215,104
19030516,199,109
19030517,202,87
19030518,146,73
19030519,164,44
19030520,190,103
19030521,225,98
19030522,225,118
19030523,216,134
19030524,218,113
19030525,227,110
19030526,191,127
19030527,216,104
19030528,253,114
19030529,213,148
19030530,210,126
19030531,234,127
19030601,228,124
19030602,258,155
19030603,268,155
19030604,201,138
19030605,188,116
19030606,221,100
19030607,198,118
19030608,188,101
19030609,237,140
19030610,237,141
19030611,208,149
19030612,214,158
19030613,206,137
19030614,209,124
19030615,227,138
19030616,225,125
19030617,237,143
19030618,248,126
19030619,256,133
19030620,245,154
19030621,248,164
19030622,190,161
19030623,214,155
19030624,247,123
19030625,236,125
19030626,220,136
19030627,267,150
19030628,263,146
19030629,271,142
19030630,263,147
19030701,253,178
19030702,266,153
19030703,278,144
19030704,297,153
19030705,287,171
19030706,289,171
19030707,195,130
19030708,148,116
19030709,133,113
19030710,176,120
19030711,240,148
19030712,286,163
19030713,277,152
19030714,238,168
19030715,280,179
19030716,298,182
19030717,308,186
19030718,327,186
19030719,331,190
19030720,335,200
19030721,257,147
19030722,238,142
19030723,258,132
19030724,221,159
19030725,236,145
19030726,253,145
19030727,259,154
19030728,256,163
19030729,285,150
19030730,277,175
19030731,220,106
19030801,231,93
19030802,257,130
19030803,273,145
19030804,255,165
19030805,259,128
19030806,263,158
19030807,241,180
19030808,260,183
19030809,285,155
19030810,313,175
19030811,246,183
19030812,287,163
19030813,310,187
19030814,268,168
19030815,318,167
19030816,252,172
19030817,230,153
19030818,247,125
19030819,281,139
19030820,215,123
19030821,249,106
19030822,277,148
19030823,295,145
19030824,292,179
19030825,293,167
19030826,242,167
19030827,243,163
19030828,251,133
19030829,286,126
19030830,226,141
19030831,237,100
19030901,284,114
19030902,286,149
19030903,272,154
19030904,260,141
19030905,276,139
19030906,275,154
19030907,292,152
19030908,302,161
19030909,279,149
19030910,248,125
19030911,237,121
19030912,188,110
19030913,195,108
19030914,237,140
19030915,151,120
19030916,191,115
19030917,166,115
19030918,142,100
19030919,150,104
19030920,171,116
19030921,190,100
19030922,182,96
19030923,190,84
19030924,196,79
19030925,195,75
19030926,197,73
19030927,206,77
19030928,209,103
19030929,218,101
19030930,227,114
19031001,205,122
19031002,224,90
19031003,201,148
19031004,243,143
19031005,247,135
19031006,237,136
19031007,251,144
19031008,231,128
19031009,237,142
19031010,173,94
19031011,152,71
19031012,149,59
19031013,159,115
19031014,166,67
19031015,185,65
19031016,209,123
19031017,158,66
19031018,105,66
19031019,109,61
19031020,103,51
19031021,102,39
19031022,170,34
19031023,136,105
19031024,119,86
19031025,137,51
19031026,140,34
19031027,147,50
19031028,108,60
19031029,134,54
19031030,100,62
19031031,100,85
19031101,116,93
19031102,120,103
19031103,146,100
19031104,113,88
19031105,118,92
19031106,110,54
19031107,108,34
19031108,105,47
19031109,47,-6
19031110,37,17
19031111,44,12
19031112,76,-20
19031113,68,6
19031114,102,40
19031115,97,44
19031116,93,69
19031117,114,69
19031118,126,79
19031119,86,75
19031120,82,56
19031121,106,44
19031122,107,35
19031123,114,18
19031124,126,16
19031125,108,71
19031126,85,41
19031127,73,20
19031128,78,3
19031129,102,44
19031130,102,57
19031201,72,51
19031202,92,38
19031203,47,7
19031204,17,6
19031205,36,11
19031206,93,28
19031207,96,39
19031208,39,27
19031209,51,24
19031210,60,34
19031211,66,22
19031212,86,49
19031213,49,28
19031214,47,34
19031215,41,11
19031216,33,2
19031217,58,17
19031218,49,34
19031219,48,37
19031220,40,35
19031221,38,25
19031222,26,16
19031223,40,17
19031224,37,18
19031225,23,-5
19031226,13,-5
19031227,13,-1
19031228,8,-59
19031229,-44,-65
19031230,-40,-62
19031231,-26,-54
19040101,-13,-44
19040102,-17,-73
19040103,-7,-31
19040104,-2,-16
19040105,-15,-30
19040106,-14,-34
19040107,-4,-29
19040108,4,-15
19040109,13,-7
19040110,2,-18
19040111,-18,-33
19040112,-18,-41
19040113,70,-35
19040114,116,55
19040115,104,9
19040116,35,14
19040117,34,5
19040118,26,4
19040119,22,-3
19040120,39,7
19040121,40,13
19040122,16,7
19040123,25,4
19040124,19,-22
19040125,-10,-25
19040126,-21,-32
19040127,-20,-32
19040128,-27,-47
19040129,-37,-53
19040130,-20,-46
19040131,0,-32
19040201,6,-8
19040202,25,-12
19040203,92,6
19040204,120,49
19040205,108,48
19040206,136,58
19040207,79,48
19040208,92,33
19040209,104,32
19040210,80,25
19040211,154,16
19040212,125,41
19040213,117,18
19040214,103,59
19040215,106,25
19040216,78,28
19040217,90,12
19040218,150,47
19040219,67,29
19040220,72,10
19040221,99,4
19040222,118,28
19040223,102,38
19040224,43,-1
19040225,11,-12
19040226,24,-13
19040227,6,-16
19040228,16,-12
19040229,25,-13
19040301,36,3
19040302,43,20
19040303,76,29
19040304,60,34
19040305,48,17
19040306,42,15
19040307,61,23
19040308,118,44
19040309,160,65
19040310,165,81
19040311,146,69
19040312,106,60
19040313,64,37
19040314,96,40
19040315,151,8
19040316,158,33
19040317,105,49
19040318,108,66
19040319,146,60
19040320,133,66
19040321,125,17
19040322,78,19
19040323,117,54
19040324,119,43
19040325,137,68
19040326,165,62
19040327,140,94
19040328,133,90
19040329,142,43
19040330,120,66
19040331,82,26
19040401,89,28
19040402,75,20
19040403,126,29
19040404,146,40
19040405,132,57
19040406,155,48
19040407,176,94
19040408,122,60
19040409,146,60
19040410,184,54
19040411,176,82
19040412,185,99
19040413,196,95
19040414,214,111
19040415,216,129
19040416,253,119
19040417,256,132
19040418,248,99
19040419,155,65
19040420,116,72
19040421,188,86
19040422,190,122
19040423,229,102
19040424,219,133
19040425,222,135
19040426,221,110
19040427,112,80
19040428,107,73
19040429,185,73
19040430,200,86
19040501,208,112
19040502,232,106
19040503,242,124
19040504,194,76
19040505,124,43
19040506,165,55
19040507,198,60
19040508,199,104
19040509,198,108
19040510,186,96
19040511,171,91
19040512,160,82
19040513,179,75
19040514,187,91
19040515,217,65
19040516,256,105
19040517,262,124
19040518,303,162
19040519,268,161
19040520,205,148
19040521,231,144
19040522,255,136
19040523,253,152
19040524,197,129
19040525,214,98
19040526,232,111
19040527,251,126
19040528,248,165
19040529,275,161
19040530,210,163
19040531,233,131
19040601,247,122
19040602,187,140
19040603,231,142
19040604,247,119
19040605,263,146
19040606,265,131
19040607,264,171
19040608,251,154
19040609,242,173
19040610,243,162
19040611,206,164
19040612,255,154
19040613,198,154
19040614,260,170
19040615,267,161
19040616,281,163
19040617,294,177
19040618,306,173
19040619,236,136
19040620,246,133
19040621,264,142
19040622,241,150
19040623,270,143
19040624,274,162
19040625,284,155
19040626,279,172
19040627,183,153
19040628,211,143
19040629,246,139
19040630,268,141
19040701,285,156
19040702,291,160
19040703,293,170
19040704,285,161
19040705,272,154
19040706,222,180
19040707,276,174
19040708,300,172
19040709,313,169
19040710,308,202
19040711,291,180
19040712,297,201
19040713,275,199
19040714,294,188
19040715,318,157
19040716,321,181
19040717,336,163
19040718,343,184
19040719,286,207
19040720,299,150
19040721,328,178
19040722,317,175
19040723,283,182
19040724,318,181
19040725,313,178
19040726,333,193
19040727,296,184
19040728,264,173
19040729,244,174
19040730,274,174
19040731,304,157
19040801,318,168
19040802,318,176
19040803,291,174
19040804,308,160
19040805,318,168
19040806,327,165
19040807,341,169
19040808,326,212
19040809,261,194
19040810,251,178
19040811,247,178
19040812,260,172
19040813,257,184
19040814,276,147
19040815,318,151
19040816,290,173
19040817,297,180
19040818,332,175
19040819,216,157
19040820,258,136
19040821,285,167
19040822,254,167
19040823,188,115
19040824,219,105
19040825,173,124
19040826,157,116
19040827,224,124
19040828,227,153
19040829,214,139
19040830,231,117
19040831,251,134
19040901,224,166
19040902,217,155
19040903,161,132
19040904,218,129
19040905,217,149
19040906,214,127
19040907,239,150
19040908,242,130
19040909,243,144
19040910,259,160
19040911,247,161
19040912,235,160
19040913,249,131
19040914,254,167
19040915,196,126
19040916,176,117
19040917,126,92
19040918,116,76
19040919,75,61
19040920,101,61
19040921,117,77
19040922,130,94
19040923,118,69
19040924,146,108
19040925,157,128
19040926,186,104
19040927,161,122
19040928,201,118
19040929,207,115
19040930,160,110
19041001,165,117
19041002,184,103
19041003,143,99
19041004,147,134
19041005,177,125
19041006,188,87
19041007,223,140
19041008,186,91
19041009,92,63
19041010,119,77
19041011,167,113
19041012,146,96
19041013,134,96
19041014,137,87
19041015,143,85
19041016,149,57
19041017,155,98
19041018,167,70
19041019,197,96
19041020,156,107
19041021,167,89
19041022,164,77
19041023,156,73
19041024,137,108
19041025,170,98
19041026,150,98
19041027,132,78
19041028,97,78
19041029,138,94
19041030,146,77
19041031,100,72
19041101,112,76
19041102,92,65
19041103,86,43
19041104,126,11
19041105,155,62
19041106,144,46
19041107,128,57
19041108,127,79
19041109,116,39
19041110,175,95
19041111,98,44
19041112,111,26
19041113,131,36
19041114,34,-10
19041115,14,-30
19041116,-4,-52
19041117,15,-75
19041118,33,-52
19041119,61,6
19041120,69,-3
19041121,49,-1
19041122,81,35
19041123,146,72
19041124,159,65
19041125,65,1
19041126,14,-5
19041127,28,-25
19041128,4,-32
19041129,8,-50
19041130,-14,-73
19041201,65,-32
19041202,47,7
19041203,49,-4
19041204,37,9
19041205,11,-11
19041206,34,-4
19041207,112,19
19041208,157,39
19041209,82,16
19041210,61,12
19041211,68,48
19041212,67,43
19041213,83,28
19041214,76,46
19041215,88,47
19041216,76,33
19041217,72,5
19041218,74,48
19041219,80,47
19041220,71,29
19041221,56,0
19041222,39,-29
19041223,64,-26
19041224,72,21
19041225,48,-2
19041226,51,-8
19041227,1,-46
19041228,-24,-69
19041229,-11,-92
19041230,70,-34
19041231,93,-37
19050101,-31,-116
19050102,-105,-133
19050103,-67,-117
19050104,-64,-135
19050105,-2,-66
19050106,45,-22
19050107,89,0
19050108,60,5
19050109,61,-37
19050110,60,-21
19050111,36,-12
19050112,83,-32
19050113,72,6
19050114,44,-63
19050115,-62,-98
19050116,-53,-121
19050117,-51,-112
19050118,-30,-64
19050119,-17,-34
19050120,0,-21
19050121,-7,-31
19050122,-37,-98
19050123,-54,-146
19050124,-54,-179
19050125,-26,-125
19050126,15,-85
19050127,14,-49
19050128,7,-54
19050129,12,-65
19050130,-5,-94
19050131,68,-83
19050201,57,-42
19050202,76,-56
19050203,55,-6
19050204,50,-44
19050205,69,1
19050206,49,0
19050207,26,-26
19050208,30,-18
19050209,43,13
19050210,33,-26
19050211,24,-66
19050212,18,-75
19050213,-13,-116
19050214,-10,-67
19050215,-16,-92
19050216,47,-18
19050217,32,-50
19050218,22,-36
19050219,49,-35
19050220,48,13
19050221,24,8
19050222,55,12
19050223,47,12
19050224,84,3
19050225,56,8
19050226,35,7
19050227,72,2
19050228,77,22
19050301,81,35
19050302,79,45
19050303,60,37
19050304,67,35
19050305,67,35
19050306,62,26
19050307,87,29
19050308,102,3
19050309,118,38
19050310,118,29
19050311,137,16
19050312,144,64
19050313,158,65
19050314,153,48
19050315,137,75
19050316,157,38
19050317,106,66
19050318,144,46
19050319,139,44
19050320,136,64
19050321,133,31
19050322,128,52
19050323,78,35
19050324,86,42
19050325,107,41
19050326,132,15
19050327,160,67
19050328,154,66
19050329,155,62
19050330,178,52
19050331,223,58
19050401,144,85
19050402,158,46
19050403,160,76
19050404,131,46
19050405,159,40
19050406,131,32
19050407,97,5
19050408,125,7
19050409,88,-7
19050410,152,22
19050411,147,77
19050412,199,109
19050413,195,124
19050414,169,83
19050415,184,95
19050416,185,83
19050417,78,56
19050418,82,63
19050419,158,65
19050420,188,77
19050421,174,94
19050422,110,68
19050423,124,53
19050424,145,39
19050425,169,45
19050426,170,70
19050427,168,98
19050428,187,68
19050429,225,94
19050430,225,123
19050501,235,114
19050502,247,115
19050503,265,125
19050504,215,123
19050505,217,148
19050506,242,130
19050507,208,144
19050508,195,122
19050509,202,100
19050510,146,86
19050511,195,112
19050512,158,111
19050513,215,110
19050514,204,101
19050515,211,119
19050516,156,136
19050517,211,131
19050518,197,104
19050519,190,120
19050520,211,112
19050521,214,120
19050522,217,108
19050523,153,86
19050524,161,83
19050525,116,87
19050526,163,99
19050527,193,82
19050528,213,92
19050529,234,122
19050530,225,135
19050531,242,131
19050601,260,115
19050602,265,138
19050603,270,152
19050604,274,165
19050605,276,164
19050606,287,152
19050607,254,163
19050608,264,153
19050609,176,145
19050610,218,136
19050611,199,136
19050612,222,119
19050613,176,112
19050614,213,123
19050615,251,127
19050616,272,162
19050617,272,151
19050618,253,160
19050619,246,153
19050620,256,174
19050621,256,169
19050622,264,162
19050623,214,142
19050624,189,137
19050625,223,144
19050626,205,157
19050627,276,142
19050628,271,154
19050629,289,171
19050630,305,179
19050701,323,202
19050702,344,211
19050703,345,230
19050704,321,215
19050705,328,215
19050706,343,179
19050707,231,181
19050708,267,189
19050709,287,168
19050710,296,165
19050711,296,186
19050712,294,195
19050713,301,182
19050714,253,165
19050715,254,148
19050716,280,156
19050717,301,155
19050718,314,187
19050719,233,148
19050720,247,126
19050721,275,134
19050722,284,155
19050723,307,163
19050724,280,175
19050725,258,175
19050726,271,173
19050727,284,170
19050728,301,169
19050729,311,177
19050730,298,190
19050731,321,184
19050801,336,200
19050802,335,180
19050803,319,192
19050804,337,193
19050805,350,209
19050806,313,158
19050807,264,154
19050808,251,151
19050809,282,157
19050810,288,155
19050811,322,169
19050812,232,143
19050813,233,140
19050814,236,130
19050815,255,129
19050816,268,126
19050817,279,152
19050818,262,181
19050819,286,169
19050820,294,162
19050821,292,174
19050822,289,192
19050823,309,175
19050824,252,171
19050825,283,181
19050826,318,180
19050827,296,172
19050828,248,171
19050829,221,118
19050830,227,109
19050831,247,138
19050901,224,142
19050902,232,143
19050903,244,141
19050904,263,169
19050905,245,164
19050906,262,158
19050907,291,148
19050908,294,151
19050909,271,153
19050910,280,160
19050911,288,168
19050912,301,170
19050913,287,152
19050914,264,165
19050915,276,157
19050916,265,153
19050917,214,139
19050918,193,117
19050919,181,76
19050920,198,104
19050921,164,121
19050922,136,102
19050923,171,102
19050924,208,96
19050925,175,155
19050926,215,156
19050927,223,149
19050928,217,144
19050929,220,113
19050930,207,148
19051001,214,122
19051002,129,81
19051003,147,60
19051004,145,72
19051005,147,66
19051006,120,92
19051007,152,68
19051008,134,41
19051009,134,64
19051010,103,48
19051011,82,43
19051012,81,59
19051013,125,59
19051014,102,24
19051015,107,4
19051016,156,82
19051017,119,38
19051018,104,13
19051019,94,25
19051020,93,10
19051021,75,38
19051022,73,23
19051023,57,24
19051024,74,10
19051025,17,7
19051026,23,6
19051027,58,-17
19051028,58,-37
19051029,66,-33
19051030,125,21
19051031,119,38
19051101,113,55
19051102,126,52
19051103,142,73
19051104,134,63
19051105,153,67
19051106,146,91
19051107,108,79
19051108,130,59
19051109,113,52
19051110,123,43
19051111,99,29
19051112,97,53
19051113,86,50
19051114,78,32
19051115,121,39
19051116,92,65
19051117,68,11
19051118,46,30
19051119,64,29
19051120,159,35
19051121,115,75
19051122,93,71
19051123,63,33
19051124,58,11
19051125,36,13
19051126,55,13
19051127,104,-2
19051128,98,60
19051129,63,54
19051130,75,54
19051201,82,57
19051202,88,44
19051203,47,35
19051204,44,23
19051205,50,23
19051206,56,33
19051207,64,22
19051208,58,24
19051209,34,25
19051210,68,25
19051211,59,24
19051212,35,-8
19051213,33,-39
19051214,43,-20
19051215,69,9
19051216,57,-11
19051217,34,-17
19051218,24,-20
19051219,12,-27
19051220,19,-20
19051221,13,-38
19051222,34,-16
19051223,49,1
19051224,77,14
19051225,65,31
19051226,99,-14
19051227,86,10
19051228,88,26
19051229,94,46
19051230,114,19
19051231,19,-41
19060101,-18,-51
19060102,-25,-76
19060103,-10,-69
19060104,2,-80
19060105,44,-28
19060106,92,8
19060107,84,8
19060108,54,-23
19060109,69,-13
19060110,33,-26
19060111,65,-3
19060112,55,-1
19060113,91,2
19060114,104,40
19060115,40,-31
19060116,14,-42
19060117,-8,-37
19060118,25,-33
19060119,86,-30
19060120,52,23
19060121,23,-7
19060122,13,-16
19060123,-6,-30
19060124,-20,-64
19060125,-19,-71
19060126,-20,-93
19060127,28,-40
19060128,43,-42
19060129,49,-50
19060130,48,-52
19060131,51,-39
19060201,28,-21
19060202,22,-57
19060203,28,-29
19060204,11,-20
19060205,17,-15
19060206,25,-1
19060207,37,1
19060208,50,-8
19060209,16,-52
19060210,31,-32
19060211,11,-39
19060212,28,-15
19060213,54,-6
19060214,34,14
19060215,41,4
19060216,40,13
19060217,55,3
19060218,50,-18
19060219,52,-19
19060220,69,13
19060221,50,13
19060222,41,13
19060223,33,1
19060224,33,-12
19060225,66,13
19060226,108,-7
19060227,138,57
19060228,171,46
19060301,83,22
19060302,129,55
19060303,100,18
19060304,75,0
19060305,147,2
19060306,164,34
19060307,173,49
19060308,173,39
19060309,139,74
19060310,121,42
19060311,124,30
19060312,143,38
19060313,69,16
19060314,104,-6
19060315,79,13
19060316,156,5
19060317,192,96
19060318,220,56
19060319,165,82
19060320,74,23
19060321,84,12
19060322,41,23
19060323,82,23
19060324,119,10
19060325,105,23
19060326,103,13
19060327,144,52
19060328,84,14
19060329,75,11
19060330,65,10
19060331,64,9
19060401,114,7
19060402,106,27
19060403,76,4
19060404,104,18
19060405,125,6
19060406,161,6
19060407,183,62
19060408,170,83
19060409,205,123
19060410,202,100
19060411,219,81
19060412,233,96
19060413,252,100
19060414,246,124
19060415,232,102
19060416,212,96
19060417,213,93
19060418,233,122
19060419,170,119
19060420,202,111
19060421,181,92
19060422,203,85
19060423,190,101
19060424,113,86
19060425,112,64
19060426,154,51
19060427,147,51
19060428,145,63
19060429,184,52
19060430,185,82
19060501,193,83
19060502,173,72
19060503,184,68
19060504,199,73
19060505,207,87
19060506,202,101
19060507,185,133
19060508,205,122
19060509,235,110
19060510,240,116
19060511,249,114
19060512,241,127
19060513,248,133
19060514,245,152
19060515,246,137
19060516,232,131
19060517,194,140
19060518,193,124
19060519,189,100
19060520,182,91
19060521,170,81
19060522,213,92
19060523,214,102
19060524,240,118
19060525,265,125
19060526,262,167
19060527,247,137
19060528,244,157
19060529,283,156
19060530,276,160
19060531,220,153
19060601,273,151
19060602,182,88
19060603,190,82
19060604,221,90
19060605,192,121
19060606,174,114
19060607,142,102
19060608,203,107
19060609,216,113
19060610,193,130
19060611,213,131
19060612,220,113
19060613,202,124
19060614,233,138
19060615,193,131
19060616,196,143
19060617,274,153
19060618,291,183
19060619,266,192
19060620,269,194
19060621,260,189
19060622,246,170
19060623,254,153
19060624,281,170
19060625,261,181
19060626,280,179
19060627,303,181
19060628,317,192
19060629,323,190
19060630,213,132
19060701,191,121
19060702,221,146
19060703,256,140
19060704,264,157
19060705,263,165
19060706,210,160
19060707,270,169
19060708,254,185
19060709,267,164
19060710,212,166
19060711,223,164
19060712,272,189
19060713,260,144
19060714,182,130
19060715,198,133
19060716,261,154
19060717,269,186
19060718,298,182
19060719,317,181
19060720,305,171
19060721,230,179
19060722,251,179
19060723,288,166
19060724,290,191
19060725,293,183
19060726,292,196
19060727,294,180
19060728,259,186
19060729,278,188
19060730,276,171
19060731,287,185
19060801,313,187
19060802,311,205
19060803,324,193
19060804,316,194
19060805,278,174
19060806,281,177
19060807,252,143
19060808,247,165
19060809,291,169
19060810,255,167
19060811,266,152
19060812,260,162
19060813,271,152
19060814,282,171
19060815,309,165
19060816,299,184
19060817,241,170
19060818,204,150
19060819,164,132
19060820,207,133
19060821,210,120
19060822,253,152
19060823,271,159
19060824,291,153
19060825,300,172
19060826,229,177
19060827,260,153
19060828,200,117
19060829,209,92
19060830,223,101
19060831,240,115
19060901,261,132
19060902,265,148
19060903,283,154
19060904,292,159
19060905,302,144
19060906,305,156
19060907,279,181
19060908,279,168
19060909,294,166
19060910,239,158
19060911,169,130
19060912,138,110
19060913,199,94
19060914,195,78
19060915,181,122
19060916,192,114
19060917,129,96
19060918,160,106
19060919,178,117
19060920,160,112
19060921,191,84
19060922,190,82
19060923,199,113
19060924,176,90
19060925,125,49
19060926,115,30
19060927,94,49
19060928,150,49
19060929,161,33
19060930,162,74
19061001,139,99
19061002,181,101
19061003,191,81
19061004,227,145
19061005,192,105
19061006,195,132
19061007,203,135
19061008,211,126
19061009,199,110
19061010,136,66
19061011,138,37
19061012,155,41
19061013,165,28
19061014,194,45
19061015,168,115
19061016,157,99
19061017,172,68
19061018,158,105
19061019,159,102
19061020,145,93
19061021,132,77
19061022,123,92
19061023,123,91
19061024,142,84
19061025,125,82
19061026,82,48
19061027,76,44
19061028,80,54
19061029,77,53
19061030,81,50
19061031,93,72
19061101,155,90
19061102,161,89
19061103,146,87
19061104,150,101
19061105,172,96
19061106,186,112
19061107,167,109
19061108,189,106
19061109,134,79
19061110,141,82
19061111,82,19
19061112,81,-8
19061113,56,11
19061114,90,17
19061115,68,7
19061116,100,-19
19061117,134,69
19061118,166,110
19061119,204,106
19061120,133,65
19061121,93,35
19061122,96,11
19061123,106,65
19061124,113,66
19061125,155,32
19061126,145,44
19061127,118,31
19061128,127,64
19061129,126,13
19061130,102,7
19061201,103,34
19061202,76,39
19061203,79,20
19061204,75,19
19061205,60,9
19061206,47,6
19061207,44,11
19061208,24,-6
19061209,29,2
19061210,30,6
19061211,25,-26
19061212,18,-33
19061213,47,4
19061214,5,-28
19061215,-8,-37
19061216,-14,-57
19061217,11,-37
19061218,12,-8
19061219,1,-17
19061220,-11,-32
19061221,-4,-37
19061222,-3,-33
19061223,-9,-36
19061224,-26,-45
19061225,-21,-41
19061226,-12,-54
19061227,12,-64
19061228,3,-20
19061229,-12,-27
19061230,-27,-105
19061231,-89,-183
19070101,40,-122
19070102,86,37
19070103,110,60
19070104,97,11
19070105,25,-29
19070106,14,-29
19070107,19,-31
19070108,34,-20
19070109,-16,-35
19070110,14,-24
19070111,43,4
19070112,49,8
19070113,60,-23
19070114,34,-23
19070115,65,-9
19070116,72,4
19070117,65,5
19070118,77,-12
19070119,25,-23
19070120,0,-56
19070121,-26,-109
19070122,-109,-158
19070123,-110,-158
19070124,-84,-112
19070125,-40,-88
19070126,30,-57
19070127,1,-83
19070128,-24,-115
19070129,33,-78
19070130,37,8
19070131,8,-15
19070201,5,-57
19070202,6,-28
19070203,5,-20
19070204,5,-15
19070205,35,-1
19070206,16,-13
19070207,2,-17
19070208,-17,-30
19070209,-17,-43
19070210,-11,-26
19070211,-18,-43
19070212,-28,-55
19070213,-18,-53
19070214,-9,-30
19070215,15,-31
19070216,20,-49
19070217,-2,-83
19070218,95,-56
19070219,74,-42
19070220,75,-6
19070221,84,1
19070222,57,-20
19070223,50,-44
19070224,48,-21
19070225,38,-35
19070226,50,-6
19070227,77,-15
19070228,92,-23
19070301,63,11
19070302,53,9
19070303,62,-18
19070304,42,7
19070305,33,-5
19070306,58,-28
19070307,91,-14
19070308,78,1
19070309,86,4
19070310,56,-22
19070311,85,-11
19070312,27,-23
19070313,34,-20
19070314,58,-38
19070315,62,-3
19070316,96,-5
19070317,135,25
19070318,149,59
19070319,157,60
19070320,173,56
19070321,111,40
19070322,121,15
19070323,108,43
19070324,63,4
19070325,89,6
19070326,109,22
19070327,82,4
19070328,114,25
19070329,122,61
19070330,97,29
19070331,127,14
19070401,137,11
19070402,67,43
19070403,104,17
19070404,86,65
19070405,131,71
19070406,125,76
19070407,156,69
19070408,153,67
19070409,82,47
19070410,79,43
19070411,72,38
19070412,134,35
19070413,138,57
19070414,112,78
19070415,99,79
19070416,171,78
19070417,155,80
19070418,125,63
19070419,114,59
19070420,105,49
19070421,103,39
19070422,143,27
19070423,149,41
19070424,185,70
19070425,206,94
19070426,134,89
19070427,202,39
19070428,51,12
19070429,79,39
19070430,130,39
19070501,170,70
19070502,134,63
19070503,185,63
19070504,225,85
19070505,238,94
19070506,266,131
19070507,242,123
19070508,269,115
19070509,286,145
19070510,272,159
19070511,284,157
19070512,278,155
19070513,270,146
19070514,286,130
19070515,271,131
19070516,239,157
19070517,231,134
19070518,144,94
19070519,147,95
19070520,163,86
19070521,175,83
19070522,213,86
19070523,253,116
19070524,282,143
19070525,284,175
19070526,276,155
19070527,268,158
19070528,271,163
19070529,260,166
19070530,195,132
19070531,235,134
19070601,251,128
19070602,219,155
19070603,207,150
19070604,195,125
19070605,217,98
19070606,233,113
19070607,187,131
19070608,216,104
19070609,248,117
19070610,273,142
19070611,282,162
19070612,293,187
19070613,302,176
19070614,293,188
19070615,272,173
19070616,270,195
19070617,195,165
19070618,250,165
19070619,274,159
19070620,268,165
19070621,300,169
19070622,298,199
19070623,304,185
19070624,236,143
19070625,238,118
19070626,245,132
19070627,280,148
19070628,293,160
19070629,303,172
19070630,310,178
19070701,319,187
19070702,310,193
19070703,241,138
19070704,259,138
19070705,294,154
19070706,302,170
19070707,268,173
19070708,266,163
19070709,234,161
19070710,263,167
19070711,279,125
19070712,156,127
19070713,207,116
19070714,175,106
19070715,245,130
19070716,203,142
19070717,224,144
19070718,271,165
19070719,228,158
19070720,264,172
19070721,253,161
19070722,225,157
19070723,258,131
19070724,286,152
19070725,264,182
19070726,273,174
19070727,254,173
19070728,282,167
19070729,296,181
19070730,313,183
19070731,215,159
19070801,248,159
19070802,221,150
19070803,253,141
19070804,281,160
19070805,309,178
19070806,330,194
19070807,326,204
19070808,280,186
19070809,301,183
19070810,342,194
19070811,307,196
19070812,267,205
19070813,294,194
19070814,294,172
19070815,314,180
19070816,308,130
19070817,224,115
19070818,248,142
19070819,269,136
19070820,295,152
19070821,177,111
19070822,202,87
19070823,215,85
19070824,236,136
19070825,242,145
19070826,269,156
19070827,280,146
19070828,289,158
19070829,296,146
19070830,303,155
19070831,276,176
19070901,274,170
19070902,266,170
19070903,281,164
19070904,196,118
19070905,198,105
19070906,225,113
19070907,231,135
19070908,249,149
19070909,256,164
19070910,212,154
19070911,223,125
19070912,241,152
19070913,235,120
19070914,243,126
19070915,239,142
19070916,164,139
19070917,180,125
19070918,199,134
19070919,187,110
19070920,203,96
19070921,218,87
19070922,215,94
19070923,183,113
19070924,196,68
19070925,205,85
19070926,239,90
19070927,244,101
19070928,254,138
19070929,258,169
19070930,240,145
19071001,196,152
19071002,213,133
19071003,219,144
19071004,236,152
19071005,237,165
19071006,241,154
19071007,208,141
19071008,220,118
19071009,231,119
19071010,230,142
19071011,218,114
19071012,212,108
19071013,209,110
19071014,211,104
19071015,215,150
19071016,246,151
19071017,212,155
19071018,172,146
19071019,190,120
19071020,146,106
19071021,177,114
19071022,160,81
19071023,160,78
19071024,148,59
19071025,181,83
19071026,145,101
19071027,165,104
19071028,139,94
19071029,166,99
19071030,174,115
19071031,181,111
19071101,170,96
19071102,150,89
19071103,122,78
19071104,80,22
19071105,86,12
19071106,74,-8
19071107,69,-7
19071108,102,-5
19071109,150,83
19071110,169,93
19071111,145,78
19071112,155,102
19071113,150,105
19071114,108,57
19071115,124,37
19071116,93,43
19071117,78,46
19071118,52,31
19071119,48,23
19071120,46,15
19071121,39,14
19071122,28,9
19071123,13,-2
19071124,20,-15
19071125,31,6
19071126,32,13
19071127,64,-5
19071128,133,32
19071129,100,28
19071130,50,18
19071201,48,9
19071202,27,7
19071203,30,5
19071204,41,16
19071205,46,10
19071206,75,0
19071207,82,29
19071208,59,7
19071209,100,55
19071210,69,12
19071211,68,12
19071212,58,39
19071213,86,52
19071214,89,24
19071215,80,31
19071216,69,-5
19071217,6,-31
19071218,-7,-37
19071219,84,-49
19071220,111,69
19071221,103,25
19071222,124,65
19071223,78,2
19071224,75,-1
19071225,48,13
19071226,18,9
19071227,27,10
19071228,71,0
19071229,80,42
19071230,43,3
19071231,4,-5
19080101,33,-4
19080102,5,-70
19080103,-60,-93
19080104,-55,-124
19080105,-45,-124
19080106,-30,-54
19080107,23,-74
19080108,48,-48
19080109,42,-1
19080110,46,-34
19080111,-28,-51
19080112,-9,-63
19080113,-24,-95
19080114,-13,-88
19080115,-2,-82
19080116,4,-72
19080117,-13,-76
19080118,58,-14
19080119,60,-8
19080120,17,2
19080121,57,-1
19080122,35,-35
19080123,44,-28
19080124,38,-12
19080125,24,-54
19080126,21,-70
19080127,93,-30
19080128,99,48
19080129,91,9
19080130,31,2
19080131,39,4
19080201,29,-24
19080202,19,-12
19080203,4,-15
19080204,4,-24
19080205,8,-41
19080206,24,-34
19080207,98,-60
19080208,65,-5
19080209,98,7
19080210,43,-7
19080211,25,-21
19080212,59,-34
19080213,90,-13
19080214,82,1
19080215,63,-12
19080216,84,19
19080217,89,11
19080218,47,21
19080219,93,16
19080220,83,-8
19080221,111,-7
19080222,103,69
19080223,139,56
19080224,70,30
19080225,72,11
19080226,82,-5
19080227,79,7
19080228,76,19
19080229,117,2
19080301,100,40
19080302,53,16
19080303,35,12
19080304,50,15
19080305,112,-17
19080306,124,25
19080307,138,35
19080308,89,62
19080309,141,35
19080310,125,28
19080311,118,15
19080312,107,28
19080313,84,31
19080314,69,9
19080315,59,3
19080316,70,8
19080317,94,19
19080318,42,15
19080319,70,25
19080320,138,18
19080321,145,57
19080322,98,24
19080323,70,34
19080324,74,23
19080325,51,0
19080326,68,9
19080327,90,-3
19080328,122,-2
19080329,134,24
19080330,158,75
19080331,175,58
19080401,119,23
19080402,90,14
19080403,130,33
19080404,152,47
19080405,124,65
19080406,123,45
19080407,106,73
19080408,105,60
19080409,95,38
19080410,118,23
19080411,143,65
19080412,175,75
19080413,162,68
19080414,170,99
19080415,142,100
19080416,156,90
19080417,193,79
19080418,202,102
19080419,113,61
19080420,93,51
19080421,75,54
19080422,132,63
19080423,164,41
19080424,165,48
19080425,182,82
19080426,166,72
19080427,131,49
19080428,182,78
19080429,194,93
19080430,173,91
19080501,165,98
19080502,185,96
19080503,203,108
19080504,253,119
19080505,239,139
19080506,232,137
19080507,230,113
19080508,216,93
19080509,272,142
19080510,285,159
19080511,291,143
19080512,303,152
19080513,292,172
19080514,306,162
19080515,281,165
19080516,294,147
19080517,185,127
19080518,237,111
19080519,302,128
19080520,283,152
19080521,287,170
19080522,318,168
19080523,311,156
19080524,271,149
19080525,234,117
19080526,241,118
19080527,223,133
19080528,203,125
19080529,220,128
19080530,274,154
19080531,309,167
19080601,308,171
19080602,319,171
19080603,292,205
19080604,310,178
19080605,303,172
19080606,296,185
19080607,217,115
19080608,181,112
19080609,179,113
19080610,228,113
19080611,216,134
19080612,237,116
19080613,265,112
19080614,298,150
19080615,315,164
19080616,314,175
19080617,307,174
19080618,312,182
19080619,314,166
19080620,319,174
19080621,285,165
19080622,282,141
19080623,287,155
19080624,262,164
19080625,250,152
19080626,286,139
19080627,293,166
19080628,263,158
19080629,284,161
19080630,319,162
19080701,222,164
19080702,282,145
19080703,311,148
19080704,295,172
19080705,303,160
19080706,262,144
19080707,203,167
19080708,271,157
19080709,288,148
19080710,260,137
19080711,290,152
19080712,313,168
19080713,330,165
19080714,314,186
19080715,298,174
19080716,241,135
19080717,265,138
19080718,278,138
19080719,259,168
19080720,246,146
19080721,248,152
19080722,288,175
19080723,258,175
19080724,278,133
19080725,264,168
19080726,258,172
19080727,298,182
19080728,293,186
19080729,305,164
19080730,309,188
19080731,313,186
19080801,231,147
19080802,221,146
19080803,236,135
19080804,266,127
19080805,288,148
19080806,303,148
19080807,262,166
19080808,209,161
19080809,223,182
19080810,232,148
19080811,268,167
19080812,186,124
19080813,204,117
19080814,159,125
19080815,180,114
19080816,187,123
19080817,212,109
19080818,234,110
19080819,229,154
19080820,248,123
19080821,269,144
19080822,291,154
19080823,231,162
19080824,264,161
19080825,266,169
19080826,274,157
19080827,249,161
19080828,276,144
19080829,276,182
19080830,300,176
19080831,192,139
19080901,232,113
19080902,172,113
19080903,208,102
19080904,223,126
19080905,211,111
19080906,180,94
19080907,199,79
19080908,217,96
19080909,241,112
19080910,255,118
19080911,239,165
19080912,201,124
19080913,178,90
19080914,182,68
19080915,214,73
19080916,196,108
19080917,194,109
19080918,188,127
19080919,197,84
19080920,191,80
19080921,189,80
19080922,177,82
19080923,200,79
19080924,197,84
19080925,211,86
19080926,227,133
19080927,236,136
19080928,187,129
19080929,194,101
19080930,188,101
19081001,168,92
19081002,194,62
19081003,226,96
19081004,232,123
19081005,240,100
19081006,168,99
19081007,151,48
19081008,174,38
19081009,184,54
19081010,192,58
19081011,205,64
19081012,200,81
19081013,203,74
19081014,205,89
19081015,176,70
19081016,187,74
19081017,191,90
19081018,180,65
19081019,108,23
19081020,53,-3
19081021,58,-7
19081022,55,-12
19081023,25,-1
19081024,48,16
19081025,83,32
19081026,100,78
19081027,106,83
19081028,132,86
19081029,149,79
19081030,130,32
19081031,137,20
19081101,112,60
19081102,98,20
19081103,86,-9
19081104,86,-13
19081105,78,-12
19081106,67,17
19081107,45,-11
19081108,23,-14
19081109,6,-20
19081110,22,-15
19081111,18,-21
19081112,46,-55
19081113,26,-79
19081114,43,-70
19081115,19,-33
19081116,-16,-91
19081117,-31,-95
19081118,2,-49
19081119,19,2
19081120,31,12
19081121,42,-9
19081122,36,-39
19081123,13,-42
19081124,88,-23
19081125,60,-5
19081126,47,-35
19081127,73,-16
19081128,72,-5
19081129,61,-4
19081130,9,-40
19081201,-22,-47
19081202,-22,-47
19081203,-14,-49
19081204,60,-40
19081205,34,3
19081206,14,-33
19081207,-6,-69
19081208,-4,-93
19081209,27,-40
19081210,-7,-27
19081211,48,-23
19081212,40,11
19081213,42,-22
19081214,1,-47
19081215,-18,-52
19081216,10,-34
19081217,15,-3
19081218,15,8
19081219,15,3
19081220,47,2
19081221,49,24
19081222,33,17
19081223,37,13
19081224,19,4
19081225,4,-14
19081226,-3,-17
19081227,-13,-33
19081228,-31,-62
19081229,-28,-67
19081230,-42,-65
19081231,-60,-75
19090101,-42,-72
19090102,-38,-59
19090103,-11,-44
19090104,-4,-77
19090105,12,-83
19090106,32,9
19090107,25,-4
19090108,27,-6
19090109,25,4
19090110,14,-9
19090111,16,-20
19090112,24,-35
19090113,59,-12
19090114,82,3
19090115,76,12
19090116,121,59
19090117,61,8
19090118,48,2
19090119,17,-5
19090120,24,-7
19090121,14,-43
19090122,-7,-51
19090123,-43,-70
19090124,-29,-99
19090125,-76,-118
19090126,-41,-82
19090127,-31,-82
19090128,-63,-128
19090129,-49,-76
19090130,-59,-102
19090131,-3,-86
19090201,34,-79
19090202,27,-27
19090203,44,-48
19090204,83,43
19090205,90,40
19090206,112,31
19090207,51,3
19090208,3,-27
19090209,9,-38
19090210,45,-66
19090211,81,15
19090212,43,-8
19090213,6,-37
19090214,-9,-47
19090215,12,-71
19090216,18,-29
19090217,51,-27
19090218,26,-48
19090219,15,-42
19090220,10,-30
19090221,53,-44
19090222,7,-46
19090223,-27,-86
19090224,-33,-94
19090225,-40,-69
19090226,-7,-46
19090227,13,-23
19090228,8,-16
19090301,29,-55
19090302,82,15
19090303,90,13
19090304,103,-5
19090305,100,17
19090306,37,-10
19090307,67,-31
19090308,56,5
19090309,74,18
19090310,78,15
19090311,67,36
19090312,56,28
19090313,104,29
19090314,90,19
19090315,113,34
19090316,69,17
19090317,45,11
19090318,82,-6
19090319,106,5
19090320,141,46
19090321,164,70
19090322,118,74
19090323,154,66
19090324,161,35
19090325,157,42
19090326,129,64
19090327,80,65
19090328,121,57
19090329,170,20
19090330,187,74
19090331,141,105
19090401,189,52
19090402,101,35
19090403,34,4
19090404,26,-6
19090405,36,11
19090406,122,14
19090407,146,14
19090408,166,80
19090409,198,62
19090410,209,96
19090411,180,88
19090412,227,102
19090413,140,56
19090414,171,51
19090415,206,71
19090416,167,81
19090417,208,97
19090418,249,103
19090419,239,112
19090420,247,109
19090421,198,116
19090422,150,81
19090423,211,50
19090424,249,87
19090425,242,120
19090426,257,131
19090427,257,141
19090428,197,101
19090429,178,99
19090430,200,57
19090501,143,53
19090502,132,59
19090503,83,56
19090504,117,76
19090505,160,91
19090506,113,73
19090507,110,54
19090508,125,18
19090509,173,51
19090510,157,71
19090511,177,98
19090512,210,106
19090513,237,115
19090514,241,114
19090515,209,100
19090516,239,137
19090517,283,151
19090518,238,156
19090519,189,129
19090520,230,104
19090521,225,108
19090522,234,114
19090523,263,124
19090524,298,128
19090525,280,163
19090526,279,161
19090527,237,157
19090528,232,131
19090529,191,129
19090530,177,130
19090531,169,138
19090601,242,138
19090602,273,126
19090603,280,145
19090604,296,177
19090605,230,148
19090606,225,136
19090607,236,136
19090608,219,135
19090609,247,136
19090610,248,127
19090611,225,136
19090612,235,117
19090613,206,123
19090614,223,116
19090615,220,118
19090616,244,112
19090617,166,128
19090618,266,146
19090619,266,140
19090620,279,134
19090621,289,142
19090622,277,173
19090623,273,178
19090624,240,138
19090625,268,135
19090626,261,131
19090627,206,133
19090628,256,117
19090629,268,136
19090630,172,133
19090701,201,120
19090702,223,134
19090703,188,127
19090704,223,149
19090705,264,144
19090706,272,152
19090707,228,155
19090708,188,122
19090709,242,94
19090710,246,126
19090711,213,134
19090712,195,125
19090713,181,140
19090714,245,138
19090715,258,143
19090716,264,127
19090717,284,155
19090718,269,179
19090719,286,191
19090720,283,186
19090721,250,168
19090722,284,158
19090723,312,165
19090724,329,192
19090725,300,203
19090726,345,188
19090727,283,199
19090728,307,176
19090729,283,158
19090730,266,165
19090731,298,150
19090801,296,183
19090802,326,184
19090803,288,150
19090804,162,129
19090805,222,147
19090806,237,167
19090807,249,170
19090808,284,183
19090809,299,176
19090810,295,197
19090811,249,179
19090812,267,188
19090813,274,161
19090814,286,162
19090815,257,159
19090816,296,169
19090817,308,160
19090818,308,165
19090819,217,148
19090820,259,140
19090821,268,148
19090822,295,152
19090823,189,152
19090824,201,148
19090825,243,125
19090826,257,126
19090827,277,149
19090828,231,171
19090829,248,155
19090830,245,143
19090831,234,157
19090901,195,122
19090902,166,111
19090903,196,117
19090904,209,136
19090905,198,135
19090906,206,130
19090907,204,85
19090908,246,104
19090909,268,140
19090910,276,157
19090911,296,161
19090912,260,165
19090913,257,144
19090914,246,132
19090915,240,152
19090916,238,136
19090917,235,131
19090918,238,155
19090919,251,93
19090920,220,117
19090921,223,94
19090922,226,117
19090923,235,125
19090924,231,107
19090925,239,124
19090926,220,134
19090927,205,125
19090928,148,130
19090929,177,120
19090930,167,95
19091001,198,107
19091002,187,116
19091003,189,142
19091004,218,125
19091005,197,109
19091006,236,104
19091007,206,134
19091008,209,135
19091009,165,121
19091010,137,119
19091011,149,118
19091012,169,130
19091013,172,123
19091014,177,112
19091015,195,113
19091016,180,119
19091017,183,75
19091018,195,84
19091019,179,94
19091020,172,96
19091021,152,67
19091022,104,51
19091023,153,71
19091024,142,38
19091025,100,52
19091026,111,37
19091027,112,13
19091028,192,94
19091029,191,103
19091030,181,83
19091031,116,76
19091101,151,88
19091102,132,96
19091103,114,94
19091104,139,49
19091105,78,23
19091106,84,65
19091107,82,65
19091108,65,51
19091109,75,50
19091110,89,29
19091111,81,1
19091112,75,-8
19091113,148,36
19091114,132,75
19091115,170,71
19091116,174,101
19091117,139,63
19091118,70,9
19091119,22,7
19091120,33,1
19091121,7,-1
19091122,28,3
19091123,14,-25
19091124,10,-39
19091125,24,-40
19091126,20,-29
19091127,32,-51
19091128,-12,-62
19091129,-21,-69
19091130,-14,-47
19091201,98,-37
19091202,105,50
19091203,131,8
19091204,144,24
19091205,143,10
19091206,101,52
19091207,136,67
19091208,86,35
19091209,43,23
19091210,51,6
19091211,23,9
19091212,54,23
19091213,40,23
19091214,35,13
19091215,46,-4
19091216,-3,-23
19091217,-14,-28
19091218,91,-31
19091219,124,86
19091220,151,110
19091221,129,16
19091222,42,-16
19091223,162,33
19091224,158,100
19091225,150,9999
19091226,9999,33
19091227,80,1
19091228,80,50
19091229,94,50
19091230,74,16
19091231,43,17
19100101,20,-5
19100102,40,12
19100103,45,-13
19100104,62,-4
19100105,64,-6
19100106,63,1
19100107,40,-11
19100108,56,-29
19100109,42,-22
19100110,50,-28
19100111,80,-24
19100112,110,59
19100113,75,20
19100114,49,-21
19100115,17,-35
19100116,74,-18
19100117,78,-19
19100118,63,23
19100119,122,52
19100120,60,18
19100121,34,8
19100122,22,8
19100123,25,-33
19100124,-2,-82
19100125,61,-20
19100126,31,-11
19100127,15,-48
19100128,32,-50
19100129,90,-63
19100130,85,30
19100131,30,4
19100201,33,0
19100202,37,17
19100203,63,13
19100204,59,30
19100205,49,27
19100206,75,14
19100207,67,5
19100208,80,10
19100209,48,35
19100210,40,4
19100211,35,-6
19100212,50,-1
19100213,47,2
19100214,36,12
19100215,38,12
19100216,59,7
19100217,80,28
19100218,82,-3
19100219,108,28
19100220,143,60
19100221,167,78
19100222,142,75
19100223,146,42
19100224,135,68
19100225,142,52
19100226,140,65
19100227,139,65
19100228,85,40
19100301,85,55
19100302,84,67
19100303,89,60
19100304,99,18
19100305,109,12
19100306,112,13
19100307,128,11
19100308,114,29
19100309,120,16
19100310,123,6
19100311,152,19
19100312,142,39
19100313,171,69
19100314,160,60
19100315,161,70
19100316,151,84
19100317,112,70
19100318,136,39
19100319,163,81
19100320,96,65
19100321,131,65
19100322,132,60
19100323,123,61
19100324,93,22
19100325,110,22
19100326,137,37
19100327,130,44
19100328,172,37
19100329,161,50
19100330,79,24
19100331,50,2
19100401,92,18
19100402,91,22
19100403,67,38
19100404,99,52
19100405,168,52
19100406,152,56
19100407,143,81
19100408,133,69
19100409,159,52
19100410,100,65
19100411,120,32
19100412,143,9
19100413,153,52
19100414,207,105
19100415,212,95
19100416,220,106
19100417,216,90
19100418,141,112
19100419,212,125
19100420,190,83
19100421,181,56
19100422,183,96
19100423,165,70
19100424,172,63
19100425,183,79
19100426,194,90
19100427,138,70
19100428,159,44
19100429,197,52
19100430,137,82
19100501,150,81
19100502,100,79
19100503,132,68
19100504,128,73
19100505,165,88
19100506,163,77
19100507,218,76
19100508,210,103
19100509,150,86
19100510,161,93
19100511,242,92
19100512,134,73
19100513,143,93
19100514,213,117
19100515,236,119
19100516,239,122
19100517,261,104
19100518,274,123
19100519,289,129
19100520,275,157
19100521,239,160
19100522,229,144
19100523,198,128
19100524,165,123
19100525,211,118
19100526,236,118
19100527,231,128
19100528,235,127
19100529,243,122
19100530,247,132
19100531,248,137
19100601,274,133
19100602,290,152
19100603,290,168
19100604,299,167
19100605,294,157
19100606,243,149
19100607,260,149
19100608,259,164
19100609,269,161
19100610,288,165
19100611,267,164
19100612,260,142
19100613,232,141
19100614,228,138
19100615,212,144
19100616,234,139
19100617,257,161
19100618,244,161
19100619,252,179
19100620,205,139
19100621,203,106
19100622,252,99
19100623,264,160
19100624,182,135
19100625,245,125
19100626,260,167
19100627,196,131
19100628,247,128
19100629,279,142
19100630,283,161
19100701,191,130
19100702,240,136
19100703,266,129
19100704,193,129
19100705,208,128
19100706,239,114
19100707,186,135
19100708,224,132
19100709,240,134
19100710,269,165
19100711,267,150
19100712,244,148
19100713,257,147
19100714,260,156
19100715,267,158
19100716,269,144
19100717,306,156
19100718,312,180
19100719,262,190
19100720,279,152
19100721,269,139
19100722,308,160
19100723,323,184
19100724,202,125
19100725,243,110
19100726,255,146
19100727,201,134
19100728,242,127
19100729,270,136
19100730,282,154
19100731,298,180
19100801,310,180
19100802,289,175
19100803,309,182
19100804,290,187
19100805,268,149
19100806,239,132
19100807,237,124
19100808,245,121
19100809,262,123
19100810,250,149
19100811,210,140
19100812,244,146
19100813,260,134
19100814,226,154
19100815,243,149
19100816,282,142
19100817,258,183
19100818,275,176
19100819,298,174
19100820,302,192
19100821,311,215
19100822,322,199
19100823,225,146
19100824,226,146
19100825,244,126
19100826,260,146
19100827,265,140
19100828,217,147
19100829,256,145
19100830,287,159
19100831,239,132
19100901,198,132
19100902,147,122
19100903,161,124
19100904,200,112
19100905,132,89
19100906,194,52
19100907,198,91
19100908,214,109
19100909,217,104
19100910,178,141
19100911,211,144
19100912,223,152
19100913,218,153
19100914,218,157
19100915,220,135
19100916,228,123
19100917,209,126
19100918,196,105
19100919,197,89
19100920,221,98
19100921,192,89
19100922,140,88
19100923,123,92
19100924,136,105
19100925,179,111
19100926,170,124
19100927,185,102
19100928,207,110
19100929,214,117
19100930,210,107
19101001,218,117
19101002,226,133
19101003,211,118
19101004,200,117
19101005,158,81
19101006,137,75
19101007,147,112
19101008,149,123
19101009,205,108
19101010,142,98
19101011,178,70
19101012,210,91
19101013,209,109
19101014,199,71
19101015,126,42
19101016,134,31
19101017,133,58
19101018,142,42
19101019,154,68
19101020,174,39
19101021,151,71
19101022,117,88
19101023,124,86
19101024,100,90
19101025,102,84
19101026,122,84
19101027,89,66
19101028,100,75
19101029,151,84
19101030,173,101
19101031,145,107
19101101,169,97
19101102,171,37
19101103,97,26
19101104,148,21
19101105,141,84
19101106,125,68
19101107,118,57
19101108,149,73
19101109,175,123
19101110,135,42
19101111,87,23
19101112,101,33
19101113,92,1
19101114,120,44
19101115,147,76
19101116,97,71
19101117,82,49
19101118,88,35
19101119,44,25
19101120,52,-11
19101121,10,-41
19101122,32,-6
19101123,-6,-28
19101124,29,-25
19101125,24,-43
19101126,31,-1
19101127,38,2
19101128,37,12
19101129,59,25
19101130,109,27
19101201,121,57
19101202,58,43
19101203,55,43
19101204,63,47
19101205,116,48
19101206,135,79
19101207,131,76
19101208,122,78
19101209,127,96
19101210,171,95
19101211,142,112
19101212,138,109
19101213,113,102
19101214,110,97
19101215,100,90
19101216,101,71
19101217,108,64
19101218,119,64
19101219,86,50
19101220,74,31
19101221,74,6
19101222,52,-3
19101223,21,-40
19101224,-24,-47
19101225,76,-36
19101226,56,28
19101227,38,6
19101228,43,7
19101229,21,-5
19101230,15,-11
19101231,40,-12
19110101,20,-3
19110102,2,-13
19110103,1,-18
19110104,32,-17
19110105,25,2
19110106,31,-24
19110107,17,-9
19110108,30,1
19110109,25,0
19110110,13,-6
19110111,33,-15
19110112,10,-43
19110113,-11,-70
19110114,-9,-62
19110115,-8,-77
19110116,-15,-98
19110117,8,-81
19110118,23,-71
19110119,30,-62
19110120,66,-3
19110121,38,17
19110122,36,-4
19110123,38,-44
19110124,2,-50
19110125,-10,-91
19110126,91,-56
19110127,131,12
19110128,84,0
19110129,69,-28
19110130,-9,-66
19110131,-38,-81
19110201,-24,-106
19110202,17,-48
19110203,56,-40
19110204,25,-33
19110205,39,-32
19110206,19,-44
19110207,-31,-63
19110208,-1,-70
19110209,-4,-49
19110210,1,-95
19110211,58,-85
19110212,84,-9
19110213,51,-6
19110214,22,-29
19110215,-19,-56
19110216,27,-56
19110217,77,-21
19110218,105,14
19110219,125,40
19110220,119,20
19110221,69,-15
19110222,118,-1
19110223,133,38
19110224,122,52
19110225,123,-4
19110226,158,50
19110227,103,15
19110228,79,-14
19110301,103,0
19110302,120,27
19110303,125,26
19110304,96,19
19110305,118,16
19110306,78,37
19110307,71,16
19110308,92,-9
19110309,87,14
19110310,92,-8
19110311,78,4
19110312,102,-6
19110313,128,-12
19110314,100,38
19110315,114,36
19110316,113,20
19110317,110,28
19110318,109,21
19110319,124,2
19110320,80,50
19110321,105,48
19110322,105,59
19110323,105,29
19110324,127,56
19110325,92,48
19110326,150,61
19110327,179,96
19110328,202,87
19110329,225,90
19110330,180,111
19110331,164,77
19110401,194,71
19110402,200,94
19110403,163,93
19110404,98,-5
19110405,45,-5
19110406,42,8
19110407,39,9
19110408,27,6
19110409,48,6
19110410,86,7
19110411,111,27
19110412,123,44
19110413,120,56
19110414,88,35
19110415,141,17
19110416,212,19
19110417,204,86
19110418,217,81
19110419,221,102
19110420,239,107
19110421,235,101
19110422,231,104
19110423,244,103
19110424,240,102
19110425,224,134
19110426,237,120
19110427,217,95
19110428,121,77
19110429,211,47
19110430,204,100
19110501,153,91
19110502,131,110
19110503,140,103
19110504,200,106
19110505,208,110
19110506,154,112
19110507,155,87
19110508,148,89
19110509,191,119
19110510,161,122
19110511,212,120
19110512,238,114
19110513,251,119
19110514,259,124
19110515,272,139
19110516,271,152
19110517,248,140
19110518,269,150
19110519,176,120
19110520,188,112
19110521,176,103
19110522,181,90
19110523,209,79
19110524,143,84
19110525,195,70
19110526,200,88
19110527,249,92
19110528,258,128
19110529,273,140
19110530,262,162
19110531,219,158
19110601,225,159
19110602,224,149
19110603,226,132
19110604,225,158
19110605,251,142
19110606,243,142
19110607,275,152
19110608,290,167
19110609,266,173
19110610,237,124
19110611,141,117
19110612,208,113
19110613,229,123
19110614,210,138
19110615,146,85
19110616,208,94
19110617,250,99
19110618,266,143
19110619,277,164
19110620,241,148
19110621,238,136
19110622,252,126
19110623,268,137
19110624,282,144
19110625,303,156
19110626,304,164
19110627,289,166
19110628,223,136
19110629,255,128
19110630,277,147
19110701,284,150
19110702,304,188
19110703,242,176
19110704,221,168
19110705,239,133
19110706,236,132
19110707,256,123
19110708,287,148
19110709,310,170
19110710,217,139
19110711,240,149
19110712,279,130
19110713,288,157
19110714,283,163
19110715,275,164
19110716,256,159
19110717,263,156
19110718,286,161
19110719,310,172
19110720,279,186
19110721,294,179
19110722,292,186
19110723,301,197
19110724,314,178
19110725,332,176
19110726,343,197
19110727,349,207
19110728,345,228
19110729,333,192
19110730,299,184
19110731,276,182
19110801,263,147
19110802,280,151
19110803,286,204
19110804,277,171
19110805,308,162
19110806,321,193
19110807,310,197
19110808,307,199
19110809,289,203
19110810,280,183
19110811,272,164
19110812,241,165
19110813,248,149
19110814,257,166
19110815,284,160
19110816,268,158
19110817,220,150
19110818,272,105
19110819,304,159
19110820,315,181
19110821,319,193
19110822,328,231
19110823,338,213
19110824,329,183
19110825,232,167
19110826,286,154
19110827,266,161
19110828,275,148
19110829,285,156
19110830,293,154
19110831,268,128
19110901,228,113
19110902,248,100
19110903,273,122
19110904,305,139
19110905,261,164
19110906,278,147
19110907,278,162
19110908,298,167
19110909,312,159
19110910,251,135
19110911,226,111
19110912,227,83
19110913,257,105
19110914,294,126
19110915,277,160
19110916,237,146
19110917,150,109
19110918,166,109
19110919,165,109
19110920,207,114
19110921,190,111
19110922,226,145
19110923,215,154
19110924,188,129
19110925,179,129
19110926,173,147
19110927,212,148
19110928,214,122
19110929,149,123
19110930,143,95
19111001,105,81
19111002,106,79
19111003,108,73
19111004,140,52
19111005,211,99
19111006,241,135
19111007,234,122
19111008,237,157
19111009,240,176
19111010,192,74
19111011,126,62
19111012,154,30
19111013,157,44
19111014,181,41
19111015,175,62
19111016,132,74
19111017,114,65
19111018,124,31
19111019,130,19
19111020,147,25
19111021,167,49
19111022,183,55
19111023,193,123
19111024,142,110
19111025,137,101
19111026,160,96
19111027,174,50
19111028,167,89
19111029,137,60
19111030,124,67
19111031,127,84
19111101,106,54
19111102,112,90
19111103,141,69
19111104,121,19
19111105,125,25
19111106,166,89
19111107,111,77
19111108,118,74
19111109,124,60
19111110,168,85
19111111,167,93
19111112,123,79
19111113,163,53
19111114,150,88
19111115,121,74
19111116,83,50
19111117,68,51
19111118,73,49
19111119,119,52
19111120,115,22
19111121,144,55
19111122,198,130
19111123,179,99
19111124,164,104
19111125,118,68
19111126,81,61
19111127,80,56
19111128,64,53
19111129,69,43
19111130,73,61
19111201,70,57
19111202,66,37
19111203,63,42
19111204,53,33
19111205,41,23
19111206,66,1
19111207,13,3
19111208,45,10
19111209,91,40
19111210,81,22
19111211,56,6
19111212,70,30
19111213,70,13
19111214,81,33
19111215,107,35
19111216,124,57
19111217,75,44
19111218,44,-5
19111219,27,-16
19111220,104,19
19111221,108,87
19111222,133,63
19111223,98,31
19111224,87,31
19111225,66,8
19111226,69,-2
19111227,68,-12
19111228,78,33
19111229,64,7
19111230,61,0
19111231,34,-13
19120101,9,-38
19120102,37,-30
19120103,64,8
19120104,62,11
19120105,115,9
19120106,104,13
19120107,126,13
19120108,107,-11
19120109,61,-35
19120110,65,39
19120111,38,-36
19120112,-21,-57
19120113,-4,-53
19120114,-50,-89
19120115,-66,-106
19120116,-47,-89
19120117,-64,-88
19120118,-49,-90
19120119,-65,-113
19120120,-52,-89
19120121,-8,-53
19120122,3,-41
19120123,84,-15
19120124,134,75
19120125,86,62
19120126,125,13
19120127,115,9999
19120128,9999,-33
19120129,-5,-49
19120130,10,-46
19120131,5,-59
19120201,-14,-93
19120202,74,-69
19120203,99,-10
19120204,-8,-74
19120205,-35,-73
19120206,82,-71
19120207,109,44
19120208,134,42
19120209,130,66
19120210,87,60
19120211,124,61
19120212,126,67
19120213,126,53
19120214,73,40
19120215,57,31
19120216,90,28
19120217,67,26
19120218,112,-3
19120219,131,32
19120220,120,57
19120221,134,26
19120222,118,42
19120223,113,18
19120224,136,49
19120225,150,81
19120226,128,67
19120227,148,29
19120228,147,54
19120229,148,70
19120301,153,57
19120302,144,88
19120303,158,61
19120304,127,63
19120305,157,49
19120306,128,60
19120307,125,37
19120308,79,48
19120309,124,45
19120310,142,27
19120311,149,72
19120312,148,56
19120313,92,55
19120314,120,17
19120315,128,63
19120316,118,60
19120317,86,40
19120318,131,41
19120319,160,89
19120320,153,77
19120321,121,68
19120322,146,25
19120323,108,43
19120324,126,27
19120325,144,70
19120326,172,80
19120327,214,68
19120328,187,115
19120329,194,73
19120330,142,70
19120331,162,45
19120401,160,77
19120402,130,72
19120403,101,31
19120404,93,9
19120405,151,-2
19120406,187,107
19120407,197,116
19120408,182,100
19120409,204,39
19120410,76,24
19120411,114,-2
19120412,48,15
19120413,97,-5
19120414,101,-2
19120415,86,35
19120416,66,35
19120417,70,42
19120418,91,50
19120419,121,66
19120420,124,89
19120421,131,87
19120422,170,86
19120423,154,85
19120424,138,73
19120425,155,49
19120426,177,51
19120427,202,62
19120428,193,93
19120429,137,94
19120430,128,82
19120501,121,58
19120502,144,71
19120503,179,45
19120504,210,55
19120505,219,88
19120506,195,110
19120507,233,88
19120508,179,107
19120509,201,120
19120510,212,92
19120511,236,136
19120512,297,127
19120513,298,184
19120514,244,165
19120515,303,140
19120516,262,163
19120517,162,81
19120518,185,70
19120519,226,93
19120520,250,102
19120521,253,106
19120522,208,139
19120523,206,135
19120524,210,126
19120525,197,129
19120526,179,116
19120527,157,94
19120528,206,122
19120529,199,135
19120530,195,125
19120531,219,128
19120601,232,109
19120602,243,138
19120603,235,121
19120604,212,116
19120605,242,113
19120606,272,124
19120607,291,155
19120608,296,156
19120609,266,177
19120610,241,165
19120611,255,163
19120612,273,138
19120613,226,139
19120614,207,129
19120615,242,141
19120616,238,140
19120617,177,113
19120618,216,89
19120619,283,128
19120620,303,158
19120621,215,160
19120622,230,156
19120623,269,142
19120624,284,162
19120625,222,155
19120626,250,152
19120627,223,163
19120628,272,181
19120629,289,171
19120630,274,169
19120701,292,163
19120702,283,169
19120703,256,152
19120704,260,149
19120705,236,137
19120706,239,131
19120707,242,139
19120708,272,175
19120709,285,165
19120710,275,166
19120711,290,177
19120712,280,161
19120713,286,179
19120714,269,180
19120715,261,155
19120716,243,171
19120717,258,138
19120718,280,137
19120719,275,164
19120720,252,154
19120721,217,142
19120722,220,132
19120723,265,152
19120724,274,180
19120725,284,172
19120726,283,172
19120727,292,157
19120728,306,169
19120729,316,184
19120730,261,196
19120731,247,178
19120801,284,156
19120802,303,167
19120803,282,180
19120804,288,166
19120805,307,178
19120806,271,184
19120807,291,157
19120808,214,133
19120809,220,125
19120810,222,141
19120811,174,102
19120812,197,88
19120813,254,125
19120814,205,150
19120815,214,143
19120816,219,130
19120817,236,123
19120818,242,140
19120819,267,144
19120820,284,143
19120821,238,165
19120822,208,136
19120823,203,123
19120824,228,104
19120825,260,140
19120826,249,156
19120827,229,117
19120828,203,113
19120829,220,110
19120830,246,116
19120831,200,135
19120901,175,139
19120902,184,124
19120903,191,115
19120904,206,120
19120905,239,105
19120906,167,83
19120907,166,72
19120908,179,71
19120909,196,105
19120910,128,84
19120911,109,86
19120912,110,87
19120913,118,91
19120914,133,79
19120915,158,74
19120916,173,87
19120917,186,61
19120918,198,74
19120919,152,99
19120920,99,75
19120921,128,72
19120922,116,65
19120923,125,86
19120924,137,90
19120925,126,84
19120926,121,74
19120927,138,94
19120928,152,85
19120929,161,103
19120930,177,80
19121001,188,91
19121002,216,132
19121003,236,105
19121004,105,51
19121005,51,33
19121006,58,39
19121007,76,53
19121008,104,75
19121009,104,82
19121010,101,74
19121011,122,48
19121012,131,32
19121013,138,13
19121014,144,28
19121015,152,22
19121016,144,82
19121017,145,48
19121018,134,49
19121019,127,72
19121020,135,21
19121021,124,49
19121022,155,83
19121023,151,77
19121024,134,62
19121025,113,55
19121026,141,43
19121027,121,39
19121028,151,39
19121029,179,68
19121030,187,113
19121031,182,76
19121101,123,55
19121102,71,13
19121103,97,-12
19121104,73,-4
19121105,70,-14
19121106,91,8
19121107,16,-12
19121108,49,-6
19121109,31,-15
19121110,94,5
19121111,56,-15
19121112,60,5
19121113,25,-16
19121114,74,11
19121115,63,39
19121116,57,19
19121117,50,18
19121118,49,25
19121119,49,15
19121120,80,-4
19121121,73,-1
19121122,67,34
19121123,45,21
19121124,38,23
19121125,55,30
19121126,62,-1
19121127,72,-23
19121128,126,35
19121129,54,6
19121130,63,-16
19121201,106,26
19121202,67,26
19121203,53,19
19121204,60,4
19121205,34,-8
19121206,19,-27
19121207,26,-30
19121208,22,-19
19121209,-7,-19
19121210,-19,-32
19121211,-23,-41
19121212,-12,-48
19121213,22,-28
19121214,98,-37
19121215,125,62
19121216,109,46
19121217,103,9
19121218,23,-27
19121219,54,-18
19121220,32,-6
19121221,25,9
19121222,47,4
19121223,79,33
19121224,75,43
19121225,47,17
19121226,117,-6
19121227,131,54
19121228,86,44
19121229,130,33
19121230,97,47
19121231,52,-9
19130101,17,0
19130102,17,-11
19130103,36,12
19130104,34,15
19130105,29,9
19130106,25,11
19130107,12,-5
19130108,-3,-14
19130109,-10,-22
19130110,-18,-26
19130111,-17,-25
19130112,-7,-27
19130113,-10,-71
19130114,-21,-51
19130115,-50,-67
19130116,-49,-71
19130117,-9,-60
19130118,16,-23
19130119,4,-32
19130120,64,-36
19130121,73,11
19130122,36,-16
19130123,1,-22
19130124,67,-35
19130125,109,-2
19130126,106,13
19130127,41,-5
19130128,31,-22
19130129,-10,-34
19130130,-5,-59
19130131,-32,-70
19130201,31,-51
19130202,97,1
19130203,57,-14
19130204,84,-21
19130205,87,-2
19130206,106,3
19130207,100,20
19130208,103,14
19130209,101,15
19130210,95,3
19130211,80,4
19130212,62,17
19130213,64,2
19130214,43,-26
19130215,0,-47
19130216,9,-64
19130217,-17,-47
19130218,-23,-60
19130219,-21,-53
19130220,0,-36
19130221,26,-22
19130222,23,-8
19130223,33,-16
19130224,54,-19
19130225,48,-42
19130226,94,-47
19130227,118,16
19130228,97,18
19130301,37,-15
19130302,26,-30
19130303,42,-60
19130304,85,-40
19130305,135,-2
19130306,160,52
19130307,179,43
19130308,147,66
19130309,76,30
19130310,90,18
19130311,129,14
19130312,165,51
19130313,156,27
19130314,179,43
19130315,175,62
19130316,143,82
19130317,171,70
19130318,157,11
19130319,79,8
19130320,152,75
19130321,171,116
19130322,195,108
19130323,205,95
19130324,164,111
19130325,175,70
19130326,171,111
19130327,196,80
19130328,169,76
19130329,192,56
19130330,222,97
19130331,230,94
19130401,225,105
19130402,187,75
19130403,192,95
19130404,181,54
19130405,150,85
19130406,159,76
19130407,169,65
19130408,112,69
19130409,115,39
19130410,118,48
19130411,157,39
19130412,97,13
19130413,55,-12
19130414,64,-2
19130415,88,13
19130416,135,2
19130417,158,52
19130418,147,85
19130419,157,76
19130420,197,64
19130421,144,92
19130422,169,82
19130423,166,92
19130424,190,113
19130425,255,109
19130426,255,105
19130427,214,121
19130428,240,112
19130429,255,117
19130430,258,131
19130501,236,111
19130502,227,114
19130503,204,106
19130504,135,75
19130505,173,88
19130506,158,95
19130507,112,71
19130508,173,65
19130509,169,73
19130510,189,103
19130511,163,99
19130512,166,118
19130513,183,82
19130514,215,89
19130515,245,98
19130516,213,134
19130517,238,113
19130518,225,138
19130519,219,113
19130520,135,71
19130521,113,55
19130522,142,90
19130523,198,133
19130524,175,106
19130525,214,149
19130526,238,133
19130527,260,112
19130528,265,139
19130529,248,135
19130530,282,149
19130531,290,150
19130601,303,162
19130602,310,189
19130603,307,179
19130604,306,147
19130605,311,165
19130606,305,168
19130607,198,150
19130608,253,170
19130609,282,156
19130610,255,165
19130611,278,157
19130612,254,151
19130613,204,124
19130614,202,123
19130615,207,95
19130616,211,127
19130617,232,95
19130618,277,117
19130619,282,159
19130620,279,164
19130621,252,148
19130622,180,131
19130623,228,155
19130624,255,122
19130625,258,150
19130626,163,140
19130627,208,162
19130628,200,132
19130629,219,120
19130630,218,133
19130701,219,110
19130702,245,113
19130703,222,158
19130704,195,140
19130705,197,131
19130706,255,124
19130707,251,166
19130708,242,153
19130709,197,137
19130710,236,110
19130711,182,143
19130712,215,158
19130713,273,143
19130714,279,158
19130715,286,161
19130716,280,159
19130717,164,137
19130718,199,130
19130719,253,163
19130720,232,157
19130721,220,132
19130722,210,133
19130723,178,140
19130724,189,135
19130725,191,141
19130726,254,152
19130727,268,166
19130728,259,156
19130729,275,155
19130730,248,168
19130731,234,162
19130801,215,124
19130802,240,150
19130803,233,174
19130804,258,169
19130805,281,159
19130806,283,166
19130807,185,138
19130808,205,130
19130809,231,111
19130810,196,127
19130811,230,120
19130812,256,143
19130813,197,168
19130814,175,117
19130815,204,105
19130816,204,97
19130817,235,96
19130818,263,144
19130819,267,162
19130820,278,150
19130821,223,165
19130822,212,148
19130823,242,144
19130824,254,143
19130825,267,151
19130826,225,151
19130827,224,140
19130828,239,146
19130829,256,146
19130830,263,164
19130831,261,171
19130901,269,166
19130902,272,169
19130903,264,158
19130904,278,154
19130905,287,167
19130906,208,161
19130907,218,148
19130908,213,116
19130909,215,110
19130910,219,133
19130911,190,108
19130912,190,86
19130913,193,105
19130914,227,137
19130915,259,157
19130916,246,152
19130917,246,145
19130918,256,135
19130919,217,109
19130920,200,139
19130921,152,129
19130922,208,113
19130923,186,89
19130924,167,65
19130925,173,94
19130926,133,86
19130927,134,80
19130928,166,115
19130929,171,117
19130930,130,83
19131001,160,118
19131002,184,132
19131003,218,98
19131004,255,113
19131005,207,144
19131006,207,138
19131007,222,136
19131008,217,145
19131009,198,122
19131010,177,122
19131011,135,84
19131012,144,86
19131013,134,65
19131014,90,50
19131015,124,43
19131016,129,18
19131017,142,55
19131018,149,34
19131019,143,39
19131020,162,21
19131021,123,23
19131022,101,67
19131023,200,58
19131024,173,111
19131025,172,88
19131026,160,55
19131027,215,109
19131028,216,119
19131029,210,85
19131030,206,100
19131031,200,102
19131101,180,70
19131102,193,71
19131103,175,71
19131104,159,87
19131105,141,78
19131106,125,74
19131107,86,52
19131108,112,55
19131109,131,21
19131110,148,90
19131111,128,68
19131112,188,117
19131113,195,123
19131114,161,95
19131115,115,58
19131116,104,37
19131117,92,58
19131118,120,63
19131119,100,21
19131120,106,50
19131121,111,8
19131122,133,27
19131123,67,4
19131124,42,2
19131125,49,40
19131126,62,38
19131127,59,22
19131128,57,6
19131129,114,34
19131130,133,64
19131201,122,25
19131202,98,15
19131203,96,3
19131204,143,52
19131205,115,8
19131206,20,-20
19131207,20,-15
19131208,16,-35
19131209,12,-32
19131210,35,-9
19131211,67,3
19131212,71,26
19131213,63,-10
19131214,59,18
19131215,92,12
19131216,89,24
19131217,58,11
19131218,40,-9
19131219,-1,-39
19131220,-17,-67
19131221,-51,-80
19131222,-9,-77
19131223,78,-46
19131224,57,4
19131225,68,1
19131226,48,-30
19131227,100,9
19131228,112,73
19131229,104,9
19131230,14,0
19131231,4,-20
19140101,-14,-33
19140102,-22,-56
19140103,7,-72
19140104,8,-56
19140105,-16,-77
19140106,-58,-89
19140107,17,-62
19140108,-6,-58
19140109,46,-62
19140110,46,-44
19140111,-26,-48
19140112,-34,-68
19140113,-56,-82
19140114,-48,-78
19140115,-24,-63
19140116,-17,-52
19140117,-20,-36
19140118,7,-26
19140119,-10,-31
19140120,11,-30
19140121,-12,-37
19140122,-26,-45
19140123,-6,-54
19140124,-14,-69
19140125,-31,-142
19140126,-83,-177
19140127,-81,-178
19140128,3,-92
19140129,-24,-60
19140130,-44,-61
19140131,-52,-80
19140201,-56,-111
19140202,-30,-138
19140203,-20,-128
19140204,-15,-122
19140205,-29,-131
19140206,-41,-134
19140207,-35,-140
19140208,-5,-113
19140209,-7,-85
19140210,-13,-113
19140211,10,-73
19140212,-13,-115
19140213,-23,-102
19140214,18,-71
19140215,14,-90
19140216,-18,-49
19140217,38,-61
19140218,36,-36
19140219,83,11
19140220,65,-14
19140221,96,-29
19140222,123,59
19140223,132,79
19140224,131,58
19140225,129,30
19140226,101,72
19140227,117,73
19140228,104,31
19140301,41,3
19140302,72,-14
19140303,41,12
19140304,83,9
19140305,107,-7
19140306,124,63
19140307,161,82
19140308,179,70
19140309,182,96
19140310,173,106
19140311,150,8
19140312,79,10
19140313,126,12
19140314,127,61
19140315,87,33
19140316,107,66
19140317,113,54
19140318,108,27
19140319,87,23
19140320,134,26
19140321,132,71
19140322,101,38
19140323,109,60
19140324,127,61
19140325,120,78
19140326,91,50
19140327,130,50
19140328,136,51
19140329,136,37
19140330,124,26
19140331,156,40
19140401,210,42
19140402,228,116
19140403,188,89
19140404,143,92
19140405,107,57
19140406,158,35
19140407,184,61
19140408,206,61
19140409,134,53
19140410,173,43
19140411,189,75
19140412,221,76
19140413,226,116
19140414,227,111
19140415,164,69
19140416,128,61
19140417,120,25
19140418,71,41
19140419,150,67
19140420,181,45
19140421,216,45
19140422,214,91
19140423,227,101
19140424,205,123
19140425,197,96
19140426,152,97
19140427,192,51
19140428,202,86
19140429,226,86
19140430,238,100
19140501,216,109
19140502,133,71
19140503,146,47
19140504,178,57
19140505,220,67
19140506,131,115
19140507,185,100
19140508,227,84
19140509,197,134
19140510,177,92
19140511,117,83
19140512,205,65
19140513,128,72
19140514,160,50
19140515,126,61
19140516,147,88
19140517,169,108
19140518,227,118
19140519,204,140
19140520,237,176
19140521,249,160
19140522,224,145
19140523,234,111
19140524,272,133
19140525,245,140
19140526,241,144
19140527,227,161
19140528,208,135
19140529,206,127
19140530,204,130
19140531,170,128
19140601,208,137
19140602,238,140
19140603,162,112
19140604,212,102
19140605,233,105
19140606,130,84
19140607,155,114
19140608,195,100
19140609,254,120
19140610,262,137
19140611,221,135
19140612,213,128
19140613,231,123
19140614,203,128
19140615,228,120
19140616,263,149
19140617,273,152
19140618,240,164
19140619,218,141
19140620,251,154
19140621,258,143
19140622,276,149
19140623,240,156
19140624,254,150
19140625,219,140
19140626,240,148
19140627,264,140
19140628,288,157
19140629,299,178
19140630,256,187
19140701,288,163
19140702,265,172
19140703,285,164
19140704,290,170
19140705,208,162
19140706,263,148
19140707,271,161
19140708,203,139
19140709,179,131
19140710,230,145
19140711,234,170
19140712,258,162
19140713,268,161
19140714,284,183
19140715,293,181
19140716,297,183
19140717,184,144
19140718,215,133
19140719,242,177
19140720,279,161
19140721,292,166
19140722,282,189
19140723,296,168
19140724,255,181
19140725,284,160
19140726,210,149
19140727,169,136
19140728,212,120
19140729,222,140
19140730,248,124
19140731,214,147
19140801,249,152
19140802,282,141
19140803,299,149
19140804,302,169
19140805,305,174
19140806,260,167
19140807,252,157
19140808,226,154
19140809,243,125
19140810,261,138
19140811,274,161
19140812,285,157
19140813,296,180
19140814,292,181
19140815,275,179
19140816,208,156
19140817,269,167
19140818,240,162
19140819,239,154
19140820,232,129
19140821,235,132
19140822,247,130
19140823,201,154
19140824,239,146
19140825,256,134
19140826,265,141
19140827,273,146
19140828,273,171
19140829,275,164
19140830,278,181
19140831,280,157
19140901,262,158
19140902,242,162
19140903,253,130
19140904,270,143
19140905,260,168
19140906,214,142
19140907,223,109
19140908,249,104
19140909,270,137
19140910,272,141
19140911,280,152
19140912,201,111
19140913,185,97
19140914,207,100
19140915,232,92
19140916,247,131
19140917,246,140
19140918,201,120
19140919,147,105
19140920,175,84
19140921,116,89
19140922,110,88
19140923,134,89
19140924,126,101
19140925,146,102
19140926,129,80
19140927,160,65
19140928,152,111
19140929,164,72
19140930,170,57
19141001,180,51
19141002,200,84
19141003,138,90
19141004,167,54
19141005,157,81
19141006,142,50
19141007,106,39
19141008,109,25
19141009,84,47
19141010,140,50
19141011,89,38
19141012,92,44
19141013,117,4
19141014,135,16
19141015,118,43
19141016,172,78
19141017,195,82
19141018,197,82
19141019,170,99
19141020,170,107
19141021,165,122
19141022,172,101
19141023,156,84
19141024,142,55
19141025,144,71
19141026,143,73
19141027,140,93
19141028,121,52
19141029,156,103
19141030,178,87
19141031,174,103
19141101,149,105
19141102,148,96
19141103,159,74
19141104,171,94
19141105,149,99
19141106,140,100
19141107,100,67
19141108,97,63
19141109,117,60
19141110,77,22
19141111,107,19
19141112,101,29
19141113,97,23
19141114,70,-5
19141115,62,22
19141116,70,-3
19141117,64,49
19141118,61,30
19141119,48,22
19141120,31,8
19141121,8,-23
19141122,-1,-8
19141123,-2,-14
19141124,1,-14
19141125,9,-17
19141126,22,-12
19141127,26,-17
19141128,14,-35
19141129,46,-10
19141130,21,-35
19141201,32,-54
19141202,54,-25
19141203,59,-26
19141204,36,-11
19141205,100,18
19141206,101,32
19141207,72,3
19141208,150,12
19141209,153,97
19141210,119,90
19141211,108,61
19141212,109,27
19141213,99,61
19141214,134,70
19141215,149,87
19141216,106,58
19141217,99,31
19141218,65,6
19141219,40,0
19141220,37,-14
19141221,77,30
19141222,59,39
19141223,42,26
19141224,37,3
19141225,49,33
19141226,45,30
19141227,47,27
19141228,43,23
19141229,67,13
19141230,51,10
19141231,13,-29
19150101,46,-11
19150102,89,24
19150103,109,55
19150104,102,59
19150105,78,17
19150106,99,27
19150107,76,13
19150108,101,42
19150109,60,37
19150110,49,13
19150111,44,-7
19150112,42,18
19150113,64,0
19150114,24,-17
19150115,72,2
19150116,98,17
19150117,85,34
19150118,43,11
19150119,15,-8
19150120,-6,-18
19150121,0,-20
19150122,18,-4
19150123,17,-7
19150124,30,6
19150125,42,12
19150126,17,-18
19150127,13,-17
19150128,-6,-32
19150129,-16,-42
19150130,-37,-90
19150131,-20,-129
19150201,6,-57
19150202,-3,-48
19150203,-11,-103
19150204,15,-72
19150205,3,-106
19150206,-12,-30
19150207,70,-12
19150208,38,17
19150209,30,13
19150210,66,15
19150211,70,24
19150212,125,60
19150213,80,48
19150214,98,48
19150215,107,53
19150216,79,37
19150217,86,39
19150218,64,-1
19150219,124,47
19150220,115,47
19150221,98,60
19150222,114,32
19150223,68,39
19150224,79,33
19150225,57,17
19150226,53,13
19150227,35,2
19150228,50,-2
19150301,85,-13
19150302,84,16
19150303,105,-14
19150304,63,16
19150305,107,24
19150306,160,68
19150307,149,44
19150308,51,4
19150309,4,-27
19150310,-10,-34
19150311,21,-51
19150312,53,-62
19150313,110,-8
19150314,117,49
19150315,140,61
19150316,143,53
19150317,126,58
19150318,140,82
19150319,123,92
19150320,102,21
19150321,72,1
19150322,83,-11
19150323,148,2
19150324,156,38
19150325,172,38
19150326,145,61
19150327,111,55
19150328,158,69
19150329,69,34
19150330,67,21
19150331,125,22
19150401,90,11
19150402,95,50
19150403,104,40
19150404,122,26
19150405,148,21
19150406,163,39
19150407,162,78
19150408,164,95
19150409,104,64
19150410,82,60
19150411,120,59
19150412,130,57
19150413,89,32
19150414,128,33
19150415,116,74
19150416,175,77
19150417,177,72
19150418,140,105
19150419,144,100
19150420,164,126
19150421,151,105
19150422,174,100
19150423,151,89
19150424,186,104
19150425,212,80
19150426,190,98
19150427,224,105
19150428,199,109
19150429,201,81
19150430,236,87
19150501,245,97
19150502,226,116
19150503,257,106
19150504,199,87
19150505,134,105
19150506,179,101
19150507,260,120
19150508,257,128
19150509,220,133
19150510,209,119
19150511,120,57
19150512,120,63
19150513,177,98
19150514,231,106
19150515,193,143
19150516,222,134
19150517,265,122
19150518,270,146
19150519,236,152
19150520,214,146
19150521,255,148
19150522,235,145
19150523,235,160
19150524,239,147
19150525,197,131
19150526,196,133
19150527,222,124
19150528,251,127
19150529,224,136
19150530,243,140
19150531,217,148
19150601,163,142
19150602,230,141
19150603,239,159
19150604,240,168
19150605,264,161
19150606,280,177
19150607,294,174
19150608,288,184
19150609,233,181
19150610,289,166
19150611,282,168
19150612,295,174
19150613,295,182
19150614,268,168
19150615,216,140
19150616,226,105
19150617,243,112
19150618,258,127
19150619,267,156
19150620,212,154
19150621,226,155
19150622,251,131
19150623,277,143
19150624,267,155
19150625,271,163
19150626,281,159
19150627,286,174
19150628,232,173
19150629,198,156
19150630,229,152
19150701,215,156
19150702,186,148
19150703,246,170
19150704,279,192
19150705,286,163
19150706,295,177
19150707,302,188
19150708,315,213
19150709,302,200
19150710,313,199
19150711,240,168
19150712,275,164
19150713,298,181
19150714,307,163
19150715,243,160
19150716,233,153
19150717,284,153
19150718,201,147
19150719,205,128
19150720,233,117
19150721,255,127
19150722,276,163
19150723,293,172
19150724,288,180
19150725,221,154
19150726,250,140
19150727,253,144
19150728,308,165
19150729,238,157
19150730,179,151
19150731,214,145
19150801,251,126
19150802,277,146
19150803,231,150
19150804,252,134
19150805,237,157
19150806,257,162
19150807,261,146
19150808,258,177
19150809,263,170
19150810,287,189
19150811,285,191
19150812,270,175
19150813,232,182
19150814,252,163
19150815,242,153
19150816,208,158
19150817,183,140
19150818,228,114
19150819,220,123
19150820,228,130
19150821,223,128
19150822,160,129
19150823,203,136
19150824,220,167
19150825,234,143
19150826,253,155
19150827,254,148
19150828,262,144
19150829,268,158
19150830,220,130
19150831,190,115
19150901,202,100
19150902,200,98
19150903,218,138
19150904,217,130
19150905,192,108
19150906,222,131
19150907,184,122
19150908,210,101
19150909,178,124
19150910,169,112
19150911,172,118
19150912,190,121
19150913,207,100
19150914,213,111
19150915,189,105
19150916,200,121
19150917,222,110
19150918,252,116
19150919,180,110
19150920,174,78
19150921,171,81
19150922,160,54
19150923,158,64
19150924,168,41
19150925,215,76
19150926,194,133
19150927,233,142
19150928,153,128
19150929,182,119
19150930,214,123
19151001,153,139
19151002,142,108
19151003,114,96
19151004,100,82
19151005,100,82
19151006,110,87
19151007,148,95
19151008,132,101
19151009,160,96
19151010,165,85
19151011,132,79
19151012,151,64
19151013,141,100
19151014,120,79
19151015,79,54
19151016,100,60
19151017,131,24
19151018,130,33
19151019,124,44
19151020,113,79
19151021,100,81
19151022,86,62
19151023,77,53
19151024,106,52
19151025,120,26
19151026,105,69
19151027,69,44
19151028,66,34
19151029,43,24
19151030,52,32
19151031,63,44
19151101,90,44
19151102,154,49
19151103,135,84
19151104,141,88
19151105,132,77
19151106,127,66
19151107,93,64
19151108,123,70
19151109,91,65
19151110,151,83
19151111,114,28
19151112,99,11
19151113,176,97
19151114,124,54
19151115,57,19
19151116,29,-2
19151117,34,-6
19151118,53,-18
19151119,66,-15
19151120,55,-3
19151121,40,10
19151122,23,0
19151123,10,-7
19151124,3,-13
19151125,14,-34
19151126,12,-19
19151127,2,-40
19151128,-16,-66
19151129,-25,-91
19151130,57,-50
19151201,61,16
19151202,90,46
19151203,129,76
19151204,158,100
19151205,156,93
19151206,161,90
19151207,157,108
19151208,157,105
19151209,161,94
19151210,160,111
19151211,163,113
19151212,163,131
19151213,145,15
19151214,40,9
19151215,25,-6
19151216,23,-2
19151217,61,-1
19151218,87,32
19151219,79,22
19151220,45,4
19151221,15,-19
19151222,-10,-38
19151223,13,-42
19151224,72,-4
19151225,121,55
19151226,125,84
19151227,100,39
19151228,123,64
19151229,113,56
19151230,131,80
19151231,80,55
19160101,71,50
19160102,46,17
19160103,102,35
19160104,100,33
19160105,81,2
19160106,73,30
19160107,112,40
19160108,101,50
19160109,71,29
19160110,51,15
19160111,71,-2
19160112,71,20
19160113,39,7
19160114,50,-3
19160115,32,-16
19160116,41,-25
19160117,62,-19
19160118,62,22
19160119,42,-11
19160120,5,-35
19160121,84,0
19160122,91,33
19160123,84,12
19160124,38,-21
19160125,85,-18
19160126,83,-1
19160127,70,9
19160128,68,-5
19160129,65,25
19160130,45,22
19160131,27,12
19160201,38,13
19160202,25,10
19160203,10,-5
19160204,36,-11
19160205,77,-3
19160206,52,4
19160207,21,3
19160208,40,7
19160209,31,8
19160210,29,-4
19160211,39,5
19160212,33,-22
19160213,40,-34
19160214,68,-39
19160215,89,5
19160216,104,14
19160217,103,8
19160218,72,1
19160219,78,1
19160220,84,8
19160221,41,-18
19160222,33,-31
19160223,16,-6
19160224,38,4
19160225,87,17
19160226,127,41
19160227,120,10
19160228,135,40
19160229,101,31
19160301,80,52
19160302,112,35
19160303,119,49
19160304,104,19
19160305,84,38
19160306,112,18
19160307,105,59
19160308,103,52
19160309,98,70
19160310,88,71
19160311,129,54
19160312,174,71
19160313,123,80
19160314,171,77
19160315,151,61
19160316,179,68
19160317,195,63
19160318,189,93
19160319,192,90
19160320,194,78
19160321,145,89
19160322,142,85
19160323,154,82
19160324,179,90
19160325,194,66
19160326,86,59
19160327,150,58
19160328,173,51
19160329,176,70
19160330,196,80
19160331,153,79
19160401,166,58
19160402,182,54
19160403,196,69
19160404,220,69
19160405,220,88
19160406,219,93
19160407,222,92
19160408,221,83
19160409,216,90
19160410,153,49
19160411,137,35
19160412,164,42
19160413,197,86
19160414,118,49
19160415,133,41
19160416,130,31
19160417,95,53
19160418,129,39
19160419,157,37
19160420,149,57
19160421,196,93
19160422,167,115
19160423,170,101
19160424,138,94
19160425,140,99
19160426,177,124
19160427,155,98
19160428,150,85
19160429,148,87
19160430,161,91
19160501,193,62
19160502,219,79
19160503,229,103
19160504,245,114
19160505,228,147
19160506,228,144
19160507,240,127
19160508,241,119
19160509,182,109
19160510,186,84
19160511,219,104
19160512,165,98
19160513,210,65
19160514,229,128
19160515,160,100
19160516,227,86
19160517,218,124
19160518,250,127
19160519,193,132
19160520,187,120
19160521,200,94
19160522,251,84
19160523,288,150
19160524,253,137
19160525,286,134
19160526,290,143
19160527,256,144
19160528,169,135
19160529,201,132
19160530,226,148
19160531,240,141
19160601,235,138
19160602,245,154
19160603,263,170
19160604,244,141
19160605,193,119
19160606,220,116
19160607,248,135
19160608,254,130
19160609,284,149
19160610,299,166
19160611,202,118
19160612,250,104
19160613,250,132
19160614,267,125
19160615,224,109
19160616,250,113
19160617,204,110
19160618,240,147
19160619,264,136
19160620,247,158
19160621,222,158
19160622,260,163
19160623,290,140
19160624,317,181
19160625,300,185
19160626,301,187
19160627,232,166
19160628,287,150
19160629,242,162
19160630,274,153
19160701,312,159
19160702,299,183
19160703,333,180
19160704,349,200
19160705,313,191
19160706,280,177
19160707,315,169
19160708,319,192
19160709,345,202
19160710,353,186
19160711,316,209
19160712,243,187
19160713,273,171
19160714,299,155
19160715,233,137
19160716,224,132
19160717,251,117
19160718,257,124
19160719,270,150
19160720,210,152
19160721,223,140
19160722,279,165
19160723,281,161
19160724,253,186
19160725,252,168
19160726,229,147
19160727,258,135
19160728,270,152
19160729,279,172
19160730,272,211
19160731,297,199
19160801,298,200
19160802,290,192
19160803,308,180
19160804,337,138
19160805,204,123
19160806,232,124
19160807,244,127
19160808,234,152
19160809,237,135
19160810,261,113
19160811,273,138
19160812,283,168
19160813,269,154
19160814,271,179
19160815,281,176
19160816,305,173
19160817,335,167
19160818,266,185
19160819,230,155
19160820,240,142
19160821,243,107
19160822,232,133
19160823,225,116
19160824,244,127
19160825,265,128
19160826,267,146
19160827,296,179
19160828,291,170
19160829,276,164
19160830,318,160
19160831,230,154
19160901,211,143
19160902,236,126
19160903,246,130
19160904,270,126
19160905,190,130
19160906,195,144
19160907,229,128
19160908,230,156
19160909,228,164
19160910,211,155
19160911,223,143
19160912,217,152
19160913,222,140
19160914,231,110
19160915,160,99
19160916,179,87
19160917,189,80
19160918,175,100
19160919,199,111
19160920,155,106
19160921,145,106
19160922,139,97
19160923,150,59
19160924,163,55
19160925,148,66
19160926,181,65
19160927,188,74
19160928,220,113
19160929,197,126
19160930,171,115
19161001,126,55
19161002,122,40
19161003,157,53
19161004,137,67
19161005,177,59
19161006,218,101
19161007,225,117
19161008,160,106
19161009,162,73
19161010,183,79
19161011,229,84
19161012,213,104
19161013,228,85
19161014,217,105
19161015,212,39
19161016,208,70
19161017,90,39
19161018,82,20
19161019,149,70
19161020,86,59
19161021,59,42
19161022,66,28
19161023,73,39
19161024,83,52
19161025,88,67
19161026,141,65
19161027,134,79
19161028,166,45
19161029,132,92
19161030,129,84
19161031,134,97
19161101,125,85
19161102,87,41
19161103,135,43
19161104,127,60
19161105,191,93
19161106,153,117
19161107,118,98
19161108,138,90
19161109,140,117
19161110,131,98
19161111,151,112
19161112,131,91
19161113,115,56
19161114,105,65
19161115,67,15
19161116,31,-3
19161117,29,-19
19161118,13,-5
19161119,58,7
19161120,130,59
19161121,130,80
19161122,109,60
19161123,79,48
19161124,81,64
19161125,81,53
19161126,90,50
19161127,105,56
19161128,81,48
19161129,73,44
19161130,67,56
19161201,62,56
19161202,70,55
19161203,68,53
19161204,73,58
19161205,70,56
19161206,77,52
19161207,70,53
19161208,63,49
19161209,58,33
19161210,69,24
19161211,99,48
19161212,103,28
19161213,150,79
19161214,121,37
19161215,98,29
19161216,91,17
19161217,54,3
19161218,46,15
19161219,32,18
19161220,46,24
19161221,39,29
19161222,44,18
19161223,94,20
19161224,105,48
19161225,50,31
19161226,120,43
19161227,137,32
19161228,64,9
19161229,75,-4
19161230,100,59
19161231,104,46
19170101,98,44
19170102,120,56
19170103,132,49
19170104,114,41
19170105,108,15
19170106,28,7
19170107,7,-15
19170108,-14,-45
19170109,59,-24
19170110,59,34
19170111,49,26
19170112,28,8
19170113,42,10
19170114,40,4
19170115,83,30
19170116,103,38
19170117,106,41
19170118,64,36
19170119,40,6
19170120,16,-2
19170121,5,-20
19170122,-4,-40
19170123,-13,-44
19170124,-39,-59
19170125,-22,-42
19170126,-22,-64
19170127,-31,-71
19170128,-66,-85
19170129,-48,-82
19170130,-40,-72
19170131,-32,-69
19170201,-13,-51
19170202,-23,-74
19170203,-30,-81
19170204,-15,-83
19170205,-58,-159
19170206,-18,-58
19170207,9,-57
19170208,-27,-85
19170209,-76,-142
19170210,-82,-205
19170211,-43,-180
19170212,-53,-80
19170213,-6,-67
19170214,24,-56
19170215,17,-117
19170216,-11,-140
19170217,0,-142
19170218,41,-63
19170219,39,-33
19170220,54,-2
19170221,28,-8
19170222,64,6
19170223,32,-39
19170224,5,-106
19170225,51,-55
19170226,39,-63
19170227,43,-59
19170228,65,-42
19170301,43,-31
19170302,30,-10
19170303,32,-40
19170304,8,-35
19170305,25,-34
19170306,48,0
19170307,61,9
19170308,88,13
19170309,59,-10
19170310,48,-37
19170311,93,-25
19170312,120,42
19170313,81,43
19170314,82,56
19170315,108,7
19170316,30,-14
19170317,50,-20
19170318,142,-1
19170319,150,46
19170320,143,32
19170321,39,6
19170322,38,9
19170323,49,10
19170324,69,39
19170325,110,23
19170326,106,48
19170327,116,45
19170328,101,37
19170329,90,30
19170330,127,14
19170331,155,94
19170401,165,87
19170402,175,84
19170403,163,60
19170404,159,76
19170405,170,40
19170406,159,91
19170407,98,53
19170408,124,47
19170409,124,58
19170410,146,46
19170411,100,53
19170412,168,47
19170413,185,67
19170414,158,88
19170415,206,108
19170416,149,88
19170417,123,41
19170418,84,26
19170419,90,16
19170420,102,14
19170421,124,41
19170422,132,29
19170423,67,36
19170424,108,58
19170425,134,36
19170426,128,71
19170427,146,47
19170428,180,44
19170429,189,91
19170430,219,100
19170501,226,106
19170502,210,126
19170503,241,100
19170504,209,130
19170505,234,120
19170506,246,103
19170507,139,74
19170508,211,67
19170509,187,126
19170510,230,108
19170511,248,123
19170512,252,139
19170513,265,140
19170514,253,149
19170515,223,150
19170516,234,124
19170517,242,120
19170518,260,124
19170519,275,120
19170520,259,142
19170521,250,118
19170522,147,85
19170523,197,67
19170524,230,87
19170525,267,111
19170526,240,138
19170527,206,116
19170528,206,104
19170529,209,133
19170530,274,140
19170531,254,154
19170601,241,130
19170602,276,134
19170603,293,157
19170604,254,161
19170605,276,153
19170606,291,156
19170607,313,161
19170608,295,172
19170609,254,169
19170610,249,151
19170611,249,156
19170612,233,158
19170613,270,156
19170614,275,153
19170615,264,185
19170616,251,160
19170617,271,141
19170618,275,144
19170619,297,144
19170620,318,168
19170621,301,190
19170622,298,179
19170623,283,164
19170624,252,154
19170625,286,149
19170626,308,162
19170627,300,183
19170628,309,174
19170629,330,189
19170630,334,184
19170701,264,185
19170702,248,164
19170703,259,189
19170704,268,175
19170705,289,175
19170706,267,173
19170707,279,149
19170708,302,165
19170709,244,157
19170710,217,135
19170711,224,131
19170712,215,156
19170713,252,153
19170714,269,135
19170715,301,146
19170716,311,186
19170717,309,188
19170718,295,179
19170719,315,185
19170720,290,187
19170721,236,163
19170722,265,145
19170723,261,150
19170724,271,150
19170725,274,147
19170726,299,156
19170727,278,163
19170728,308,171
19170729,341,171
19170730,338,191
19170731,354,189
19170801,349,195
19170802,332,218
19170803,305,180
19170804,297,178
19170805,262,166
19170806,239,167
19170807,263,167
19170808,279,179
19170809,300,157
19170810,300,143
19170811,260,140
19170812,311,146
19170813,313,183
19170814,350,212
19170815,322,199
19170816,244,150
19170817,255,129
19170818,262,157
19170819,279,156
19170820,280,155
19170821,300,156
19170822,281,170
19170823,299,183
19170824,325,184
19170825,307,196
19170826,238,181
19170827,240,144
19170828,275,144
19170829,310,183
19170830,233,135
19170831,242,143
19170901,233,136
19170902,251,129
19170903,233,134
19170904,223,107
19170905,231,115
19170906,248,132
19170907,272,120
19170908,258,157
19170909,281,150
19170910,267,154
19170911,262,165
19170912,285,149
19170913,208,139
19170914,185,118
19170915,210,90
19170916,217,129
19170917,265,116
19170918,277,180
19170919,279,171
19170920,288,170
19170921,281,165
19170922,229,171
19170923,229,122
19170924,248,119
19170925,229,135
19170926,232,106
19170927,243,108
19170928,246,118
19170929,246,110
19170930,201,138
19171001,209,119
19171002,212,98
19171003,232,79
19171004,251,127
19171005,220,153
19171006,174,83
19171007,118,52
19171008,88,42
19171009,151,78
19171010,219,114
19171011,244,111
19171012,135,77
19171013,164,41
19171014,225,100
19171015,183,104
19171016,153,73
19171017,134,103
19171018,161,109
19171019,184,78
19171020,152,103
19171021,125,97
19171022,117,104
19171023,117,88
19171024,116,79
19171025,119,52
19171026,126,34
19171027,161,56
19171028,211,90
19171029,157,91
19171030,106,74
19171031,138,61
19171101,116,47
19171102,93,35
19171103,126,79
19171104,147,85
19171105,112,45
19171106,105,21
19171107,85,2
19171108,136,35
19171109,73,40
19171110,118,37
19171111,96,75
19171112,77,64
19171113,79,50
19171114,57,33
19171115,62,31
19171116,79,34
19171117,68,21
19171118,75,31
19171119,85,13
19171120,74,9
19171121,92,9
19171122,90,40
19171123,72,-12
19171124,92,-11
19171125,116,54
19171126,72,9
19171127,32,-8
19171128,81,10
19171129,115,21
19171130,103,21
19171201,140,19
19171202,125,9
19171203,43,-2
19171204,28,-13
19171205,9,-37
19171206,-1,-63
19171207,11,-35
19171208,20,-2
19171209,13,-29
19171210,13,-13
19171211,4,-9
19171212,11,-5
19171213,20,-2
19171214,22,-34
19171215,20,-63
19171216,-3,-62
19171217,24,-27
19171218,11,-16
19171219,11,-14
19171220,2,-15
19171221,-7,-18
19171222,0,-18
19171223,-7,-31
19171224,-18,-38
19171225,-39,-85
19171226,-28,-54
19171227,-32,-68
19171228,-10,-45
19171229,14,-22
19171230,25,3
19171231,16,6
19180101,31,5
19180102,9,-32
19180103,-12,-56
19180104,-56,-143
19180105,-8,-136
19180106,53,-114
19180107,66,41
19180108,105,14
19180109,14,-28
19180110,-23,-97
19180111,32,-81
19180112,60,-36
19180113,77,52
19180114,68,-35
19180115,51,-73
19180116,92,37
19180117,97,34
19180118,131,60
19180119,131,67
19180120,119,67
19180121,135,69
19180122,134,80
19180123,140,87
19180124,126,60
19180125,117,32
19180126,63,-2
19180127,19,-18
19180128,18,-2
19180129,15,1
19180130,15,1
19180131,6,-2
19180201,2,-7
19180202,-4,-17
19180203,2,-18
19180204,1,-12
19180205,-12,-21
19180206,-4,-13
19180207,-4,-23
19180208,98,-18
19180209,97,2
19180210,125,24
19180211,142,10
19180212,166,74
19180213,121,48
19180214,97,12
19180215,12,-37
19180216,-8,-46
19180217,-26,-47
19180218,-7,-66
19180219,-19,-99
19180220,-16,-123
19180221,14,-116
19180222,71,-13
19180223,154,41
19180224,99,56
19180225,126,12
19180226,87,21
19180227,110,-19
19180228,88,-3
19180301,133,67
19180302,154,56
19180303,107,83
19180304,137,58
19180305,122,29
19180306,52,22
19180307,53,29
19180308,46,21
19180309,68,43
19180310,107,60
19180311,132,72
19180312,143,56
19180313,139,47
19180314,59,18
19180315,84,16
19180316,99,10
19180317,98,-2
19180318,139,17
19180319,177,14
19180320,180,45
19180321,161,68
19180322,130,75
19180323,109,65
19180324,210,52
19180325,206,75
19180326,75,-4
19180327,25,-38
19180328,42,-23
19180329,55,-25
19180330,86,-10
19180331,136,14
19180401,170,83
19180402,156,89
19180403,159,79
19180404,197,54
19180405,207,67
19180406,189,85
19180407,135,63
19180408,164,95
19180409,196,101
19180410,184,104
19180411,159,77
19180412,207,98
19180413,225,91
19180414,180,107
19180415,159,112
19180416,189,100
19180417,203,69
19180418,184,100
19180419,194,114
19180420,150,89
19180421,179,81
19180422,167,79
19180423,176,89
19180424,188,69
19180425,198,83
19180426,201,90
19180427,173,120
19180428,180,113
19180429,210,110
19180430,205,100
19180501,207,104
19180502,204,124
19180503,198,103
19180504,221,109
19180505,240,105
19180506,250,145
19180507,215,141
19180508,184,121
19180509,200,100
19180510,161,118
19180511,236,90
19180512,202,123
19180513,209,119
19180514,202,114
19180515,165,131
19180516,195,139
19180517,202,130
19180518,214,120
19180519,240,122
19180520,261,138
19180521,276,150
19180522,289,153
19180523,286,161
19180524,281,162
19180525,184,120
19180526,159,105
19180527,178,90
19180528,167,118
19180529,191,133
19180530,218,146
19180531,232,154
19180601,249,138
19180602,165,108
19180603,234,118
19180604,125,99
19180605,175,95
19180606,177,106
19180607,222,93
19180608,234,90
19180609,237,115
19180610,263,151
19180611,230,150
19180612,199,134
19180613,208,116
19180614,255,122
19180615,261,132
19180616,260,155
19180617,298,160
19180618,311,193
19180619,248,135
19180620,160,134
19180621,231,131
19180622,235,129
19180623,163,88
19180624,200,80
19180625,211,110
19180626,255,110
19180627,231,141
19180628,209,130
19180629,242,126
19180630,185,134
19180701,155,119
19180702,216,111
19180703,185,133
19180704,221,134
19180705,247,140
19180706,248,143
19180707,237,142
19180708,268,140
19180709,291,141
19180710,286,174
19180711,289,174
19180712,286,176
19180713,298,191
19180714,287,190
19180715,298,189
19180716,326,192
19180717,336,206
19180718,344,196
19180719,298,214
19180720,306,198
19180721,281,181
19180722,236,169
19180723,283,173
19180724,302,181
19180725,290,206
19180726,210,165
19180727,239,155
19180728,192,135
19180729,245,123
19180730,247,146
19180731,251,140
19180801,266,153
19180802,288,156
19180803,293,179
19180804,209,159
19180805,252,147
19180806,267,162
19180807,192,149
19180808,195,133
19180809,249,132
19180810,177,144
19180811,224,145
19180812,249,181
19180813,260,155
19180814,226,160
19180815,251,144
19180816,275,150
19180817,289,162
19180818,291,186
19180819,236,178
19180820,239,163
19180821,260,155
19180822,296,154
19180823,315,160
19180824,308,168
19180825,290,173
19180826,250,156
19180827,192,125
19180828,230,105
19180829,242,141
19180830,166,131
19180831,202,128
19180901,233,101
19180902,197,140
19180903,195,153
19180904,206,149
19180905,256,118
19180906,268,153
19180907,250,145
19180908,252,153
19180909,245,148
19180910,211,131
19180911,252,135
19180912,256,130
19180913,213,99
19180914,187,72
19180915,202,103
19180916,222,106
19180917,241,115
19180918,250,121
19180919,270,153
19180920,265,132
19180921,187,124
19180922,201,104
19180923,252,119
19180924,243,163
19180925,274,152
19180926,239,146
19180927,247,111
19180928,191,144
19180929,172,112
19180930,169,77
19181001,147,98
19181002,99,67
19181003,102,55
19181004,143,52
19181005,144,48
19181006,147,90
19181007,171,73
19181008,167,77
19181009,128,91
19181010,116,92
19181011,125,110
19181012,171,112
19181013,182,85
19181014,185,112
19181015,170,141
19181016,170,119
19181017,158,113
19181018,147,117
19181019,173,115
19181020,186,96
19181021,169,71
19181022,180,88
19181023,164,74
19181024,139,87
19181025,130,109
19181026,125,96
19181027,113,66
19181028,107,44
19181029,93,44
19181030,58,44
19181031,62,47
19181101,119,52
19181102,106,87
19181103,117,92
19181104,195,88
19181105,181,117
19181106,193,100
19181107,126,102
19181108,153,101
19181109,146,101
19181110,138,99
19181111,124,75
19181112,115,37
19181113,80,38
19181114,78,21
19181115,44,11
19181116,24,10
19181117,27,3
19181118,10,2
19181119,18,2
19181120,23,-8
19181121,39,-9
19181122,14,-30
19181123,-11,-35
19181124,-6,-21
19181125,8,-17
19181126,-12,-59
19181127,-16,-33
19181128,1,-30
19181129,8,-12
19181130,24,-3
19181201,18,5
19181202,19,4
19181203,21,-13
19181204,20,-9
19181205,68,11
19181206,77,30
19181207,32,10
19181208,29,10
19181209,59,25
19181210,51,29
19181211,69,46
19181212,91,55
19181213,109,50
19181214,83,46
19181215,103,44
19181216,56,25
19181217,50,34
19181218,51,6
19181219,88,0
19181220,78,32
19181221,62,2
19181222,15,-18
19181223,85,3
19181224,90,17
19181225,20,7
19181226,19,9
19181227,26,4
19181228,20,-7
19181229,77,-3
19181230,96,32
19181231,120,33
19190101,97,30
19190102,50,28
19190103,94,31
19190104,102,40
19190105,125,68
19190106,149,109
19190107,150,100
19190108,115,76
19190109,81,61
19190110,79,66
19190111,77,57
19190112,76,29
19190113,86,26
19190114,59,39
19190115,54,23
19190116,56,31
19190117,66,28
19190118,33,22
19190119,37,22
19190120,35,22
19190121,23,9
19190122,14,5
19190123,5,-6
19190124,6,-14
19190125,-1,-17
19190126,7,-7
19190127,6,-1
19190128,22,2
19190129,4,-15
19190130,1,-23
19190131,-6,-30
19190201,-1,-38
19190202,-21,-43
19190203,-3,-28
19190204,17,-25
19190205,5,-29
19190206,10,-44
19190207,2,-47
19190208,-46,-66
19190209,-45,-69
19190210,-24,-65
19190211,-15,-128
19190212,19,-88
19190213,24,-57
19190214,17,-45
19190215,31,-35
19190216,61,-19
19190217,114,29
19190218,137,76
19190219,97,56
19190220,92,17
19190221,131,66
19190222,130,84
19190223,143,56
19190224,116,74
19190225,129,42
19190226,146,46
19190227,86,54
19190228,83,45
19190301,65,43
19190302,79,28
19190303,114,8
19190304,133,26
19190305,129,74
19190306,139,76
19190307,96,60
19190308,76,16
19190309,86,49
19190310,127,10
19190311,153,13
19190312,180,37
19190313,163,61
19190314,86,64
19190315,71,50
19190316,66,26
19190317,53,10
19190318,47,6
19190319,56,8
19190320,68,-2
19190321,70,11
19190322,135,45
19190323,117,28
19190324,143,60
19190325,179,81
19190326,169,88
19190327,189,83
19190328,145,38
19190329,103,27
19190330,140,9999
19190331,9999,0
19190401,106,9
19190402,111,29
19190403,116,60
19190404,106,67
19190405,130,90
19190406,164,102
19190407,173,104
19190408,150,99
19190409,182,92
19190410,136,88
19190411,119,68
19190412,163,63
19190413,199,71
19190414,132,93
19190415,163,75
19190416,118,67
19190417,122,69
19190418,102,74
19190419,151,92
19190420,143,109
19190421,125,61
19190422,83,9
19190423,65,-3
19190424,123,7
19190425,144,21
19190426,146,51
19190427,121,43
19190428,152,25
19190429,126,46
19190430,112,38
19190501,122,25
19190502,180,54
19190503,196,118
19190504,161,80
19190505,147,67
19190506,145,76
19190507,101,81
19190508,144,79
19190509,173,62
19190510,205,75
19190511,226,98
19190512,223,118
19190513,220,114
19190514,183,108
19190515,157,67
19190516,168,59
19190517,180,69
19190518,140,83
19190519,153,66
19190520,141,79
19190521,167,93
19190522,185,101
19190523,209,82
19190524,168,97
19190525,198,93
19190526,214,88
19190527,188,108
19190528,208,121
19190529,227,126
19190530,252,113
19190531,252,153
19190601,271,150
19190602,232,149
19190603,166,112
19190604,111,75
19190605,197,58
19190606,210,119
19190607,211,125
19190608,222,130
19190609,242,168
19190610,275,168
19190611,276,198
19190612,289,172
19190613,299,176
19190614,227,162
19190615,237,150
19190616,225,153
19190617,263,119
19190618,283,146
19190619,293,150
19190620,296,161
19190621,312,165
19190622,250,133
19190623,233,114
19190624,200,109
19190625,182,96
19190626,161,112
19190627,205,105
19190628,233,107
19190629,245,125
19190630,235,109
19190701,208,106
19190702,267,141
19190703,179,132
19190704,237,105
19190705,273,143
19190706,286,161
19190707,290,195
19190708,296,170
19190709,266,190
19190710,248,151
19190711,247,161
19190712,240,157
19190713,274,141
19190714,211,132
19190715,178,140
19190716,168,133
19190717,231,162
19190718,261,132
19190719,275,156
19190720,289,154
19190721,236,158
19190722,193,130
19190723,231,121
19190724,215,147
19190725,189,138
19190726,192,141
19190727,222,128
19190728,239,132
19190729,222,144
19190730,209,161
19190731,229,158
19190801,259,143
19190802,265,151
19190803,280,170
19190804,237,141
19190805,214,156
19190806,246,161
19190807,257,142
19190808,226,135
19190809,236,148
19190810,274,153
19190811,302,175
19190812,256,172
19190813,274,176
19190814,301,173
19190815,264,197
19190816,242,171
19190817,263,158
19190818,274,167
19190819,284,171
19190820,296,177
19190821,306,167
19190822,292,182
19190823,251,171
19190824,261,148
19190825,185,147
19190826,181,132
19190827,235,142
19190828,257,165
19190829,282,160
19190830,291,170
19190831,187,121
19190901,188,138
19190902,188,149
19190903,228,131
19190904,242,141
19190905,253,161
19190906,227,158
19190907,252,152
19190908,265,159
19190909,255,156
19190910,259,149
19190911,257,155
19190912,250,149
19190913,254,147
19190914,263,151
19190915,268,149
19190916,269,169
19190917,259,170
19190918,250,162
19190919,248,132
19190920,169,128
19190921,176,113
19190922,156,54
19190923,165,56
19190924,204,98
19190925,230,131
19190926,227,123
19190927,234,128
19190928,244,134
19190929,241,164
19190930,200,160
19191001,223,161
19191002,207,143
19191003,164,125
19191004,158,126
19191005,193,143
19191006,212,126
19191007,213,121
19191008,170,99
19191009,125,73
19191010,117,53
19191011,105,27
19191012,120,42
19191013,128,26
19191014,183,92
19191015,123,89
19191016,104,41
19191017,87,30
19191018,95,21
19191019,110,65
19191020,90,34
19191021,81,49
19191022,93,62
19191023,91,68
19191024,102,70
19191025,110,79
19191026,121,75
19191027,121,79
19191028,120,54
19191029,75,34
19191030,74,13
19191031,95,6
19191101,40,25
19191102,39,27
19191103,43,4
19191104,68,-15
19191105,109,14
19191106,155,77
19191107,176,107
19191108,162,102
19191109,132,79
19191110,134,67
19191111,123,45
19191112,71,17
19191113,51,11
19191114,48,14
19191115,121,32
19191116,143,6
19191117,6,-40
19191118,26,-57
19191119,47,11
19191120,88,20
19191121,78,10
19191122,27,-17
19191123,59,-16
19191124,74,17
19191125,74,8
19191126,114,62
19191127,97,59
19191128,112,69
19191129,97,69
19191130,72,64
19191201,108,37
19191202,61,37
19191203,55,37
19191204,54,19
19191205,46,18
19191206,61,-8
19191207,54,14
19191208,36,-7
19191209,34,15
19191210,34,16
19191211,36,14
19191212,34,8
19191213,23,4
19191214,26,16
19191215,24,0
19191216,3,-18
19191217,-5,-18
19191218,4,-35
19191219,29,-46
19191220,8,-29
19191221,27,-44
19191222,17,-20
19191223,37,-36
19191224,97,-13
19191225,77,37
19191226,60,13
19191227,39,-14
19191228,104,39
19191229,62,39
19191230,109,40
19191231,110,86
19200101,109,73
19200102,80,50
19200103,50,15
19200104,34,12
19200105,46,26
19200106,45,23
19200107,34,24
19200108,69,23
19200109,88,53
19200110,65,12
19200111,127,36
19200112,132,68
19200113,152,27
19200114,142,54
19200115,79,20
19200116,38,-2
19200117,129,-5
19200118,94,55
19200119,109,38
19200120,70,4
19200121,55,9
19200122,49,-9
19200123,37,4
19200124,32,-25
19200125,25,-35
19200126,35,-35
19200127,9,-26
19200128,49,-27
19200129,94,13
19200130,23,-1
19200131,31,8
19200201,55,23
19200202,85,33
19200203,57,31
19200204,32,-13
19200205,3,-21
19200206,29,1
19200207,49,-4
19200208,57,-33
19200209,46,-26
19200210,64,-36
19200211,99,19
19200212,111,29
19200213,93,-5
19200214,116,10
19200215,123,30
19200216,73,36
19200217,81,34
19200218,111,32
19200219,118,30
19200220,122,14
19200221,92,51
19200222,83,39
19200223,92,48
19200224,127,5
19200225,124,5
19200226,153,25
19200227,168,69
19200228,116,32
19200229,98,28
19200301,139,5
19200302,169,40
19200303,187,52
19200304,187,63
19200305,193,66
19200306,221,66
19200307,213,98
19200308,228,103
19200309,110,17
19200310,51,13
19200311,38,14
19200312,37,7
19200313,40,6
19200314,89,12
19200315,108,17
19200316,143,72
19200317,153,99
19200318,174,71
19200319,160,62
19200320,131,52
19200321,143,61
19200322,142,56
19200323,117,49
19200324,136,36
19200325,139,46
19200326,154,71
19200327,186,31
19200328,179,81
19200329,152,80
19200330,102,81
19200331,150,86
19200401,173,90
19200402,176,71
19200403,176,102
19200404,186,82
19200405,166,68
19200406,157,49
19200407,156,63
19200408,187,50
19200409,197,73
19200410,221,114
19200411,235,120
19200412,193,107
19200413,191,93
19200414,152,117
19200415,212,108
19200416,236,106
19200417,245,124
19200418,280,135
19200419,256,122
19200420,221,127
19200421,166,120
19200422,120,91
19200423,121,89
19200424,162,99
19200425,173,101
19200426,189,87
19200427,118,93
19200428,183,93
19200429,196,101
19200430,200,103
19200501,235,106
19200502,265,120
19200503,278,160
19200504,267,142
19200505,155,79
19200506,144,76
19200507,183,70
19200508,159,103
19200509,180,90
19200510,190,109
19200511,180,96
19200512,197,72
19200513,219,109
19200514,236,125
19200515,203,124
19200516,197,122
19200517,270,152
19200518,285,175
19200519,292,157
19200520,301,189
19200521,296,180
19200522,244,172
19200523,239,155
19200524,262,140
19200525,277,162
19200526,296,177
19200527,284,168
19200528,287,180
19200529,274,184
19200530,264,177
19200531,213,173
19200601,226,159
19200602,265,156
19200603,271,136
19200604,207,96
19200605,146,83
19200606,194,98
19200607,202,106
19200608,135,96
19200609,193,110
19200610,237,113
19200611,246,140
19200612,232,141
19200613,243,163
19200614,214,156
19200615,218,150
19200616,212,146
19200617,210,144
19200618,216,149
19200619,224,145
19200620,273,138
19200621,268,163
19200622,254,177
19200623,244,163
19200624,259,137
19200625,269,159
19200626,274,157
19200627,287,169
19200628,268,169
19200629,291,178
19200630,305,193
19200701,301,196
19200702,275,191
19200703,300,191
19200704,310,192
19200705,308,192
19200706,289,160
19200707,300,152
19200708,319,175
19200709,331,193
19200710,240,168
19200711,206,161
19200712,271,158
19200713,288,152
19200714,251,154
19200715,266,162
19200716,298,153
19200717,309,175
19200718,332,192
19200719,344,203
19200720,250,167
19200721,267,148
19200722,294,150
19200723,307,187
19200724,327,192
19200725,253,182
19200726,286,162
19200727,312,180
19200728,221,121
19200729,172,111
19200730,232,147
19200731,246,138
19200801,260,158
19200802,269,151
19200803,292,170
19200804,299,176
19200805,290,183
19200806,314,189
19200807,230,178
19200808,257,144
19200809,275,192
19200810,297,170
19200811,267,182
19200812,217,155
19200813,253,136
19200814,265,149
19200815,232,161
19200816,231,169
19200817,251,170
19200818,269,152
19200819,277,159
19200820,285,170
19200821,198,129
19200822,189,134
19200823,211,157
19200824,197,128
19200825,152,123
19200826,203,122
19200827,197,120
19200828,197,129
19200829,212,128
19200830,198,138
19200831,190,129
19200901,209,137
19200902,202,124
19200903,198,129
19200904,184,129
19200905,191,119
19200906,242,141
19200907,218,141
19200908,203,121
19200909,203,112
19200910,212,129
19200911,195,146
19200912,181,120
19200913,202,100
19200914,203,108
19200915,216,120
19200916,222,107
19200917,253,121
19200918,261,151
19200919,263,154
19200920,251,145
19200921,273,163
19200922,277,167
19200923,283,176
19200924,270,170
19200925,273,142
19200926,259,158
19200927,246,143
19200928,214,148
19200929,206,145
19200930,198,141
19201001,183,123
19201002,241,123
19201003,238,142
19201004,183,150
19201005,152,111
19201006,153,72
19201007,150,48
19201008,159,39
19201009,156,79
19201010,154,108
19201011,152,99
19201012,166,100
19201013,154,64
19201014,160,52
19201015,159,51
19201016,163,52
19201017,190,52
19201018,128,62
19201019,82,50
19201020,72,28
19201021,58,36
19201022,72,50
19201023,98,61
19201024,94,68
19201025,124,57
19201026,109,41
19201027,110,22
19201028,95,38
19201029,38,-22
19201030,0,-60
19201031,2,-58
19201101,4,-21
19201102,20,-41
19201103,33,1
19201104,54,20
19201105,50,31
19201106,67,5
19201107,49,14
19201108,29,9
19201109,55,11
19201110,67,4
19201111,24,-34
19201112,27,-43
19201113,31,18
19201114,22,7
19201115,12,-2
19201116,63,-5
19201117,136,42
19201118,98,37
19201119,67,36
19201120,56,18
19201121,18,-13
19201122,25,-11
19201123,17,-16
19201124,12,3
19201125,3,-20
19201126,-12,-25
19201127,-16,-30
19201128,34,-26
19201129,47,-6
19201130,51,27
19201201,58,32
19201202,68,39
19201203,66,6
19201204,38,-15
19201205,31,8
19201206,22,6
19201207,37,14
19201208,38,18
19201209,28,5
19201210,21,4
19201211,13,0
19201212,22,9
19201213,28,10
19201214,18,-6
19201215,-5,-26
19201216,7,-20
19201217,29,6
19201218,25,10
19201219,17,-7
19201220,10,-3
19201221,6,-7
19201222,27,2
19201223,20,7
19201224,11,-13
19201225,17,-13
19201226,49,-16
19201227,80,-18
19201228,91,4
19201229,116,19
19201230,96,63
19201231,122,89
19210101,132,56
19210102,118,30
19210103,87,24
19210104,64,21
19210105,52,2
19210106,24,-1
19210107,37,13
19210108,45,25
19210109,69,25
19210110,111,38
19210111,108,38
19210112,95,23
19210113,137,67
19210114,153,70
19210115,70,33
19210116,36,7
19210117,18,7
19210118,51,0
19210119,62,15
19210120,72,9
19210121,56,13
19210122,103,1
19210123,113,42
19210124,111,5
19210125,60,2
19210126,45,-8
19210127,96,29
19210128,36,-6
19210129,99,-21
19210130,116,14
19210131,122,44
19210201,125,48
19210202,88,44
19210203,71,16
19210204,55,20
19210205,83,14
19210206,43,2
19210207,15,1
19210208,18,-4
19210209,5,-18
19210210,-1,-27
19210211,12,-17
19210212,22,-18
19210213,25,-29
19210214,61,-27
19210215,76,-2
19210216,106,12
19210217,110,40
19210218,122,20
19210219,70,7
19210220,50,-2
19210221,65,-16
19210222,64,5
19210223,69,-17
19210224,80,-15
19210225,69,-18
19210226,71,-14
19210227,87,-17
19210228,102,-18
19210301,113,15
19210302,140,28
19210303,128,28
19210304,110,40
19210305,152,7
19210306,142,56
19210307,101,70
19210308,83,4
19210309,53,-14
19210310,72,-30
19210311,82,3
19210312,83,-6
19210313,122,15
19210314,130,7
19210315,150,27
19210316,173,39
19210317,177,36
19210318,164,26
19210319,173,22
19210320,160,41
19210321,150,34
19210322,150,42
19210323,180,36
19210324,199,51
19210325,207,57
19210326,209,85
19210327,205,78
19210328,108,53
19210329,172,38
19210330,186,66
19210331,174,79
19210401,175,92
19210402,182,104
19210403,173,81
19210404,152,40
19210405,155,30
19210406,115,63
19210407,131,55
19210408,134,85
19210409,195,69
19210410,207,110
19210411,186,71
19210412,196,59
19210413,225,54
19210414,200,100
19210415,176,107
19210416,129,66
19210417,67,38
19210418,80,41
19210419,92,38
19210420,86,52
19210421,115,31
19210422,136,54
19210423,134,47
19210424,96,50
19210425,128,79
19210426,149,109
19210427,169,105
19210428,146,89
19210429,135,74
19210430,171,86
19210501,127,95
19210502,115,62
19210503,176,88
19210504,159,95
19210505,170,83
19210506,129,68
19210507,165,55
19210508,197,88
19210509,226,109
19210510,248,124
19210511,240,124
19210512,239,105
19210513,244,144
19210514,237,130
19210515,247,135
19210516,265,144
19210517,256,141
19210518,264,156
19210519,283,144
19210520,295,162
19210521,281,172
19210522,264,165
19210523,271,171
19210524,262,175
19210525,273,150
19210526,277,162
19210527,272,148
19210528,247,160
19210529,266,139
19210530,265,142
19210531,264,155
19210601,212,169
19210602,253,176
19210603,293,169
19210604,299,203
19210605,302,205
19210606,280,164
19210607,210,125
19210608,236,117
19210609,263,126
19210610,190,138
19210611,200,130
19210612,241,108
19210613,218,129
19210614,160,120
19210615,155,121
19210616,214,143
19210617,232,142
19210618,251,119
19210619,163,109
19210620,144,98
19210621,187,100
19210622,180,87
19210623,207,100
19210624,219,119
19210625,237,129
19210626,251,130
19210627,286,144
19210628,295,173
19210629,302,170
19210630,308,187
19210701,308,180
19210702,256,165
19210703,205,148
19210704,223,136
19210705,245,124
19210706,255,154
19210707,245,139
19210708,250,145
19210709,253,147
19210710,276,139
19210711,280,176
19210712,306,168
19210713,302,181
19210714,299,202
19210715,294,182
19210716,311,204
19210717,305,180
19210718,325,200
19210719,295,206
19210720,284,186
19210721,300,171
19210722,281,161
19210723,316,185
19210724,337,194
19210725,345,208
19210726,354,222
19210727,362,222
19210728,368,221
19210729,365,217
19210730,320,233
19210731,332,203
19210801,344,223
19210802,341,216
19210803,350,209
19210804,341,176
19210805,246,165
19210806,297,158
19210807,329,177
19210808,342,219
19210809,326,221
19210810,328,217
19210811,367,219
19210812,363,204
19210813,250,151
19210814,217,139
19210815,215,140
19210816,230,123
19210817,259,139
19210818,281,150
19210819,277,149
19210820,249,169
19210821,268,172
19210822,264,163
19210823,266,162
19210824,257,159
19210825,219,160
19210826,267,141
19210827,253,159
19210828,227,170
19210829,275,153
19210830,309,156
19210831,224,139
19210901,230,111
19210902,248,104
19210903,274,121
19210904,295,148
19210905,253,157
19210906,227,137
19210907,217,109
19210908,227,111
19210909,251,109
19210910,278,130
19210911,283,187
19210912,272,170
19210913,239,152
19210914,280,120
19210915,293,147
19210916,297,160
19210917,257,166
19210918,196,127
19210919,190,111
19210920,186,76
19210921,199,79
19210922,174,95
19210923,194,92
19210924,210,89
19210925,230,78
19210926,202,124
19210927,163,99
19210928,149,86
19210929,168,87
19210930,140,74
19211001,174,74
19211002,195,65
19211003,224,70
19211004,249,154
19211005,181,118
19211006,190,119
19211007,198,91
19211008,225,70
19211009,227,127
19211010,230,119
19211011,228,122
19211012,236,106
19211013,246,123
19211014,229,126
19211015,182,112
19211016,172,104
19211017,188,65
19211018,190,58
19211019,195,68
19211020,201,54
19211021,200,66
19211022,187,61
19211023,213,66
19211024,66,11
19211025,76,24
19211026,99,21
19211027,111,4
19211028,122,49
19211029,114,35
19211030,151,57
19211031,106,40
19211101,114,-1
19211102,164,81
19211103,122,68
19211104,83,74
19211105,106,65
19211106,118,93
19211107,126,32
19211108,53,5
19211109,44,18
19211110,23,-8
19211111,6,-24
19211112,18,-22
19211113,12,-24
19211114,33,6
19211115,37,18
19211116,60,33
19211117,81,60
19211118,74,60
19211119,61,51
19211120,61,49
19211121,61,40
19211122,54,4
19211123,43,-11
19211124,26,-31
19211125,-28,-42
19211126,-17,-36
19211127,-15,-33
19211128,-16,-37
19211129,10,-18
19211130,10,-76
19211201,-58,-104
19211202,-70,-91
19211203,-10,-73
19211204,-8,-28
19211205,12,-18
19211206,19,-12
19211207,16,-13
19211208,0,-46
19211209,116,-44
19211210,89,20
19211211,20,-27
19211212,-18,-31
19211213,-24,-51
19211214,-21,-44
19211215,-30,-50
19211216,-29,-51
19211217,0,-57
19211218,78,0
19211219,85,12
19211220,92,-31
19211221,85,16
19211222,33,-13
19211223,78,7
19211224,61,34
19211225,42,28
19211226,40,13
19211227,49,-2
19211228,67,-26
19211229,78,42
19211230,65,17
19211231,67,-8
19220101,65,2
19220102,94,31
19220103,105,24
19220104,24,6
19220105,22,-18
19220106,-2,-31
19220107,-13,-31
19220108,-11,-60
19220109,4,-59
19220110,60,-8
19220111,80,16
19220112,33,6
19220113,58,-89
19220114,-2,-100
19220115,11,-30
19220116,4,-57
19220117,8,-28
19220118,22,-40
19220119,33,6
19220120,21,9
19220121,18,5
19220122,24,-20
19220123,-20,-52
19220124,-50,-63
19220125,-44,-65
19220126,-31,-60
19220127,-35,-63
19220128,-36,-64
19220129,-19,-55
19220130,4,-41
19220131,29,-1
19220201,31,-5
19220202,53,-14
19220203,58,-19
19220204,96,-4
19220205,-4,-65
19220206,-56,-87
19220207,-65,-95
19220208,-61,-91
19220209,-52,-107
19220210,-39,-103
19220211,-27,-54
19220212,-18,-74
19220213,-45,-136
19220214,-42,-156
19220215,-26,-115
19220216,5,-66
19220217,32,-71
19220218,52,-33
19220219,45,9
19220220,65,-21
19220221,74,11
19220222,74,15
19220223,75,18
19220224,89,-14
19220225,91,33
19220226,112,-5
19220227,112,-1
19220228,133,26
19220301,156,53
19220302,142,45
19220303,103,33
19220304,107,11
19220305,171,39
19220306,167,48
19220307,160,66
19220308,115,73
19220309,158,83
19220310,189,109
19220311,185,94
19220312,204,71
19220313,166,76
19220314,164,71
19220315,168,67
19220316,123,32
19220317,136,16
19220318,128,56
19220319,181,27
19220320,156,98
19220321,180,91
19220322,103,61
19220323,157,64
19220324,135,61
19220325,80,16
19220326,107,36
19220327,144,43
19220328,82,35
19220329,100,36
19220330,51,11
19220331,88,16
19220401,128,62
19220402,125,40
19220403,103,39
19220404,145,77
19220405,96,35
19220406,78,36
19220407,148,20
19220408,154,53
19220409,148,58
19220410,103,35
19220411,48,27
19220412,145,-1
19220413,196,58
19220414,216,92
19220415,239,113
19220416,258,115
19220417,221,101
19220418,165,91
19220419,139,63
19220420,106,59
19220421,119,40
19220422,89,50
19220423,147,49
19220424,136,69
19220425,89,59
19220426,143,59
19220427,177,78
19220428,199,116
19220429,180,112
19220430,214,98
19220501,179,77
19220502,158,65
19220503,138,70
19220504,187,88
19220505,209,85
19220506,140,106
19220507,189,109
19220508,194,134
19220509,236,114
19220510,234,131
19220511,186,117
19220512,222,111
19220513,228,93
19220514,126,76
19220515,150,86
19220516,215,96
19220517,267,123
19220518,264,142
19220519,226,149
19220520,274,133
19220521,237,154
19220522,238,152
19220523,246,134
19220524,258,145
19220525,277,140
19220526,282,157
19220527,281,160
19220528,232,159
19220529,238,127
19220530,224,123
19220531,239,119
19220601,287,105
19220602,300,170
19220603,305,157
19220604,288,167
19220605,259,166
19220606,255,177
19220607,268,159
19220608,275,161
19220609,279,191
19220610,299,167
19220611,292,179
19220612,215,125
19220613,209,121
19220614,164,130
19220615,257,135
19220616,268,138
19220617,272,168
19220618,256,162
19220619,166,115
19220620,173,116
19220621,258,153
19220622,278,162
19220623,261,160
19220624,256,172
19220625,281,163
19220626,270,175
19220627,230,138
19220628,286,149
19220629,293,166
19220630,246,175
19220701,249,148
19220702,266,126
19220703,275,139
19220704,302,171
19220705,314,181
19220706,337,188
19220707,312,185
19220708,283,179
19220709,327,171
19220710,294,163
19220711,328,195
19220712,346,195
19220713,308,176
19220714,278,161
19220715,306,172
19220716,283,123
19220717,258,120
19220718,278,142
19220719,206,116
19220720,260,108
19220721,290,153
19220722,316,154
19220723,335,180
19220724,271,166
19220725,188,139
19220726,217,136
19220727,264,144
19220728,217,171
19220729,221,148
19220730,246,119
19220731,273,135
19220801,294,152
19220802,305,163
19220803,253,159
19220804,273,145
19220805,293,176
19220806,258,186
19220807,309,170
19220808,338,202
19220809,350,200
19220810,298,186
19220811,309,184
19220812,295,188
19220813,275,187
19220814,323,158
19220815,361,196
19220816,248,182
19220817,254,157
19220818,290,157
19220819,214,120
19220820,251,102
19220821,268,122
19220822,304,148
19220823,268,178
19220824,187,89
19220825,200,84
19220826,244,144
19220827,225,138
19220828,234,120
19220829,243,129
19220830,281,136
19220831,278,160
19220901,266,153
19220902,263,139
19220903,210,141
19220904,196,132
19220905,191,125
19220906,166,114
19220907,153,110
19220908,191,114
19220909,146,126
19220910,195,109
19220911,165,128
19220912,171,126
19220913,189,96
19220914,202,124
19220915,168,126
19220916,207,115
19220917,192,125
19220918,229,91
19220919,161,94
19220920,161,75
19220921,219,103
19220922,235,125
19220923,259,131
19220924,233,144
19220925,218,141
19220926,144,114
19220927,151,118
19220928,208,136
19220929,190,9999
19220930,9999,114
19221001,133,95
19221002,125,82
19221003,157,66
19221004,180,84
19221005,218,115
19221006,194,126
19221007,174,129
19221008,168,130
19221009,135,102
19221010,117,95
19221011,128,94
19221012,117,73
19221013,122,79
19221014,95,77
19221015,104,89
19221016,146,96
19221017,114,61
19221018,82,57
19221019,75,60
19221020,86,70
19221021,120,67
19221022,79,36
19221023,60,38
19221024,61,33
19221025,63,32
19221026,51,28
19221027,61,37
19221028,93,39
19221029,53,37
19221030,78,44
19221031,184,73
19221101,117,70
19221102,125,61
19221103,103,86
19221104,163,42
19221105,80,22
19221106,71,2
19221107,52,12
19221108,92,36
19221109,77,2
19221110,104,56
19221111,83,61
19221112,66,53
19221113,75,44
19221114,72,22
19221115,52,-2
19221116,75,12
19221117,61,-2
19221118,44,5
19221119,65,-2
19221120,69,-5
19221121,49,23
19221122,60,3
19221123,53,-22
19221124,41,-28
19221125,50,-24
19221126,43,-37
19221127,57,-15
19221128,15,-34
19221129,3,-51
19221130,52,-20
19221201,66,22
19221202,28,3
19221203,19,3
19221204,41,2
19221205,54,4
19221206,88,-2
19221207,64,2
19221208,48,9
19221209,21,-31
19221210,5,-42
19221211,0,-47
19221212,18,-20
19221213,38,-13
19221214,52,-14
19221215,42,-19
19221216,-23,-49
19221217,-23,-50
19221218,79,-26
19221219,123,60
19221220,125,91
19221221,122,76
19221222,129,50
19221223,139,60
19221224,87,28
19221225,63,29
19221226,59,44
19221227,56,32
19221228,52,28
19221229,65,12
19221230,115,60
19221231,143,76
19230101,80,69
19230102,80,59
19230103,62,51
19230104,53,36
19230105,42,25
19230106,44,24
19230107,55,35
19230108,61,29
19230109,54,29
19230110,49,31
19230111,50,32
19230112,37,11
19230113,30,6
19230114,30,-18
19230115,15,-31
19230116,40,-36
19230117,6,-47
19230118,12,-20
19230119,28,-13
19230120,-6,-48
19230121,23,-18
19230122,37,-20
19230123,-4,-65
19230124,21,-41
19230125,45,-17
19230126,52,-13
19230127,45,21
19230128,46,9
19230129,58,-4
19230130,96,2
19230131,63,-15
19230201,101,20
19230202,118,26
19230203,106,42
19230204,90,24
19230205,88,41
19230206,50,25
19230207,47,2
19230208,22,-20
19230209,19,7
19230210,44,-5
19230211,24,-11
19230212,7,-16
19230213,10,-24
19230214,14,-25
19230215,24,-26
19230216,21,-59
19230217,55,-33
19230218,37,-10
19230219,-4,-24
19230220,48,-24
19230221,19,-15
19230222,54,-16
19230223,49,-60
19230224,51,12
19230225,78,6
19230226,42,13
19230227,57,7
19230228,68,26
19230301,95,-6
19230302,121,24
19230303,80,55
19230304,80,39
19230305,89,55
19230306,84,28
19230307,120,32
19230308,92,27
19230309,44,26
19230310,61,23
19230311,85,8
19230312,69,37
19230313,73,53
19230314,61,32
19230315,70,36
19230316,81,47
19230317,47,17
19230318,62,16
19230319,68,19
19230320,88,28
19230321,105,11
19230322,143,34
19230323,172,45
19230324,182,48
19230325,188,64
19230326,192,63
19230327,193,70
19230328,192,58
19230329,199,86
19230330,157,80
19230331,174,48
19230401,150,52
19230402,91,1
19230403,128,-13
19230404,104,46
19230405,110,0
19230406,111,34
19230407,157,10
19230408,86,44
19230409,119,32
19230410,93,65
19230411,152,75
19230412,190,62
19230413,226,100
19230414,153,112
19230415,148,88
19230416,143,72
19230417,149,64
19230418,140,65
19230419,159,73
19230420,170,87
19230421,208,117
19230422,207,129
19230423,159,115
19230424,172,98
19230425,160,87
19230426,209,70
19230427,162,115
19230428,164,94
19230429,125,88
19230430,190,77
19230501,220,90
19230502,241,103
19230503,267,115
19230504,214,133
19230505,234,149
19230506,244,116
19230507,279,130
19230508,300,147
19230509,292,159
19230510,255,170
19230511,163,82
19230512,213,48
19230513,123,70
19230514,194,52
19230515,240,103
19230516,249,103
19230517,188,119
19230518,181,101
19230519,134,56
19230520,181,59
19230521,213,80
19230522,237,97
19230523,253,123
19230524,266,131
19230525,276,139
19230526,260,146
19230527,250,130
19230528,259,132
19230529,266,165
19230530,298,168
19230531,308,196
19230601,295,175
19230602,233,148
19230603,243,133
19230604,263,147
19230605,164,111
19230606,185,105
19230607,189,90
19230608,196,70
19230609,213,90
19230610,231,135
19230611,273,135
19230612,210,97
19230613,192,79
19230614,217,92
19230615,196,114
19230616,200,107
19230617,154,115
19230618,147,110
19230619,196,98
19230620,211,85
19230621,220,104
19230622,216,123
19230623,221,134
19230624,191,143
19230625,261,129
19230626,254,161
19230627,161,106
19230628,206,94
19230629,196,126
19230630,220,130
19230701,262,119
19230702,197,140
19230703,212,145
19230704,241,161
19230705,249,156
19230706,255,148
19230707,287,178
19230708,279,179
19230709,292,196
19230710,292,186
19230711,297,175
19230712,300,163
19230713,312,173
19230714,320,173
19230715,330,182
19230716,313,186
19230717,285,181
19230718,320,195
19230719,290,187
19230720,257,166
19230721,280,176
19230722,293,176
19230723,267,168
19230724,280,157
19230725,298,184
19230726,306,183
19230727,215,156
19230728,253,158
19230729,283,165
19230730,266,156
19230731,309,177
19230801,313,173
19230802,277,173
19230803,305,166
19230804,275,192
19230805,280,196
19230806,263,166
19230807,282,148
19230808,317,164
19230809,301,196
19230810,333,194
19230811,342,183
19230812,276,206
19230813,262,186
19230814,305,167
19230815,316,177
19230816,233,138
19230817,241,137
19230818,261,167
19230819,222,148
19230820,234,132
19230821,247,166
19230822,292,158
19230823,241,171
19230824,277,158
19230825,214,160
19230826,227,155
19230827,249,146
19230828,240,159
19230829,230,141
19230830,258,126
19230831,271,160
19230901,278,175
19230902,218,154
19230903,252,143
19230904,178,122
19230905,157,118
19230906,195,130
19230907,204,116
19230908,227,110
19230909,199,135
19230910,219,110
19230911,243,112
19230912,252,136
19230913,257,141
19230914,254,135
19230915,225,160
19230916,245,167
19230917,254,145
19230918,246,155
19230919,230,128
19230920,171,100
19230921,195,95
19230922,223,112
19230923,240,132
19230924,240,108
19230925,179,77
19230926,201,84
19230927,191,114
19230928,191,111
19230929,210,132
19230930,214,141
19231001,237,118
19231002,255,117
19231003,200,147
19231004,169,130
19231005,180,121
19231006,152,84
19231007,160,81
19231008,172,84
19231009,177,91
19231010,193,136
19231011,222,147
19231012,209,139
19231013,241,153
19231014,234,105
19231015,126,87
19231016,135,51
19231017,138,38
19231018,141,43
19231019,160,50
19231020,233,65
19231021,208,116
19231022,214,144
19231023,217,147
19231024,223,103
19231025,230,176
19231026,234,145
19231027,234,123
19231028,239,132
19231029,247,114
19231030,199,102
19231031,182,94
19231101,121,78
19231102,125,97
19231103,140,99
19231104,159,90
19231105,118,92
19231106,164,80
19231107,178,108
19231108,162,9999
19231109,9999,40
19231110,112,22
19231111,138,64
19231112,186,83
19231113,176,83
19231114,117,92
19231115,138,63
19231116,117,48
19231117,74,25
19231118,76,42
19231119,42,10
19231120,30,14
19231121,36,17
19231122,31,6
19231123,33,8
19231124,41,10
19231125,34,8
19231126,43,22
19231127,114,31
19231128,91,54
19231129,150,93
19231130,143,90
19231201,107,51
19231202,61,45
19231203,80,34
19231204,69,41
19231205,75,36
19231206,82,55
19231207,55,38
19231208,59,38
19231209,52,40
19231210,63,49
19231211,56,46
19231212,57,45
19231213,64,54
19231214,59,43
19231215,55,37
19231216,54,0
19231217,90,-4
19231218,109,19
19231219,95,15
19231220,29,-17
19231221,-10,-61
19231222,-12,-63
19231223,-11,-66
19231224,2,-36
19231225,52,-38
19231226,39,-41
19231227,41,-59
19231228,-59,-97
19231229,-8,-60
19231230,-54,-117
19231231,-48,-110
19240101,-51,-128
19240102,-36,-108
19240103,35,-85
19240104,36,-21
19240105,4,-66
19240106,-39,-95
19240107,-41,-94
19240108,-25,-82
19240109,51,-26
19240110,14,7
19240111,9,-1
19240112,26,-2
19240113,20,-1
19240114,1,-39
19240115,-26,-39
19240116,1,-33
19240117,26,-25
19240118,35,-1
19240119,4,-22
19240120,38,-21
19240121,44,-23
19240122,15,-10
19240123,-3,-57
19240124,-39,-95
19240125,-34,-73
19240126,-18,-80
19240127,7,-86
19240128,40,-26
19240129,31,-23
19240130,9,-42
19240131,7,-33
19240201,9,-68
19240202,18,-71
19240203,76,-31
19240204,72,6
19240205,85,0
19240206,79,26
19240207,43,-13
19240208,24,-6
19240209,20,-11
19240210,18,-11
19240211,15,2
19240212,31,2
19240213,22,2
19240214,55,1
19240215,7,-12
19240216,1,-19
19240217,5,-24
19240218,-1,-37
19240219,5,-21
19240220,29,-16
19240221,34,-9
19240222,15,-13
19240223,19,-19
19240224,-13,-41
19240225,-3,-65
19240226,-8,-88
19240227,7,-18
19240228,27,-20
19240229,6,-37
19240301,47,-103
19240302,97,33
19240303,107,46
19240304,89,2
19240305,92,-3
19240306,127,38
19240307,58,12
19240308,12,-3
19240309,8,-11
19240310,41,0
19240311,51,-4
19240312,42,-16
19240313,17,-22
19240314,19,-47
19240315,17,-52
19240316,64,-37
19240317,98,4
19240318,21,5
19240319,50,6
19240320,98,-4
19240321,125,38
19240322,120,67
19240323,153,68
19240324,139,87
19240325,166,79
19240326,173,102
19240327,164,96
19240328,139,112
19240329,166,110
19240330,137,72
19240331,123,53
19240401,108,64
19240402,99,70
19240403,135,58
19240404,116,77
19240405,108,54
19240406,124,75
19240407,130,87
19240408,147,87
19240409,122,87
19240410,94,47
19240411,91,46
19240412,124,45
19240413,145,35
19240414,167,51
19240415,196,83
19240416,196,101
19240417,144,89
19240418,90,59
19240419,114,68
19240420,144,71
19240421,181,96
19240422,228,114
19240423,134,65
19240424,205,71
19240425,231,135
19240426,240,135
19240427,241,109
19240428,226,86
19240429,226,122
19240430,172,113
19240501,195,102
19240502,202,87
19240503,224,73
19240504,145,102
19240505,148,87
19240506,145,75
19240507,213,124
19240508,227,139
19240509,166,93
19240510,104,84
19240511,147,78
19240512,117,95
19240513,223,112
19240514,251,147
19240515,267,151
19240516,267,157
19240517,244,145
19240518,225,124
19240519,278,137
19240520,296,169
19240521,288,168
19240522,277,160
19240523,283,164
19240524,271,174
19240525,294,169
19240526,302,174
19240527,239,160
19240528,232,152
19240529,252,138
19240530,262,150
19240531,296,169
19240601,316,173
19240602,311,183
19240603,199,150
19240604,245,147
19240605,254,151
19240606,206,142
19240607,226,127
19240608,255,129
19240609,241,149
19240610,250,154
19240611,262,152
19240612,272,147
19240613,238,147
19240614,236,134
19240615,239,149
19240616,205,138
19240617,214,136
19240618,257,133
19240619,272,155
19240620,298,165
19240621,261,169
19240622,226,165
19240623,247,167
19240624,225,169
19240625,248,168
19240626,249,157
19240627,259,161
19240628,284,160
19240629,254,175
19240630,296,185
19240701,268,183
19240702,264,170
19240703,283,166
19240704,318,181
19240705,336,209
19240706,309,200
19240707,287,173
19240708,274,167
19240709,275,172
19240710,251,163
19240711,265,152
19240712,252,154
19240713,288,146
19240714,319,170
19240715,284,170
19240716,258,171
19240717,236,172
19240718,279,154
19240719,215,166
19240720,257,161
19240721,287,176
19240722,313,183
19240723,302,150
19240724,269,136
19240725,202,125
19240726,242,105
19240727,178,134
19240728,224,123
19240729,263,129
19240730,244,160
19240731,240,168
19240801,277,170
19240802,281,170
19240803,199,138
19240804,208,125
19240805,239,144
19240806,247,150
19240807,271,157
19240808,291,160
19240809,217,146
19240810,183,141
19240811,228,163
19240812,258,141
19240813,263,157
19240814,233,156
19240815,242,131
19240816,260,152
19240817,197,160
19240818,253,135
19240819,203,151
19240820,207,145
19240821,234,152
19240822,241,143
19240823,263,157
19240824,244,131
19240825,222,111
19240826,209,101
19240827,212,105
19240828,164,124
19240829,214,124
19240830,225,120
19240831,245,119
19240901,253,146
19240902,214,134
19240903,205,135
19240904,213,123
19240905,235,154
19240906,242,127
19240907,228,139
19240908,267,172
19240909,286,200
19240910,282,175
19240911,194,149
19240912,185,137
19240913,211,139
19240914,227,117
19240915,241,120
19240916,220,150
19240917,212,133
19240918,236,123
19240919,230,132
19240920,241,123
19240921,264,137
19240922,269,139
19240923,246,156
19240924,262,151
19240925,275,193
19240926,254,178
19240927,235,151
19240928,159,119
19240929,131,95
19240930,127,96
19241001,174,101
19241002,145,105
19241003,176,107
19241004,202,91
19241005,213,110
19241006,217,150
19241007,197,120
19241008,192,98
19241009,172,91
19241010,175,80
19241011,183,76
19241012,187,90
19241013,186,84
19241014,175,71
19241015,169,66
19241016,152,69
19241017,140,50
19241018,129,38
19241019,148,79
19241020,154,83
19241021,154,93
19241022,124,44
19241023,156,78
19241024,117,67
19241025,72,48
19241026,88,55
19241027,82,67
19241028,108,74
19241029,156,89
19241030,95,53
19241031,128,67
19241101,175,90
19241102,184,113
19241103,204,129
19241104,210,124
19241105,124,87
19241106,146,87
19241107,122,49
19241108,96,18
19241109,85,28
19241110,59,36
19241111,84,40
19241112,80,42
19241113,70,18
19241114,50,-7
19241115,26,-2
19241116,25,-23
19241117,9,-19
19241118,9,-10
19241119,19,-16
19241120,53,-20
19241121,35,-11
19241122,63,14
19241123,77,30
19241124,30,-13
19241125,23,-3
19241126,11,-2
19241127,21,4
19241128,69,0
19241129,114,28
19241130,99,36
19241201,122,19
19241202,155,96
19241203,114,61
19241204,121,102
19241205,103,73
19241206,83,68
19241207,89,67
19241208,68,34
19241209,42,26
19241210,43,11
19241211,13,-11
19241212,22,-28
19241213,11,-50
19241214,-19,-57
19241215,-14,-26
19241216,-11,-26
19241217,0,-17
19241218,-11,-19
19241219,-13,-24
19241220,-13,-26
19241221,-18,-27
19241222,-5,-24
19241223,-10,-31
19241224,-26,-38
19241225,-15,-44
19241226,-25,-46
19241227,-31,-50
19241228,74,-41
19241229,78,10
19241230,51,-2
19241231,14,-24
19250101,32,-33
19250102,79,-34
19250103,134,79
19250104,138,46
19250105,123,60
19250106,83,22
19250107,53,-11
19250108,49,-19
19250109,49,-33
19250110,86,-9
19250111,50,-17
19250112,63,-22
19250113,60,6
19250114,36,-2
19250115,21,-27
19250116,-2,-26
19250117,15,-2
19250118,8,-6
19250119,-5,-18
19250120,18,-12
19250121,18,-6
19250122,7,-35
19250123,-33,-65
19250124,-49,-64
19250125,-40,-59
19250126,-18,-42
19250127,9,-39
19250128,105,-32
19250129,77,42
19250130,84,19
19250131,114,43
19250201,94,12
19250202,70,2
19250203,51,-19
19250204,85,16
19250205,97,28
19250206,101,10
19250207,122,40
19250208,71,12
19250209,80,-20
19250210,116,14
19250211,135,21
19250212,135,75
19250213,120,82
19250214,148,72
19250215,176,102
19250216,189,108
19250217,115,56
19250218,104,51
19250219,85,59
19250220,59,16
19250221,54,27
19250222,46,12
19250223,49,10
19250224,36,3
19250225,42,6
19250226,25,-9
19250227,128,0
19250228,93,77
19250301,102,70
19250302,122,54
19250303,146,76
19250304,103,76
19250305,76,18
19250306,60,23
19250307,122,3
19250308,136,45
19250309,89,14
19250310,60,5
19250311,58,-1
19250312,64,-13
19250313,27,-27
19250314,54,-44
19250315,90,-14
19250316,50,-21
19250317,22,-29
19250318,43,-33
19250319,59,-23
19250320,60,-14
19250321,118,-15
19250322,79,49
19250323,101,59
19250324,118,59
19250325,167,28
19250326,148,96
19250327,168,92
19250328,147,61
19250329,86,25
19250330,112,15
19250331,124,35
19250401,153,40
19250402,160,30
19250403,176,50
19250404,182,56
19250405,191,87
19250406,160,95
19250407,179,102
19250408,140,95
19250409,186,80
19250410,206,94
19250411,170,103
19250412,193,112
19250413,204,87
19250414,202,74
19250415,206,92
19250416,162,57
19250417,147,29
19250418,181,51
19250419,212,106
19250420,203,113
19250421,149,89
19250422,127,64
19250423,158,60
19250424,172,54
19250425,184,106
19250426,159,96
19250427,161,85
19250428,129,42
19250429,131,76
19250430,161,75
19250501,193,118
19250502,136,63
19250503,99,67
19250504,169,84
19250505,224,80
19250506,210,125
19250507,208,123
19250508,229,126
19250509,245,117
19250510,208,145
19250511,200,143
19250512,183,135
19250513,225,162
19250514,242,165
19250515,264,170
19250516,272,157
19250517,269,161
19250518,249,148
19250519,187,121
19250520,172,101
19250521,214,99
19250522,252,113
19250523,239,134
19250524,223,135
19250525,225,125
19250526,218,125
19250527,192,128
19250528,219,102
19250529,239,125
19250530,263,162
19250531,284,163
19250601,295,177
19250602,304,179
19250603,297,187
19250604,215,134
19250605,220,133
19250606,231,127
19250607,237,121
19250608,243,136
19250609,240,147
19250610,242,152
19250611,227,151
19250612,290,149
19250613,282,179
19250614,269,171
19250615,192,137
19250616,265,130
19250617,299,149
19250618,219,153
19250619,183,131
19250620,217,143
19250621,239,123
19250622,247,132
19250623,211,125
19250624,190,134
19250625,222,135
19250626,179,134
19250627,221,134
19250628,217,138
19250629,172,131
19250630,230,143
19250701,268,163
19250702,262,169
19250703,256,162
19250704,268,170
19250705,270,169
19250706,254,171
19250707,264,171
19250708,294,178
19250709,283,178
19250710,221,148
19250711,190,137
19250712,223,146
19250713,210,165
19250714,207,153
19250715,264,154
19250716,261,167
19250717,257,159
19250718,262,167
19250719,292,164
19250720,305,179
19250721,285,176
19250722,302,198
19250723,317,208
19250724,282,212
19250725,284,180
19250726,286,163
19250727,288,166
19250728,280,179
19250729,285,180
19250730,305,184
19250731,297,199
19250801,266,173
19250802,283,166
19250803,258,141
19250804,270,131
19250805,275,173
19250806,249,165
19250807,244,170
19250808,271,158
19250809,303,155
19250810,309,191
19250811,318,204
19250812,304,220
19250813,245,164
19250814,278,163
19250815,281,175
19250816,180,116
19250817,218,115
19250818,258,121
19250819,286,147
19250820,290,179
19250821,241,164
19250822,262,150
19250823,255,167
19250824,266,180
19250825,245,171
19250826,210,153
19250827,246,145
19250828,256,116
19250829,243,174
19250830,262,156
19250831,222,153
19250901,252,150
19250902,275,153
19250903,215,142
19250904,160,118
19250905,166,110
19250906,162,111
19250907,140,90
19250908,184,53
19250909,222,83
19250910,240,117
19250911,163,114
19250912,128,85
19250913,172,73
19250914,137,99
19250915,127,99
19250916,151,88
19250917,170,62
19250918,207,117
19250919,210,125
19250920,242,137
19250921,246,151
19250922,202,166
19250923,252,147
19250924,270,162
19250925,206,150
19250926,185,117
19250927,181,97
19250928,146,91
19250929,123,101
19250930,143,113
19251001,170,127
19251002,213,153
19251003,234,147
19251004,222,121
19251005,167,105
19251006,162,69
19251007,188,72
19251008,199,85
19251009,128,86
19251010,147,54
19251011,136,42
19251012,147,42
19251013,139,85
19251014,157,37
19251015,98,9
19251016,105,23
19251017,116,26
19251018,172,66
19251019,178,94
19251020,117,18
19251021,132,40
19251022,200,99
19251023,217,141
19251024,202,128
19251025,170,110
19251026,166,86
19251027,135,76
19251028,115,89
19251029,119,92
19251030,105,83
19251031,93,79
19251101,104,74
19251102,100,90
19251103,109,89
19251104,178,88
19251105,161,93
19251106,144,86
19251107,111,78
19251108,121,70
19251109,137,80
19251110,138,91
19251111,91,60
19251112,97,62
19251113,103,75
19251114,112,85
19251115,133,78
19251116,85,67
19251117,79,61
19251118,62,43
19251119,58,22
19251120,51,-5
19251121,60,-16
19251122,33,5
19251123,36,12
19251124,26,18
19251125,54,3
19251126,24,2
19251127,44,-3
19251128,26,-26
19251129,8,-62
19251130,-16,-97
19251201,69,-62
19251202,48,-10
19251203,3,-42
19251204,-11,-42
19251205,-28,-77
19251206,-40,-92
19251207,-43,-108
19251208,-33,-93
19251209,-73,-117
19251210,-47,-100
19251211,5,-47
19251212,23,0
19251213,34,-11
19251214,18,-21
19251215,-19,-77
19251216,-19,-85
19251217,-65,-128
19251218,-48,-134
19251219,65,-90
19251220,85,43
19251221,126,69
19251222,137,85
19251223,164,47
19251224,71,33
19251225,64,30
19251226,102,14
19251227,47,-6
19251228,116,47
19251229,113,24
19251230,138,83
19251231,137,104
19260101,115,49
19260102,51,33
19260103,80,40
19260104,76,38
19260105,72,54
19260106,69,38
19260107,55,9
19260108,50,18
19260109,44,-13
19260110,54,9
19260111,32,-52
19260112,-52,-97
19260113,-70,-97
19260114,-32,-70
19260115,-16,-41
19260116,1,-46
19260117,1,-28
19260118,7,-32
19260119,-22,-47
19260120,-14,-50
19260121,-7,-32
19260122,-2,-28
19260123,-18,-72
19260124,-17,-76
19260125,29,-71
19260126,35,-54
19260127,43,-28
19260128,37,-36
19260129,70,7
19260130,70,24
19260131,55,19
19260201,81,24
19260202,138,60
19260203,158,107
19260204,115,79
19260205,111,70
19260206,120,54
19260207,95,13
19260208,133,49
19260209,90,36
19260210,103,39
19260211,99,75
19260212,96,61
19260213,78,53
19260214,74,51
19260215,61,38
19260216,59,40
19260217,76,29
19260218,102,15
19260219,101,52
19260220,91,19
19260221,130,16
19260222,128,24
19260223,134,80
19260224,125,56
19260225,131,76
19260226,121,59
19260227,65,12
19260228,68,-9
19260301,56,-7
19260302,46,-13
19260303,91,-32
19260304,128,0
19260305,78,29
19260306,81,14
19260307,37,-8
19260308,64,1
19260309,155,37
19260310,102,14
19260311,74,17
19260312,86,15
19260313,178,47
19260314,142,48
19260315,97,23
19260316,105,34
19260317,72,11
19260318,98,-2
19260319,79,40
19260320,105,21
19260321,70,13
19260322,34,16
19260323,30,7
19260324,44,7
19260325,52,33
19260326,83,32
19260327,146,52
19260328,177,84
19260329,206,119
19260330,231,101
19260331,192,143
19260401,188,143
19260402,213,104
19260403,165,86
19260404,124,22
19260405,163,19
19260406,221,40
19260407,244,110
19260408,212,113
19260409,120,78
19260410,139,74
19260411,162,59
19260412,146,60
19260413,158,79
19260414,176,49
19260415,194,61
19260416,206,74
19260417,156,96
19260418,144,87
19260419,179,82
19260420,153,92
19260421,157,67
19260422,133,93
19260423,194,90
19260424,218,115
19260425,223,130
19260426,171,102
19260427,189,72
19260428,193,95
19260429,218,94
19260430,233,96
19260501,234,120
19260502,227,125
19260503,219,144
19260504,166,100
19260505,185,88
19260506,185,107
19260507,135,72
19260508,130,58
19260509,151,59
19260510,148,71
19260511,188,89
19260512,206,83
19260513,224,98
19260514,243,103
19260515,256,118
19260516,242,140
19260517,208,116
19260518,226,88
19260519,189,111
19260520,201,92
19260521,216,102
19260522,198,122
19260523,224,94
19260524,204,136
19260525,181,142
19260526,217,132
19260527,234,114
19260528,232,133
19260529,223,132
19260530,251,137
19260531,263,162
19260601,180,132
19260602,203,117
19260603,196,108
19260604,190,91
19260605,208,101
19260606,229,123
19260607,248,127
19260608,241,135
19260609,255,166
19260610,270,142
19260611,242,156
19260612,276,144
19260613,278,161
19260614,213,146
19260615,204,123
19260616,217,126
19260617,252,145
19260618,232,132
19260619,164,133
19260620,185,138
19260621,246,148
19260622,232,168
19260623,229,176
19260624,253,164
19260625,237,153
19260626,186,139
19260627,217,127
19260628,228,130
19260629,225,148
19260630,196,143
19260701,152,130
19260702,227,130
19260703,268,154
19260704,217,175
19260705,243,174
19260706,272,173
19260707,285,176
19260708,273,180
19260709,270,176
19260710,250,165
19260711,187,146
19260712,182,140
19260713,230,163
19260714,246,189
19260715,259,167
19260716,289,179
19260717,280,188
19260718,274,176
19260719,288,178
19260720,305,194
19260721,264,169
19260722,229,135
19260723,219,132
19260724,260,155
19260725,289,171
19260726,242,180
19260727,263,178
19260728,184,130
19260729,190,128
19260730,242,125
19260731,255,137
19260801,252,143
19260802,237,130
19260803,240,137
19260804,244,120
19260805,247,145
19260806,261,155
19260807,234,154
19260808,183,137
19260809,226,144
19260810,241,161
19260811,254,139
19260812,213,140
19260813,223,130
19260814,242,128
19260815,268,151
19260816,287,166
19260817,288,184
19260818,271,193
19260819,281,182
19260820,263,187
19260821,251,175
19260822,303,192
19260823,224,137
19260824,219,139
19260825,253,124
19260826,274,151
19260827,237,172
19260828,221,148
19260829,226,138
19260830,225,124
19260831,238,124
19260901,227,120
19260902,267,124
19260903,269,163
19260904,272,172
19260905,268,182
19260906,277,181
19260907,289,183
19260908,281,188
19260909,243,182
19260910,258,176
19260911,284,176
19260912,292,174
19260913,277,175
19260914,211,154
19260915,231,135
19260916,245,128
19260917,219,155
19260918,236,127
19260919,248,123
19260920,233,142
19260921,184,104
19260922,204,99
19260923,154,113
19260924,180,117
19260925,183,90
19260926,212,90
19260927,210,128
19260928,128,99
19260929,117,99
19260930,116,105
19261001,136,107
19261002,152,86
19261003,178,103
19261004,187,98
19261005,181,97
19261006,176,71
19261007,173,57
19261008,208,82
19261009,221,150
19261010,228,111
19261011,130,86
19261012,169,71
19261013,211,99
19261014,212,140
19261015,219,122
19261016,225,109
19261017,195,115
19261018,126,63
19261019,111,46
19261020,105,25
19261021,157,60
19261022,189,145
19261023,202,116
19261024,182,74
19261025,93,45
19261026,70,43
19261027,125,36
19261028,123,15
19261029,222,106
19261030,244,163
19261031,239,152
19261101,225,140
19261102,177,107
19261103,140,100
19261104,187,102
19261105,176,124
19261106,202,115
19261107,179,115
19261108,160,116
19261109,189,114
19261110,174,126
19261111,175,99
19261112,157,70
19261113,191,82
19261114,206,148
19261115,200,149
19261116,175,110
19261117,126,84
19261118,173,95
19261119,197,124
19261120,163,107
19261121,198,139
19261122,210,148
19261123,179,117
19261124,135,104
19261125,111,77
19261126,114,42
19261127,52,23
19261128,59,42
19261129,65,46
19261130,49,40
19261201,47,29
19261202,71,39
19261203,67,31
19261204,38,19
19261205,31,16
19261206,58,22
19261207,64,39
19261208,63,24
19261209,54,-1
19261210,45,16
19261211,62,-2
19261212,91,5
19261213,53,-16
19261214,73,-21
19261215,73,-1
19261216,48,0
19261217,13,-5
19261218,43,-17
19261219,71,10
19261220,39,-3
19261221,36,-12
19261222,21,-15
19261223,7,-48
19261224,-48,-58
19261225,-33,-57
19261226,-23,-49
19261227,-21,-39
19261228,-21,-41
19261229,19,-21
19261230,31,-55
19261231,35,-49
19270101,41,-23
19270102,58,0
19270103,59,-26
19270104,94,38
19270105,65,13
19270106,19,-1
19270107,21,-19
19270108,28,5
19270109,28,-8
19270110,27,-23
19270111,113,0
19270112,69,35
19270113,71,25
19270114,82,50
19270115,97,42
19270116,77,19
19270117,73,45
19270118,75,47
19270119,74,40
19270120,40,16
19270121,35,12
19270122,31,9
19270123,42,-9
19270124,8,-22
19270125,25,-1
19270126,26,5
19270127,30,-8
19270128,14,-7
19270129,15,-8
19270130,36,-31
19270131,46,-1
19270201,23,-7
19270202,60,-18
19270203,54,-17
19270204,52,-2
19270205,53,-11
19270206,63,-22
19270207,25,-5
19270208,41,-9
19270209,34,1
19270210,60,-18
19270211,63,-20
19270212,28,-11
19270213,44,-57
19270214,70,-36
19270215,68,-13
19270216,21,-35
19270217,97,-11
19270218,44,-9
19270219,21,-38
19270220,-18,-79
19270221,-4,-77
19270222,35,-40
19270223,104,-15
19270224,61,27
19270225,128,12
19270226,135,70
19270227,115,71
19270228,150,51
19270301,156,60
19270302,164,71
19270303,147,81
19270304,133,42
19270305,142,32
19270306,131,55
19270307,110,54
19270308,115,30
19270309,150,65
19270310,83,55
19270311,115,32
19270312,124,57
19270313,100,59
19270314,107,44
19270315,111,52
19270316,81,52
19270317,120,22
19270318,143,18
19270319,160,33
19270320,176,44
19270321,188,42
19270322,202,61
19270323,184,64
19270324,147,68
19270325,152,73
19270326,115,42
19270327,119,15
19270328,146,89
19270329,156,77
19270330,106,70
19270331,129,59
19270401,125,43
19270402,124,68
19270403,141,33
19270404,156,46
19270405,118,70
19270406,171,74
19270407,188,105
19270408,187,85
19270409,167,79
19270410,141,78
19270411,181,78
19270412,170,79
19270413,157,68
19270414,149,60
19270415,165,77
19270416,156,58
19270417,109,42
19270418,130,49
19270419,162,76
19270420,206,78
19270421,240,81
19270422,243,136
19270423,241,109
19270424,184,75
19270425,141,62
19270426,208,76
19270427,139,80
19270428,176,77
19270429,228,102
19270430,256,107
19270501,258,121
19270502,219,115
19270503,217,122
19270504,197,145
19270505,233,129
19270506,251,130
19270507,247,150
19270508,201,135
19270509,224,136
19270510,214,136
19270511,153,71
19270512,153,55
19270513,168,62
19270514,160,42
19270515,200,50
19270516,239,101
19270517,256,111
19270518,266,143
19270519,256,149
19270520,238,135
19270521,219,112
19270522,230,106
19270523,132,102
19270524,188,97
19270525,197,103
19270526,217,105
19270527,190,112
19270528,177,110
19270529,163,110
19270530,258,138
19270531,287,151
19270601,314,162
19270602,327,184
19270603,324,207
19270604,316,205
19270605,209,134
19270606,195,124
19270607,223,121
19270608,252,121
19270609,177,129
19270610,256,110
19270611,296,161
19270612,288,160
19270613,270,162
19270614,268,157
19270615,290,156
19270616,308,181
19270617,326,202
19270618,331,199
19270619,291,182
19270620,216,127
19270621,247,111
19270622,289,142
19270623,239,136
19270624,245,122
19270625,265,145
19270626,239,136
19270627,257,160
19270628,211,141
19270629,260,149
19270630,304,159
19270701,323,183
19270702,281,188
19270703,285,160
19270704,270,187
19270705,286,175
19270706,299,190
19270707,328,196
19270708,333,180
19270709,315,182
19270710,240,143
19270711,309,177
19270712,319,177
19270713,284,186
19270714,305,187
19270715,286,204
19270716,290,180
19270717,297,197
19270718,283,175
19270719,271,161
19270720,268,160
19270721,277,151
19270722,313,165
19270723,318,153
19270724,256,146
19270725,266,149
19270726,274,154
19270727,287,159
19270728,314,170
19270729,263,181
19270730,285,186
19270731,286,175
19270801,309,186
19270802,341,190
19270803,348,205
19270804,287,194
19270805,262,190
19270806,292,186
19270807,331,192
19270808,333,199
19270809,351,198
19270810,300,207
19270811,324,183
19270812,319,183
19270813,202,154
19270814,260,136
19270815,288,148
19270816,191,119
19270817,254,92
19270818,293,129
19270819,303,163
19270820,239,143
19270821,253,142
19270822,291,140
19270823,303,173
19270824,279,170
19270825,270,164
19270826,191,138
19270827,193,118
19270828,205,125
19270829,231,147
19270830,244,148
19270831,226,188
19270901,230,198
19270902,255,163
19270903,239,147
19270904,221,168
19270905,227,149
19270906,237,166
19270907,256,143
19270908,250,172
19270909,190,150
19270910,237,147
19270911,254,139
19270912,206,99
19270913,194,102
19270914,210,96
19270915,237,115
19270916,230,123
19270917,233,140
19270918,230,125
19270919,204,132
19270920,229,170
19270921,251,176
19270922,279,155
19270923,262,163
19270924,247,142
19270925,297,190
19270926,263,158
19270927,167,127
19270928,198,111
19270929,157,118
19270930,196,128
19271001,155,116
19271002,177,105
19271003,173,87
19271004,151,80
19271005,151,61
19271006,121,49
19271007,139,69
19271008,120,69
19271009,141,87
19271010,150,80
19271011,151,55
19271012,155,43
19271013,115,82
19271014,176,74
19271015,157,89
19271016,113,100
19271017,125,94
19271018,152,117
19271019,129,113
19271020,144,108
19271021,148,108
19271022,145,118
19271023,188,107
19271024,161,81
19271025,144,82
19271026,151,40
19271027,178,45
19271028,183,54
19271029,181,55
19271030,176,75
19271031,107,40
19271101,85,56
19271102,155,79
19271103,160,87
19271104,191,73
19271105,176,78
19271106,186,96
19271107,189,126
19271108,205,139
19271109,196,147
19271110,220,92
19271111,92,45
19271112,54,31
19271113,62,11
19271114,58,14
19271115,32,5
19271116,40,-8
19271117,51,-21
19271118,70,0
19271119,122,65
19271120,123,64
19271121,70,37
19271122,45,32
19271123,61,40
19271124,82,35
19271125,73,53
19271126,86,29
19271127,52,18
19271128,29,13
19271129,22,14
19271130,25,9
19271201,33,15
19271202,39,17
19271203,28,11
19271204,37,21
19271205,39,17
19271206,37,21
19271207,37,12
19271208,12,-4
19271209,13,0
19271210,16,7
19271211,15,3
19271212,10,0
19271213,8,-8
19271214,10,-20
19271215,-10,-28
19271216,6,-54
19271217,-27,-81
19271218,-49,-85
19271219,-58,-118
19271220,-87,-170
19271221,-110,-157
19271222,-78,-187
19271223,10,-78
19271224,28,-7
19271225,25,4
19271226,42,-4
19271227,55,10
19271228,28,-19
19271229,-6,-33
19271230,-11,-36
19271231,-15,-37
19280101,-20,-38
19280102,-13,-59
19280103,-57,-79
19280104,-30,-61
19280105,47,-55
19280106,50,18
19280107,113,32
19280108,102,11
19280109,98,42
19280110,82,32
19280111,44,-6
19280112,10,-6
19280113,11,-2
19280114,14,-5
19280115,3,-11
19280116,79,-11
19280117,67,30
19280118,61,31
19280119,45,14
19280120,54,1
19280121,52,-7
19280122,11,-17
19280123,-7,-25
19280124,-16,-35
19280125,40,-32
19280126,34,-18
19280127,0,-28
19280128,3,-6
19280129,10,-6
19280130,4,-11
19280131,17,2
19280201,59,8
19280202,50,-24
19280203,42,16
19280204,39,15
19280205,28,-13
19280206,14,-38
19280207,41,-27
19280208,66,-35
19280209,110,-9
19280210,102,10
19280211,102,35
19280212,49,4
19280213,77,1
19280214,147,32
19280215,129,68
19280216,150,56
19280217,149,74
19280218,108,31
19280219,108,24
19280220,112,25
19280221,37,-20
19280222,33,-50
19280223,21,-38
19280224,25,-58
19280225,30,-29
19280226,72,-63
19280227,116,-13
19280228,43,-17
19280229,65,-19
19280301,12,-12
19280302,47,-5
19280303,46,4
19280304,46,21
19280305,79,36
19280306,97,49
19280307,118,68
19280308,142,28
19280309,88,47
19280310,58,32
19280311,46,33
19280312,37,16
19280313,46,19
19280314,65,31
19280315,28,1
19280316,41,-7
19280317,34,-6
19280318,40,-22
19280319,42,-27
19280320,41,-42
19280321,30,-49
19280322,44,9
19280323,77,34
19280324,92,52
19280325,124,44
19280326,137,84
19280327,122,69
19280328,102,86
19280329,140,79
19280330,181,61
19280331,178,89
19280401,179,94
19280402,178,109
19280403,163,105
19280404,147,90
19280405,188,79
19280406,143,86
19280407,156,78
19280408,104,46
19280409,135,76
19280410,197,47
19280411,206,110
19280412,162,97
19280413,182,72
19280414,170,35
19280415,193,114
19280416,188,81
19280417,167,68
19280418,125,45
19280419,175,63
19280420,89,40
19280421,145,17
19280422,175,70
19280423,159,102
19280424,153,82
19280425,184,109
19280426,184,106
19280427,196,106
19280428,239,119
19280429,243,150
19280430,170,140
19280501,213,135
19280502,182,122
19280503,220,121
19280504,145,82
19280505,112,78
19280506,103,77
19280507,170,91
19280508,172,115
19280509,155,52
19280510,165,26
19280511,140,41
19280512,145,42
19280513,177,32
19280514,174,67
19280515,185,90
19280516,196,99
19280517,199,109
19280518,208,106
19280519,223,133
19280520,222,127
19280521,206,120
19280522,214,91
19280523,207,107
19280524,175,91
19280525,163,80
19280526,140,71
19280527,172,99
19280528,232,82
19280529,222,136
19280530,224,104
19280531,242,115
19280601,195,135
19280602,137,62
19280603,185,46
19280604,242,81
19280605,250,145
19280606,262,162
19280607,256,156
19280608,269,154
19280609,287,166
19280610,320,165
19280611,306,177
19280612,243,160
19280613,248,146
19280614,278,131
19280615,306,136
19280616,173,120
19280617,148,81
19280618,198,61
19280619,234,101
19280620,224,134
19280621,225,132
19280622,231,108
19280623,280,129
19280624,297,149
19280625,295,182
19280626,323,181
19280627,310,176
19280628,194,143
19280629,246,117
19280630,269,134
19280701,285,151
19280702,302,173
19280703,319,185
19280704,337,183
19280705,267,173
19280706,324,170
19280707,302,161
19280708,237,155
19280709,258,157
19280710,286,150
19280711,294,176
19280712,301,187
19280713,322,189
19280714,343,205
19280715,347,213
19280716,352,198
19280717,357,204
19280718,296,208
19280719,309,188
19280720,311,198
19280721,318,189
19280722,326,193
19280723,313,206
19280724,303,177
19280725,313,197
19280726,326,212
19280727,362,187
19280728,344,210
19280729,327,175
19280730,269,161
19280731,301,169
19280801,329,180
19280802,343,192
19280803,252,174
19280804,308,182
19280805,342,197
19280806,208,135
19280807,236,120
19280808,272,121
19280809,270,153
19280810,286,168
19280811,291,185
19280812,299,171
19280813,332,189
19280814,330,202
19280815,338,196
19280816,336,189
19280817,205,154
19280818,215,139
19280819,248,129
19280820,282,147
19280821,309,170
19280822,231,125
19280823,231,105
19280824,262,139
19280825,290,170
19280826,304,168
19280827,310,184
19280828,320,189
19280829,281,187
19280830,298,168
19280831,236,158
19280901,223,128
19280902,213,130
19280903,180,131
19280904,224,138
19280905,267,115
19280906,269,131
19280907,289,152
19280908,295,169
19280909,301,165
19280910,307,174
19280911,293,178
19280912,238,179
19280913,219,175
19280914,186,142
19280915,156,136
19280916,172,133
19280917,151,138
19280918,176,139
19280919,215,152
19280920,215,141
19280921,226,137
19280922,224,120
19280923,120,98
19280924,89,59
19280925,142,29
19280926,131,99
19280927,168,103
19280928,156,83
19280929,242,128
19280930,244,164
19281001,209,64
19281002,150,58
19281003,167,54
19281004,119,67
19281005,150,90
19281006,163,83
19281007,134,111
19281008,172,92
19281009,160,53
19281010,160,82
19281011,186,114
19281012,174,106
19281013,131,53
19281014,89,51
19281015,91,36
19281016,106,10
19281017,113,-1
19281018,159,35
19281019,179,63
19281020,198,100
19281021,219,116
19281022,201,109
19281023,203,96
19281024,194,135
19281025,155,113
19281026,144,108
19281027,195,101
19281028,237,138
19281029,184,120
19281030,140,107
19281031,130,103
19281101,177,125
19281102,181,124
19281103,181,92
19281104,160,111
19281105,141,82
19281106,126,66
19281107,132,59
19281108,123,73
19281109,112,86
19281110,106,80
19281111,93,77
19281112,98,59
19281113,112,25
19281114,90,53
19281115,83,64
19281116,110,35
19281117,143,86
19281118,123,66
19281119,113,37
19281120,98,54
19281121,110,41
19281122,72,10
19281123,62,32
19281124,124,35
19281125,91,35
19281126,86,46
19281127,101,14
19281128,81,33
19281129,73,14
19281130,64,12
19281201,63,8
19281202,48,15
19281203,37,17
19281204,45,20
19281205,49,29
19281206,58,-2
19281207,43,-19
19281208,78,7
19281209,86,43
19281210,59,42
19281211,53,30
19281212,82,31
19281213,42,-8
19281214,31,17
19281215,39,-3
19281216,8,-13
19281217,35,-5
19281218,17,-3
19281219,5,-26
19281220,-15,-53
19281221,-10,-31
19281222,-18,-31
19281223,-9,-25
19281224,-7,-44
19281225,-20,-33
19281226,-21,-35
19281227,41,-24
19281228,26,-20
19281229,56,13
19281230,55,28
19281231,60,8
19290101,19,-12
19290102,5,-8
19290103,30,-15
19290104,-4,-25
19290105,0,-24
19290106,-6,-19
19290107,25,-47
19290108,-36,-93
19290109,-54,-120
19290110,-65,-115
19290111,-89,-123
19290112,-89,-168
19290113,-21,-127
19290114,-12,-89
19290115,-8,-77
19290116,-30,-90
19290117,-48,-122
19290118,-47,-148
19290119,44,-165
19290120,46,15
19290121,15,-13
19290122,-8,-44
19290123,-25,-62
19290124,-17,-60
19290125,-49,-60
19290126,-12,-49
19290127,-23,-40
19290128,-19,-48
19290129,-2,-61
19290130,-32,-101
19290131,-5,-101
19290201,-31,-87
19290202,-81,-137
19290203,-98,-190
19290204,-65,-194
19290205,-20,-152
19290206,-11,-118
19290207,-22,-110
19290208,-76,-154
19290209,-15,-155
19290210,-52,-176
19290211,-155,-198
19290212,-132,-184
19290213,-131,-170
19290214,-110,-146
19290215,-77,-117
19290216,-33,-80
19290217,-24,-100
19290218,4,-55
19290219,-27,-85
19290220,-26,-78
19290221,-47,-122
19290222,-58,-179
19290223,-23,-133
19290224,69,-90
19290225,92,42
19290226,97,27
19290227,50,14
19290228,14,-53
19290301,-29,-73
19290302,-32,-74
19290303,-34,-93
19290304,19,-116
19290305,35,-20
19290306,28,-64
19290307,56,-42
19290308,52,-27
19290309,102,12
19290310,72,15
19290311,75,14
19290312,51,20
19290313,74,15
19290314,86,3
19290315,93,-10
19290316,50,-3
19290317,54,-10
19290318,76,-20
19290319,110,-17
19290320,137,5
19290321,158,19
19290322,154,41
19290323,85,45
19290324,130,10
19290325,144,44
19290326,158,57
19290327,162,61
19290328,98,59
19290329,153,50
19290330,199,68
19290331,186,82
19290401,171,72
19290402,82,11
19290403,100,12
19290404,46,5
19290405,87,-15
19290406,44,-19
19290407,86,-10
19290408,94,22
19290409,153,42
19290410,131,59
19290411,170,80
19290412,182,65
19290413,183,72
19290414,169,94
19290415,145,71
19290416,104,56
19290417,105,37
19290418,115,22
19290419,174,22
19290420,220,70
19290421,149,56
19290422,61,30
19290423,62,28
19290424,131,32
19290425,173,43
19290426,166,57
19290427,127,69
19290428,180,48
19290429,219,122
19290430,164,133
19290501,181,100
19290502,201,78
19290503,184,98
19290504,181,105
19290505,226,99
19290506,242,99
19290507,246,108
19290508,253,131
19290509,272,130
19290510,251,149
19290511,254,161
19290512,216,155
19290513,221,140
19290514,211,161
19290515,198,147
19290516,165,124
19290517,162,112
19290518,199,115
19290519,222,116
19290520,127,102
19290521,167,120
19290522,222,108
19290523,232,127
19290524,259,150
19290525,258,156
19290526,267,148
19290527,262,167
19290528,266,146
19290529,283,161
19290530,269,148
19290531,221,129
19290601,251,128
19290602,226,114
19290603,270,153
19290604,250,143
19290605,181,106
19290606,220,102
19290607,245,137
19290608,292,155
19290609,302,177
19290610,303,204
19290611,257,176
19290612,250,156
19290613,294,141
19290614,251,166
19290615,276,160
19290616,274,183
19290617,279,170
19290618,275,189
19290619,270,185
19290620,283,169
19290621,289,173
19290622,237,165
19290623,249,133
19290624,281,151
19290625,188,115
19290626,193,110
19290627,200,118
19290628,209,118
19290629,216,114
19290630,186,117
19290701,197,134
19290702,247,131
19290703,297,152
19290704,318,183
19290705,297,204
19290706,321,189
19290707,216,139
19290708,196,119
19290709,210,115
19290710,212,116
19290711,224,145
19290712,267,156
19290713,252,177
19290714,232,161
19290715,250,159
19290716,269,145
19290717,283,164
19290718,316,174
19290719,297,183
19290720,297,189
19290721,310,189
19290722,310,180
19290723,322,184
19290724,333,190
19290725,339,212
19290726,325,196
19290727,261,184
19290728,227,155
19290729,228,141
19290730,283,152
19290731,284,177
19290801,314,182
19290802,316,166
19290803,190,145
19290804,247,145
19290805,278,140
19290806,263,160
19290807,279,160
19290808,300,161
19290809,317,181
19290810,322,209
19290811,294,206
19290812,282,201
19290813,263,189
19290814,259,173
19290815,295,179
19290816,303,187
19290817,315,193
19290818,322,206
19290819,297,197
19290820,219,165
19290821,228,156
19290822,168,137
19290823,213,139
19290824,222,164
19290825,237,193
19290826,272,176
19290827,252,175
19290828,274,164
19290829,285,175
19290830,288,173
19290831,294,170
19290901,299,184
19290902,308,173
19290903,309,185
19290904,307,178
19290905,294,183
19290906,291,177
19290907,222,136
19290908,213,120
19290909,256,101
19290910,290,156
19290911,256,175
19290912,268,147
19290913,267,187
19290914,226,175
19290915,260,166
19290916,250,149
19290917,186,147
19290918,210,95
19290919,226,89
19290920,252,119
19290921,184,100
19290922,212,71
19290923,187,113
19290924,168,85
19290925,169,112
19290926,175,112
19290927,188,90
19290928,188,90
19290929,175,63
19290930,177,52
19291001,213,61
19291002,230,111
19291003,238,144
19291004,237,156
19291005,236,140
19291006,232,125
19291007,237,134
19291008,229,112
19291009,221,101
19291010,114,71
19291011,138,64
19291012,142,70
19291013,146,63
19291014,160,78
19291015,164,63
19291016,164,92
19291017,156,46
19291018,189,52
19291019,210,114
19291020,184,111
19291021,160,97
19291022,181,72
19291023,178,102
19291024,131,105
19291025,192,110
19291026,171,98
19291027,98,52
19291028,99,54
19291029,102,61
19291030,93,54
19291031,90,71
19291101,113,61
19291102,131,94
19291103,130,72
19291104,98,71
19291105,103,72
19291106,75,62
19291107,108,66
19291108,90,51
19291109,144,72
19291110,117,81
19291111,119,87
19291112,117,78
19291113,110,72
19291114,100,64
19291115,63,29
19291116,74,35
19291117,102,43
19291118,78,58
19291119,101,39
19291120,72,18
19291121,74,56
19291122,80,70
19291123,94,70
19291124,88,65
19291125,122,68
19291126,131,49
19291127,91,57
19291128,69,29
19291129,120,43
19291130,130,84
19291201,142,104
19291202,117,85
19291203,138,71
19291204,142,91
19291205,146,66
19291206,142,62
19291207,151,75
19291208,111,73
19291209,80,41
19291210,63,1
19291211,79,26
19291212,82,14
19291213,110,47
19291214,86,48
19291215,109,15
19291216,74,20
19291217,25,-16
19291218,11,-21
19291219,3,-7
19291220,4,-14
19291221,-5,-20
19291222,4,-14
19291223,-4,-27
19291224,7,-34
19291225,-20,-56
19291226,-10,-36
19291227,14,-26
19291228,14,4
19291229,35,-19
19291230,37,-23
19291231,11,-3
19300101,24,-15
19300102,20,-20
19300103,55,9
19300104,31,-32
19300105,-7,-29
19300106,10,-50
19300107,-7,-44
19300108,-15,-33
19300109,-16,-29
19300110,-3,-27
19300111,6,-10
19300112,32,-10
19300113,85,0
19300114,67,-3
19300115,79,3
19300116,77,36
19300117,63,27
19300118,36,5
19300119,47,-8
19300120,13,-12
19300121,-2,-17
19300122,-8,-27
19300123,-12,-29
19300124,-8,-23
19300125,54,-18
19300126,101,23
19300127,119,32
19300128,107,48
19300129,60,25
19300130,26,8
19300131,26,6
19300201,56,0
19300202,84,43
19300203,98,37
19300204,113,12
19300205,97,39
19300206,72,44
19300207,66,33
19300208,61,-25
19300209,3,-50
19300210,8,-57
19300211,18,-53
19300212,35,-47
19300213,45,-29
19300214,96,-27
19300215,106,21
19300216,78,9
19300217,38,18
19300218,39,15
19300219,21,5
19300220,12,-1
19300221,41,-11
19300222,33,-15
19300223,46,9
19300224,51,0
19300225,33,-6
19300226,29,-10
19300227,90,0
19300228,142,27
19300301,120,70
19300302,140,62
19300303,163,50
19300304,163,58
19300305,152,48
19300306,127,35
19300307,119,35
19300308,97,46
19300309,120,59
19300310,152,31
19300311,127,44
19300312,81,27
19300313,100,-2
19300314,121,22
19300315,146,84
19300316,158,69
19300317,163,59
19300318,189,102
19300319,149,94
19300320,132,47
19300321,118,54
19300322,163,29
19300323,140,87
19300324,147,87
19300325,169,106
19300326,125,98
19300327,135,56
19300328,119,38
19300329,151,35
19300330,139,74
19300331,143,66
19300401,160,28
19300402,159,85
19300403,166,64
19300404,166,104
19300405,180,81
19300406,153,90
19300407,173,87
19300408,146,81
19300409,149,85
19300410,177,95
19300411,135,82
19300412,187,49
19300413,229,89
19300414,173,90
19300415,175,68
19300416,124,78
19300417,120,78
19300418,135,73
19300419,143,82
19300420,165,63
19300421,198,63
19300422,196,95
19300423,184,93
19300424,227,104
19300425,258,118
19300426,261,148
19300427,237,142
19300428,225,146
19300429,198,110
19300430,145,107
19300501,177,108
19300502,188,114
19300503,189,124
19300504,216,107
19300505,222,100
19300506,214,117
19300507,201,109
19300508,162,96
19300509,160,93
19300510,118,69
19300511,186,50
19300512,183,96
19300513,184,81
19300514,192,64
19300515,192,113
19300516,180,89
19300517,216,84
19300518,228,118
19300519,160,105
19300520,167,111
19300521,189,106
19300522,220,84
19300523,196,125
19300524,235,125
19300525,238,116
19300526,168,138
19300527,214,148
19300528,248,141
19300529,268,171
19300530,298,164
19300531,304,193
19300601,283,168
19300602,278,148
19300603,285,156
19300604,253,157
19300605,209,147
19300606,234,152
19300607,229,130
19300608,268,128
19300609,235,170
19300610,277,150
19300611,281,169
19300612,297,165
19300613,308,172
19300614,310,192
19300615,305,192
19300616,306,202
19300617,253,186
19300618,268,186
19300619,251,157
19300620,255,138
19300621,292,139
19300622,286,172
19300623,291,162
19300624,317,181
19300625,285,190
19300626,315,172
19300627,315,192
19300628,280,186
19300629,287,188
19300630,252,184
19300701,306,179
19300702,267,169
19300703,294,167
19300704,311,166
19300705,328,169
19300706,352,202
19300707,287,208
19300708,259,185
19300709,218,140
19300710,265,132
19300711,197,153
19300712,157,108
19300713,207,90
19300714,237,130
19300715,201,127
19300716,249,132
19300717,274,150
19300718,293,174
19300719,265,168
19300720,256,144
19300721,281,167
19300722,265,173
19300723,286,161
19300724,276,191
19300725,246,145
19300726,254,122
19300727,265,148
19300728,301,153
19300729,298,207
19300730,286,188
19300731,187,131
19300801,243,120
19300802,258,138
19300803,288,154
19300804,252,160
19300805,287,152
19300806,258,186
19300807,276,161
19300808,216,144
19300809,153,130
19300810,232,129
19300811,243,126
19300812,276,158
19300813,263,155
19300814,184,121
19300815,202,127
19300816,180,120
19300817,232,86
19300818,240,136
19300819,261,140
19300820,281,152
19300821,276,174
19300822,299,175
19300823,295,177
19300824,282,197
19300825,273,203
19300826,263,200
19300827,269,164
19300828,289,158
19300829,255,174
19300830,258,156
19300831,251,141
19300901,265,129
19300902,218,158
19300903,231,154
19300904,230,130
19300905,232,160
19300906,263,138
19300907,286,160
19300908,191,142
19300909,224,125
19300910,244,152
19300911,269,161
19300912,260,172
19300913,228,165
19300914,232,173
19300915,251,160
19300916,186,135
19300917,199,130
19300918,213,100
19300919,242,115
19300920,254,154
19300921,197,128
19300922,198,116
19300923,198,115
19300924,191,136
19300925,218,138
19300926,195,123
19300927,196,122
19300928,200,147
19300929,220,145
19300930,237,149
19301001,191,125
19301002,142,89
19301003,137,52
19301004,141,23
19301005,176,88
19301006,184,100
19301007,159,67
19301008,178,58
19301009,209,122
19301010,170,61
19301011,129,46
19301012,203,76
19301013,173,98
19301014,149,87
19301015,148,81
19301016,130,118
19301017,168,117
19301018,162,115
19301019,150,99
19301020,155,114
19301021,149,97
19301022,162,124
19301023,124,91
19301024,97,74
19301025,88,48
19301026,71,44
19301027,112,51
19301028,142,49
19301029,127,38
19301030,161,77
19301031,177,113
19301101,143,91
19301102,170,114
19301103,187,83
19301104,106,68
19301105,109,73
19301106,145,65
19301107,163,90
19301108,129,91
19301109,134,46
19301110,142,33
19301111,150,51
19301112,108,43
19301113,89,24
19301114,102,-1
19301115,113,16
19301116,161,36
19301117,120,46
19301118,86,26
19301119,69,21
19301120,153,69
19301121,167,119
19301122,177,136
19301123,192,87
19301124,112,46
19301125,146,35
19301126,140,76
19301127,181,104
19301128,156,79
19301129,153,50
19301130,174,94
19301201,110,77
19301202,95,32
19301203,51,24
19301204,32,13
19301205,26,6
19301206,19,5
19301207,41,3
19301208,111,14
19301209,104,77
19301210,84,37
19301211,47,32
19301212,61,29
19301213,58,21
19301214,49,6
19301215,29,13
19301216,35,14
19301217,30,17
19301218,45,1
19301219,29,-5
19301220,-5,-20
19301221,1,-7
19301222,7,-7
19301223,11,-2
19301224,1,-10
19301225,8,-9
19301226,15,-7
19301227,32,1
19301228,14,-4
19301229,24,-8
19301230,24,0
19301231,15,-6
19310101,32,11
19310102,52,10
19310103,93,45
19310104,144,93
19310105,132,19
19310106,55,-8
19310107,26,-28
19310108,8,-8
19310109,3,-23
19310110,-13,-32
19310111,-12,-37
19310112,-18,-32
19310113,-10,-26
19310114,16,-26
19310115,24,-29
19310116,34,-23
19310117,75,-30
19310118,26,-22
19310119,55,-21
19310120,87,10
19310121,56,20
19310122,33,13
19310123,27,12
19310124,117,11
19310125,105,49
19310126,55,18
19310127,50,8
19310128,57,3
19310129,89,12
19310130,65,18
19310131,50,23
19310201,30,18
19310202,49,21
19310203,55,26
19310204,38,13
19310205,44,19
19310206,19,-33
19310207,-11,-31
19310208,-14,-35
19310209,17,-25
19310210,26,-69
19310211,3,-35
19310212,15,-43
19310213,30,-11
19310214,32,-6
19310215,33,-2
19310216,25,-10
19310217,50,-46
19310218,53,24
19310219,63,14
19310220,72,13
19310221,57,34
19310222,39,20
19310223,48,8
19310224,33,7
19310225,62,3
19310226,59,-17
19310227,101,20
19310228,78,40
19310301,156,8
19310302,47,1
19310303,55,-32
19310304,59,17
19310305,23,-28
19310306,-4,-35
19310307,11,-20
19310308,7,-10
19310309,20,-14
19310310,108,4
19310311,129,-32
19310312,26,-72
19310313,20,-30
19310314,15,-18
19310315,57,-25
19310316,73,20
19310317,68,14
19310318,53,-6
19310319,73,-20
19310320,103,19
19310321,151,45
19310322,143,91
19310323,136,69
19310324,163,39
19310325,161,46
19310326,70,6
19310327,87,-5
19310328,106,-14
19310329,68,1
19310330,75,-17
19310331,54,-19
19310401,79,-3
19310402,108,-13
19310403,111,34
19310404,108,58
19310405,160,40
19310406,165,75
19310407,108,71
19310408,121,55
19310409,122,21
19310410,136,12
19310411,149,60
19310412,142,56
19310413,217,62
19310414,143,38
19310415,153,37
19310416,143,45
19310417,151,75
19310418,123,72
19310419,97,50
19310420,91,62
19310421,134,80
19310422,145,63
19310423,159,71
19310424,191,59
19310425,197,66
19310426,207,93
19310427,184,110
19310428,179,68
19310429,187,60
19310430,167,71
19310501,184,93
19310502,203,82
19310503,232,114
19310504,229,134
19310505,245,124
19310506,227,125
19310507,198,101
19310508,183,109
19310509,151,104
19310510,178,101
19310511,190,119
19310512,207,110
19310513,232,102
19310514,259,101
19310515,267,142
19310516,265,139
19310517,241,138
19310518,225,138
19310519,235,147
19310520,196,127
19310521,206,127
19310522,230,145
19310523,254,129
19310524,269,156
19310525,277,167
19310526,278,169
19310527,247,151
19310528,279,143
19310529,293,164
19310530,304,171
19310531,259,166
19310601,236,146
19310602,229,130
19310603,198,126
19310604,252,123
19310605,273,135
19310606,302,153
19310607,230,162
19310608,240,148
19310609,264,158
19310610,276,143
19310611,291,168
19310612,308,226
19310613,323,198
19310614,287,182
19310615,304,177
19310616,288,161
19310617,306,191
19310618,330,184
19310619,256,159
19310620,326,166
19310621,281,159
19310622,256,157
19310623,285,154
19310624,301,192
19310625,306,165
19310626,202,135
19310627,231,122
19310628,260,136
19310629,286,142
19310630,312,170
19310701,291,196
19310702,283,195
19310703,337,172
19310704,346,207
19310705,293,195
19310706,314,197
19310707,340,200
19310708,296,197
19310709,291,181
19310710,291,161
19310711,316,181
19310712,335,180
19310713,362,181
19310714,352,211
19310715,361,216
19310716,257,171
19310717,273,165
19310718,282,161
19310719,339,176
19310720,309,141
19310721,208,137
19310722,224,143
19310723,244,123
19310724,268,135
19310725,296,153
19310726,296,168
19310727,314,207
19310728,319,158
19310729,237,150
19310730,253,135
19310731,272,142
19310801,287,169
19310802,317,188
19310803,315,168
19310804,295,176
19310805,316,209
19310806,334,212
19310807,342,182
19310808,284,180
19310809,325,185
19310810,253,164
19310811,231,149
19310812,244,131
19310813,262,145
19310814,274,160
19310815,302,170
19310816,236,165
19310817,237,144
19310818,257,130
19310819,293,158
19310820,323,167
19310821,225,135
19310822,246,124
19310823,180,142
19310824,234,152
19310825,219,160
19310826,248,155
19310827,199,120
19310828,200,114
19310829,243,122
19310830,247,145
19310831,253,168
19310901,213,144
19310902,252,155
19310903,279,139
19310904,302,159
19310905,238,153
19310906,176,123
19310907,196,104
19310908,149,98
19310909,159,75
19310910,213,89
19310911,234,103
19310912,237,116
19310913,161,113
19310914,171,99
19310915,130,95
19310916,127,108
19310917,167,104
19310918,187,122
19310919,225,139
19310920,190,120
19310921,142,68
19310922,98,51
19310923,129,59
19310924,129,31
19310925,178,74
19310926,193,51
19310927,119,65
19310928,125,41
19310929,151,83
19310930,155,45
19311001,165,59
19311002,173,74
19311003,183,49
19311004,171,117
19311005,171,75
19311006,200,60
19311007,233,78
19311008,183,129
19311009,200,120
19311010,192,95
19311011,206,87
19311012,199,99
19311013,199,97
19311014,198,90
19311015,109,71
19311016,98,74
19311017,86,46
19311018,125,61
19311019,131,60
19311020,134,11
19311021,112,43
19311022,110,9
19311023,128,53
19311024,204,116
19311025,207,161
19311026,179,46
19311027,52,37
19311028,71,43
19311029,59,39
19311030,102,27
19311031,110,46
19311101,68,12
19311102,88,-5
19311103,119,13
19311104,158,23
19311105,153,57
19311106,159,36
19311107,151,42
19311108,109,78
19311109,102,74
19311110,116,81
19311111,123,84
19311112,117,68
19311113,110,68
19311114,121,93
19311115,104,85
19311116,90,72
19311117,85,65
19311118,70,19
19311119,59,1
19311120,51,27
19311121,45,27
19311122,38,12
19311123,25,-4
19311124,25,10
19311125,28,11
19311126,37,16
19311127,27,6
19311128,25,17
19311129,24,4
19311130,12,0
19311201,9,-8
19311202,-4,-29
19311203,-24,-60
19311204,-12,-45
19311205,119,-19
19311206,104,2
19311207,143,86
19311208,126,31
19311209,53,7
19311210,46,2
19311211,13,-19
19311212,21,-30
19311213,19,-39
19311214,37,-4
19311215,30,-28
19311216,24,-28
19311217,20,-31
19311218,-2,-46
19311219,-46,-73
19311220,-30,-75
19311221,-26,-49
19311222,-3,-34
19311223,5,-56
19311224,2,-84
19311225,23,-50
19311226,49,-20
19311227,90,-34
19311228,64,15
19311229,78,32
19311230,77,3
19311231,5,-13
19320101,-12,-37
19320102,-17,-90
19320103,64,-86
19320104,92,33
19320105,66,-1
19320106,68,-36
19320107,93,52
19320108,113,71
19320109,92,21
19320110,34,-9
19320111,47,-26
19320112,50,8
19320113,33,4
19320114,4,-8
19320115,-5,-16
19320116,-7,-19
19320117,-17,-25
19320118,-7,-26
19320119,6,-15
19320120,-6,-16
19320121,-14,-26
19320122,-22,-33
19320123,6,-27
19320124,6,-16
19320125,-16,-35
19320126,-16,-31
19320127,-2,-39
19320128,54,-52
19320129,61,-33
19320130,38,-45
19320131,64,-4
19320201,40,-18
19320202,62,-29
19320203,82,1
19320204,98,-5
19320205,93,-13
19320206,-12,-56
19320207,14,-81
19320208,45,-41
19320209,33,-26
19320210,-26,-78
19320211,-70,-108
19320212,-71,-143
19320213,-53,-173
19320214,-65,-194
19320215,-53,-189
19320216,8,-165
19320217,18,-26
19320218,-9,-52
19320219,-6,-64
19320220,-13,-111
19320221,-6,-52
19320222,-6,-130
19320223,33,-106
19320224,58,-4
19320225,0,-38
19320226,-24,-86
19320227,-17,-105
19320228,-19,-94
19320229,1,-65
19320301,-11,-92
19320302,-7,-75
19320303,-31,-77
19320304,-1,-43
19320305,41,-28
19320306,18,2
19320307,18,1
19320308,65,-20
19320309,56,8
19320310,14,-18
19320311,-1,-23
19320312,4,-22
19320313,37,-24
19320314,30,-108
19320315,81,-104
19320316,65,-45
19320317,81,25
19320318,40,8
19320319,39,1
19320320,47,-1
19320321,76,18
19320322,54,7
19320323,13,-9
19320324,24,-24
19320325,50,-14
19320326,77,-20
19320327,83,11
19320328,70,-17
19320329,63,1
19320330,112,35
19320331,158,16
19320401,149,81
19320402,180,92
19320403,129,100
19320404,194,99
19320405,221,97
19320406,166,74
19320407,162,62
19320408,127,9
19320409,101,11
19320410,156,27
19320411,162,68
19320412,137,63
19320413,63,44
19320414,78,46
19320415,65,37
19320416,129,56
19320417,168,70
19320418,142,51
19320419,120,68
19320420,151,67
19320421,161,60
19320422,193,58
19320423,194,76
19320424,149,109
19320425,172,110
19320426,167,71
19320427,200,74
19320428,209,89
19320429,212,79
19320430,223,113
19320501,245,114
19320502,218,124
19320503,180,90
19320504,204,72
19320505,171,107
19320506,226,100
19320507,240,139
19320508,217,106
19320509,163,92
19320510,131,37
19320511,149,33
19320512,196,56
19320513,225,124
19320514,234,134
19320515,241,123
19320516,268,133
19320517,256,149
19320518,246,148
19320519,260,163
19320520,272,162
19320521,284,157
19320522,276,158
19320523,195,143
19320524,222,139
19320525,210,130
19320526,165,137
19320527,222,126
19320528,243,131
19320529,202,116
19320530,191,112
19320531,205,126
19320601,219,106
19320602,203,124
19320603,203,133
19320604,253,121
19320605,234,140
19320606,254,163
19320607,219,130
19320608,186,119
19320609,196,115
19320610,220,113
19320611,240,121
19320612,246,138
19320613,260,154
19320614,259,156
19320615,265,152
19320616,252,166
19320617,215,138
19320618,236,113
19320619,268,124
19320620,273,162
19320621,245,174
19320622,216,162
19320623,170,133
19320624,214,133
19320625,221,126
19320626,234,112
19320627,261,122
19320628,274,155
19320629,292,171
19320630,298,177
19320701,302,165
19320702,295,164
19320703,271,181
19320704,281,158
19320705,307,176
19320706,319,188
19320707,317,204
19320708,314,188
19320709,272,200
19320710,260,184
19320711,269,187
19320712,282,164
19320713,296,190
19320714,296,184
19320715,299,179
19320716,286,168
19320717,229,151
19320718,270,166
19320719,262,161
19320720,275,152
19320721,219,174
19320722,251,157
19320723,257,151
19320724,258,147
19320725,256,150
19320726,291,157
19320727,280,176
19320728,255,161
19320729,265,145
19320730,290,164
19320731,301,176
19320801,310,183
19320802,314,193
19320803,294,187
19320804,202,155
19320805,232,142
19320806,244,135
19320807,276,159
19320808,265,168
19320809,260,169
19320810,285,164
19320811,295,184
19320812,291,187
19320813,314,194
19320814,310,186
19320815,318,190
19320816,315,203
19320817,317,220
19320818,302,213
19320819,308,208
19320820,308,200
19320821,305,203
19320822,325,188
19320823,314,199
19320824,256,173
19320825,244,179
19320826,267,179
19320827,276,153
19320828,284,168
19320829,289,173
19320830,296,161
19320831,281,182
19320901,234,174
19320902,257,179
19320903,268,158
19320904,284,166
19320905,233,177
19320906,243,172
19320907,259,143
19320908,276,161
19320909,286,175
19320910,303,170
19320911,291,194
19320912,311,219
19320913,221,159
19320914,226,145
19320915,236,146
19320916,239,129
19320917,241,111
19320918,267,127
19320919,284,161
19320920,285,167
19320921,292,170
19320922,177,108
19320923,234,89
19320924,240,171
19320925,246,190
19320926,271,180
19320927,273,173
19320928,264,146
19320929,263,161
19320930,295,154
19321001,272,180
19321002,263,176
19321003,209,136
19321004,139,99
19321005,129,97
19321006,111,100
19321007,130,100
19321008,144,104
19321009,215,121
19321010,219,147
19321011,193,112
19321012,195,102
19321013,185,100
19321014,170,107
19321015,190,122
19321016,123,77
19321017,155,73
19321018,183,73
19321019,150,65
19321020,105,31
19321021,94,18
19321022,156,26
19321023,188,50
19321024,184,78
19321025,140,92
19321026,127,68
19321027,150,83
19321028,129,109
19321029,124,86
19321030,118,60
19321031,102,59
19321101,114,50
19321102,91,31
19321103,105,0
19321104,149,58
19321105,139,69
19321106,97,54
19321107,83,66
19321108,99,73
19321109,81,64
19321110,82,61
19321111,87,68
19321112,100,67
19321113,76,59
19321114,77,34
19321115,62,13
19321116,28,14
19321117,29,16
19321118,42,7
19321119,40,-14
19321120,40,-12
19321121,73,32
19321122,49,43
19321123,75,44
19321124,89,45
19321125,106,28
19321126,103,58
19321127,86,51
19321128,107,73
19321129,76,64
19321130,76,66
19321201,96,52
19321202,116,49
19321203,124,77
19321204,120,53
19321205,70,15
19321206,67,40
19321207,49,13
19321208,37,0
19321209,16,6
19321210,17,8
19321211,10,0
19321212,15,2
19321213,22,12
19321214,29,14
19321215,26,21
19321216,33,19
19321217,27,16
19321218,26,15
19321219,20,8
19321220,10,-3
19321221,-1,-7
19321222,-5,-15
19321223,-2,-15
19321224,-3,-17
19321225,4,-8
19321226,3,-17
19321227,-10,-25
19321228,-17,-24
19321229,-6,-17
19321230,7,-15
19321231,-6,-30
19330101,81,-48
19330102,7,-22
19330103,17,-1
19330104,23,9
19330105,17,5
19330106,21,8
19330107,40,14
19330108,54,-7
19330109,17,-10
19330110,25,-8
19330111,23,3
19330112,5,-25
19330113,-14,-29
19330114,-28,-33
19330115,-18,-35
19330116,-10,-33
19330117,-13,-36
19330118,0,-30
19330119,16,-12
19330120,12,-11
19330121,-9,-46
19330122,-20,-69
19330123,-71,-99
19330124,-75,-107
19330125,-44,-85
19330126,-42,-71
19330127,-45,-70
19330128,-66,-79
19330129,-52,-84
19330130,-20,-53
19330131,34,-21
19330201,60,14
19330202,72,-3
19330203,84,42
19330204,78,22
19330205,108,56
19330206,118,75
19330207,83,23
19330208,67,44
19330209,95,36
19330210,119,14
19330211,98,12
19330212,32,-4
19330213,43,-27
19330214,45,-37
19330215,52,-11
19330216,39,-39
19330217,17,-31
19330218,12,-44
19330219,21,-8
19330220,2,-19
19330221,7,-13
19330222,-3,-24
19330223,0,-29
19330224,19,-28
19330225,32,-22
19330226,21,-80
19330227,31,-54
19330228,50,11
19330301,44,-9
19330302,54,-18
19330303,90,8
19330304,141,56
19330305,147,98
19330306,109,78
19330307,124,71
19330308,113,75
19330309,74,53
19330310,95,21
19330311,93,39
19330312,73,30
19330313,96,13
19330314,126,2
19330315,157,19
19330316,171,34
19330317,177,42
19330318,146,58
19330319,159,54
19330320,151,45
19330321,92,37
19330322,75,16
19330323,44,5
19330324,49,4
19330325,100,11
19330326,94,37
19330327,114,51
19330328,156,19
19330329,199,24
19330330,203,93
19330331,169,88
19330401,138,80
19330402,139,48
19330403,131,30
19330404,203,79
19330405,189,96
19330406,152,72
19330407,154,82
19330408,104,53
19330409,119,57
19330410,158,10
19330411,164,95
19330412,170,71
19330413,152,83
19330414,159,92
19330415,157,69
19330416,222,111
19330417,156,91
19330418,130,76
19330419,96,36
19330420,73,34
19330421,50,16
19330422,94,30
19330423,92,42
19330424,126,67
19330425,135,74
19330426,155,42
19330427,167,42
19330428,165,64
19330429,181,56
19330430,212,115
19330501,230,127
19330502,244,145
19330503,211,138
19330504,197,127
19330505,239,125
19330506,255,119
19330507,198,145
19330508,203,120
19330509,146,109
19330510,189,121
19330511,128,91
19330512,175,85
19330513,151,87
19330514,187,79
19330515,131,71
19330516,177,69
19330517,145,98
19330518,170,88
19330519,172,98
19330520,189,109
19330521,219,129
19330522,233,122
19330523,209,132
19330524,201,116
19330525,156,101
19330526,163,97
19330527,146,102
19330528,171,112
19330529,205,136
19330530,212,120
19330531,221,120
19330601,167,126
19330602,216,127
19330603,233,145
19330604,217,134
19330605,222,119
19330606,247,101
19330607,204,135
19330608,192,113
19330609,216,88
19330610,207,99
19330611,175,106
19330612,236,126
19330613,225,121
19330614,231,138
19330615,222,139
19330616,231,143
19330617,209,138
19330618,187,100
19330619,230,80
19330620,244,130
19330621,256,146
19330622,281,160
19330623,242,157
19330624,231,141
19330625,237,159
19330626,207,144
19330627,245,137
19330628,225,141
19330629,217,140
19330630,221,129
19330701,218,132
19330702,228,140
19330703,245,160
19330704,244,156
19330705,201,161
19330706,177,124
19330707,218,119
19330708,280,147
19330709,288,153
19330710,262,184
19330711,299,163
19330712,305,189
19330713,252,170
19330714,302,184
19330715,323,190
19330716,322,166
19330717,255,147
19330718,261,151
19330719,256,148
19330720,280,156
19330721,300,172
19330722,306,182
19330723,257,192
19330724,264,183
19330725,252,176
19330726,280,162
19330727,303,174
19330728,326,173
19330729,326,184
19330730,294,135
19330731,240,135
19330801,279,134
19330802,235,146
19330803,225,131
19330804,255,190
19330805,275,203
19330806,268,176
19330807,292,160
19330808,304,163
19330809,315,186
19330810,321,213
19330811,338,204
19330812,338,217
19330813,255,161
19330814,241,134
19330815,270,139
19330816,274,166
19330817,307,172
19330818,282,172
19330819,302,180
19330820,335,190
19330821,302,192
19330822,221,150
19330823,222,126
19330824,230,151
19330825,236,132
19330826,231,124
19330827,221,152
19330828,211,146
19330829,199,145
19330830,204,132
19330831,238,136
19330901,251,131
19330902,191,138
19330903,183,115
19330904,215,119
19330905,210,129
19330906,219,112
19330907,210,129
19330908,204,122
19330909,203,101
19330910,184,121
19330911,207,93
19330912,222,100
19330913,236,157
19330914,240,134
19330915,196,98
19330916,186,81
19330917,205,127
19330918,213,124
19330919,132,88
19330920,190,80
19330921,227,147
19330922,230,162
19330923,192,153
19330924,189,150
19330925,223,150
19330926,226,130
19330927,213,124
19330928,217,113
19330929,247,126
19330930,241,169
19331001,233,151
19331002,220,129
19331003,181,110
19331004,138,88
19331005,161,88
19331006,185,89
19331007,186,112
19331008,216,103
19331009,212,152
19331010,176,135
19331011,202,94
19331012,191,110
19331013,139,87
19331014,143,77
19331015,128,56
19331016,123,41
19331017,117,44
19331018,98,78
19331019,85,73
19331020,148,64
19331021,110,59
19331022,130,76
19331023,105,65
19331024,111,68
19331025,187,89
19331026,139,104
19331027,106,45
19331028,121,39
19331029,188,99
19331030,150,71
19331031,123,54
19331101,106,44
19331102,128,67
19331103,148,66
19331104,114,37
19331105,80,29
19331106,83,45
19331107,147,19
19331108,106,61
19331109,79,32
19331110,46,31
19331111,84,34
19331112,120,62
19331113,83,38
19331114,52,35
19331115,52,34
19331116,91,27
19331117,169,77
19331118,159,96
19331119,109,40
19331120,80,46
19331121,74,15
19331122,39,14
19331123,50,33
19331124,54,41
19331125,62,35
19331126,52,30
19331127,83,43
19331128,50,15
19331129,39,1
19331130,38,2
19331201,6,-2
19331202,9,-9
19331203,-1,-59
19331204,-57,-78
19331205,-27,-71
19331206,-25,-60
19331207,-3,-40
19331208,-25,-44
19331209,-34,-53
19331210,-43,-76
19331211,-33,-71
19331212,-64,-81
19331213,-65,-86
19331214,-40,-78
19331215,-66,-89
19331216,-79,-100
19331217,-65,-98
19331218,-47,-81
19331219,-28,-85
19331220,-41,-82
19331221,29,-56
19331222,5,-15
19331223,24,1
19331224,61,9
19331225,30,-57
19331226,21,-32
19331227,17,1
19331228,54,8
19331229,54,15
19331230,46,3
19331231,33,18
19340101,50,27
19340102,35,14
19340103,22,10
19340104,15,3
19340105,18,-24
19340106,42,-14
19340107,38,-1
19340108,32,-4
19340109,-1,-39
19340110,10,-33
19340111,-2,-38
19340112,-38,-63
19340113,-16,-43
19340114,0,-28
19340115,18,-39
19340116,27,10
19340117,58,-3
19340118,64,-3
19340119,92,15
19340120,74,28
19340121,46,19
19340122,35,13
19340123,33,11
19340124,17,-5
19340125,5,-41
19340126,-41,-69
19340127,-53,-67
19340128,-14,-57
19340129,-6,-53
19340130,2,-57
19340131,25,-14
19340201,7,-29
19340202,-22,-55
19340203,-6,-75
19340204,-8,-79
19340205,2,-85
19340206,-6,-109
19340207,34,-93
19340208,47,-70
19340209,73,-6
19340210,90,-23
19340211,95,18
19340212,81,-11
19340213,27,-14
19340214,41,-22
19340215,58,-25
19340216,48,10
19340217,37,2
19340218,50,14
19340219,77,2
19340220,77,-5
19340221,122,-3
19340222,90,6
19340223,104,13
19340224,130,21
19340225,114,54
19340226,124,47
19340227,167,82
19340228,120,64
19340301,103,67
19340302,139,59
19340303,139,36
19340304,90,50
19340305,57,39
19340306,70,30
19340307,114,-3
19340308,73,23
19340309,50,-9
19340310,148,36
19340311,143,82
19340312,165,75
19340313,170,112
19340314,165,105
19340315,138,63
19340316,114,44
19340317,131,53
19340318,152,77
19340319,90,49
19340320,140,34
19340321,173,83
19340322,150,81
19340323,130,83
19340324,139,94
19340325,180,84
19340326,200,92
19340327,123,81
19340328,153,74
19340329,176,75
19340330,169,71
19340331,173,90
19340401,174,9999
19340402,9999,45
19340403,81,24
19340404,91,8
19340405,114,11
19340406,144,32
19340407,159,90
19340408,163,83
19340409,210,93
19340410,172,95
19340411,151,87
19340412,199,74
19340413,234,97
19340414,220,140
19340415,248,132
19340416,251,143
19340417,256,133
19340418,271,137
19340419,263,155
19340420,225,150
19340421,188,139
19340422,222,135
19340423,200,121
19340424,179,103
19340425,139,96
19340426,233,118
19340427,210,127
19340428,230,106
19340429,260,129
19340430,264,144
19340501,261,131
19340502,268,134
19340503,233,151
19340504,237,140
19340505,201,143
19340506,254,143
19340507,256,137
19340508,236,139
19340509,257,130
19340510,275,145
19340511,268,156
19340512,257,167
19340513,270,145
19340514,250,134
19340515,222,111
19340516,191,109
19340517,239,131
19340518,194,149
19340519,214,140
19340520,243,145
19340521,249,137
19340522,257,152
19340523,270,152
19340524,207,150
19340525,221,147
19340526,230,141
19340527,148,66
19340528,177,57
19340529,218,87
19340530,203,109
19340531,224,140
19340601,234,155
19340602,260,160
19340603,239,160
19340604,236,152
19340605,177,149
19340606,190,127
19340607,242,137
19340608,210,145
19340609,237,129
19340610,220,141
19340611,220,131
19340612,223,125
19340613,224,140
19340614,235,127
19340615,176,134
19340616,184,120
19340617,220,98
19340618,240,119
19340619,267,122
19340620,250,153
19340621,182,140
19340622,230,113
19340623,277,132
19340624,299,159
19340625,302,171
19340626,304,177
19340627,256,168
19340628,259,174
19340629,257,180
19340630,205,161
19340701,205,162
19340702,255,166
19340703,262,155
19340704,199,122
19340705,232,100
19340706,261,131
19340707,282,172
19340708,271,182
19340709,294,158
19340710,291,180
19340711,296,184
19340712,313,169
19340713,275,186
19340714,240,175
19340715,272,160
19340716,261,158
19340717,263,179
19340718,235,181
19340719,297,209
19340720,298,191
19340721,311,187
19340722,304,186
19340723,293,181
19340724,278,160
19340725,251,167
19340726,256,154
19340727,277,141
19340728,262,194
19340729,278,171
19340730,296,192
19340731,303,202
19340801,253,185
19340802,266,163
19340803,299,186
19340804,319,192
19340805,264,163
19340806,262,171
19340807,275,162
19340808,235,181
19340809,231,170
19340810,261,162
19340811,265,168
19340812,247,162
19340813,222,150
19340814,197,151
19340815,217,148
19340816,242,153
19340817,254,134
19340818,263,148
19340819,282,165
19340820,277,173
19340821,294,183
19340822,272,192
19340823,285,189
19340824,276,178
19340825,244,179
19340826,254,176
19340827,226,172
19340828,201,162
19340829,254,163
19340830,263,142
19340831,220,134
19340901,229,152
19340902,160,124
19340903,173,120
19340904,232,160
19340905,236,134
19340906,264,136
19340907,257,160
19340908,249,173
19340909,242,168
19340910,217,147
19340911,221,161
19340912,201,170
19340913,201,163
19340914,234,157
19340915,238,141
19340916,231,130
19340917,241,133
19340918,243,150
19340919,234,140
19340920,187,129
19340921,199,150
19340922,214,131
19340923,216,120
19340924,235,117
19340925,243,126
19340926,233,142
19340927,235,149
19340928,235,128
19340929,238,134
19340930,244,141
19341001,240,143
19341002,235,128
19341003,235,138
19341004,211,143
19341005,225,132
19341006,143,106
19341007,148,101
19341008,161,127
19341009,162,130
19341010,139,111
19341011,138,77
19341012,170,57
19341013,202,83
19341014,178,120
19341015,195,75
19341016,75,8
19341017,89,6
19341018,70,2
19341019,106,1
19341020,136,47
19341021,136,34
19341022,132,54
19341023,114,70
19341024,80,64
19341025,87,67
19341026,81,69
19341027,88,66
19341028,76,60
19341029,68,53
19341030,99,64
19341031,161,80
19341101,134,39
19341102,80,32
19341103,93,23
19341104,56,32
19341105,111,42
19341106,200,99
19341107,175,107
19341108,143,87
19341109,98,54
19341110,141,27
19341111,140,62
19341112,128,97
19341113,97,61
19341114,151,58
19341115,127,91
19341116,129,75
19341117,166,82
19341118,152,51
19341119,123,50
19341120,74,27
19341121,59,13
19341122,52,7
19341123,66,8
19341124,87,24
19341125,68,4
19341126,70,-7
19341127,61,-7
19341128,98,16
19341129,56,-4
19341130,67,37
19341201,84,16
19341202,11,-14
19341203,128,-15
19341204,142,67
19341205,142,58
19341206,128,59
19341207,79,46
19341208,97,62
19341209,82,64
19341210,111,58
19341211,118,79
19341212,79,68
19341213,109,67
19341214,123,94
19341215,126,89
19341216,108,88
19341217,93,82
19341218,90,81
19341219,85,70
19341220,90,67
19341221,70,58
19341222,73,44
19341223,44,19
19341224,39,24
19341225,41,25
19341226,37,24
19341227,33,23
19341228,58,14
19341229,52,11
19341230,61,16
19341231,81,13
19350101,70,32
19350102,73,26
19350103,62,18
19350104,18,-18
19350105,-5,-23
19350106,3,-22
19350107,-14,-43
19350108,-40,-83
19350109,-56,-82
19350110,-43,-70
19350111,-27,-53
19350112,-26,-80
19350113,-56,-112
19350114,-35,-83
19350115,19,-61
19350116,-9,-77
19350117,28,-60
19350118,5,-56
19350119,-25,-91
19350120,-25,-103
19350121,-28,-62
19350122,1,-67
19350123,-24,-116
19350124,2,-94
19350125,51,-57
19350126,84,40
19350127,53,26
19350128,42,21
19350129,21,-6
19350130,20,-27
19350131,34,-35
19350201,56,6
19350202,59,10
19350203,111,15
19350204,109,8
19350205,58,27
19350206,49,16
19350207,16,-30
19350208,-27,-49
19350209,-46,-67
19350210,-32,-82
19350211,-50,-114
19350212,-57,-124
19350213,-21,-111
19350214,34,-81
19350215,97,29
19350216,105,14
19350217,137,60
19350218,127,47
19350219,120,13
19350220,136,11
19350221,127,39
19350222,123,77
19350223,148,50
19350224,115,40
19350225,141,38
19350226,121,58
19350227,109,45
19350228,112,26
19350301,95,59
19350302,97,45
19350303,110,36
19350304,37,-17
19350305,11,-32
19350306,24,-43
19350307,47,-19
19350308,-9,-36
19350309,9,-26
19350310,18,-22
19350311,50,-5
19350312,63,-25
19350313,72,5
19350314,104,25
19350315,101,19
19350316,86,7
19350317,136,48
19350318,148,49
19350319,156,42
19350320,176,47
19350321,193,59
19350322,192,56
19350323,195,79
19350324,154,76
19350325,122,76
19350326,151,51
19350327,195,29
19350328,139,52
19350329,144,24
19350330,57,9
19350331,82,10
19350401,100,1
19350402,147,53
19350403,77,48
19350404,99,42
19350405,121,8
19350406,102,10
19350407,114,38
19350408,175,44
19350409,195,100
19350410,233,109
19350411,252,139
19350412,230,120
19350413,187,79
19350414,155,59
19350415,140,72
19350416,155,40
19350417,156,86
19350418,121,82
19350419,142,78
19350420,181,80
19350421,197,83
19350422,208,107
19350423,227,90
19350424,156,93
19350425,160,70
19350426,179,74
19350427,175,86
19350428,182,108
19350429,181,89
19350430,131,74
19350501,148,28
19350502,104,11
19350503,119,9
19350504,159,26
19350505,197,73
19350506,208,86
19350507,233,101
19350508,198,103
19350509,132,82
19350510,156,96
19350511,243,84
19350512,253,129
19350513,148,98
19350514,169,88
19350515,214,58
19350516,155,104
19350517,144,97
19350518,185,105
19350519,192,94
19350520,180,98
19350521,212,81
19350522,221,141
19350523,233,138
19350524,244,125
19350525,220,154
19350526,234,149
19350527,246,139
19350528,271,155
19350529,213,143
19350530,248,159
19350531,218,136
19350601,218,139
19350602,213,137
19350603,245,134
19350604,242,158
19350605,296,151
19350606,216,126
19350607,249,107
19350608,270,147
19350609,284,168
19350610,303,180
19350611,321,176
19350612,317,182
19350613,272,170
19350614,296,172
19350615,321,165
19350616,272,191
19350617,266,164
19350618,267,134
19350619,248,162
19350620,235,163
19350621,221,148
19350622,227,154
19350623,253,176
19350624,296,168
19350625,307,179
19350626,326,189
19350627,349,201
19350628,370,221
19350629,279,201
19350630,280,174
19350701,279,166
19350702,319,179
19350703,279,197
19350704,278,182
19350705,291,192
19350706,316,170
19350707,206,143
19350708,173,121
19350709,237,110
19350710,288,152
19350711,300,181
19350712,282,168
19350713,291,166
19350714,271,159
19350715,284,176
19350716,307,176
19350717,324,175
19350718,328,193
19350719,252,178
19350720,311,185
19350721,281,180
19350722,187,114
19350723,236,107
19350724,263,134
19350725,288,155
19350726,320,167
19350727,284,191
19350728,322,162
19350729,336,188
19350730,188,136
19350731,200,124
19350801,231,126
19350802,261,133
19350803,284,167
19350804,281,191
19350805,259,173
19350806,265,176
19350807,275,169
19350808,298,178
19350809,307,191
19350810,285,174
19350811,266,166
19350812,295,161
19350813,319,167
19350814,285,163
19350815,172,142
19350816,226,134
19350817,234,124
19350818,237,133
19350819,253,148
19350820,240,165
19350821,203,160
19350822,247,163
19350823,261,151
19350824,280,153
19350825,292,194
19350826,299,184
19350827,260,170
19350828,266,147
19350829,279,173
19350830,206,143
19350831,229,119
19350901,246,126
19350902,265,136
19350903,279,145
19350904,257,180
19350905,264,132
19350906,228,126
19350907,230,146
19350908,201,132
19350909,214,97
19350910,147,111
19350911,188,70
19350912,195,75
19350913,234,75
19350914,248,117
19350915,259,143
19350916,194,142
19350917,209,110
19350918,156,124
19350919,201,113
19350920,229,133
19350921,251,116
19350922,250,133
19350923,264,147
19350924,224,158
19350925,229,146
19350926,164,73
19350927,177,49
19350928,205,74
19350929,235,103
19350930,246,122
19351001,249,139
19351002,180,126
19351003,197,106
19351004,209,118
19351005,245,157
19351006,206,151
19351007,222,130
19351008,218,127
19351009,212,128
19351010,238,139
19351011,224,142
19351012,227,134
19351013,189,139
19351014,196,138
19351015,226,120
19351016,183,135
19351017,183,122
19351018,190,105
19351019,181,120
19351020,175,143
19351021,182,108
19351022,112,67
19351023,90,62
19351024,96,74
19351025,74,60
19351026,60,48
19351027,101,54
19351028,155,57
19351029,136,81
19351030,169,52
19351031,170,87
19351101,174,114
19351102,173,109
19351103,131,63
19351104,95,50
19351105,78,51
19351106,72,49
19351107,82,57
19351108,146,79
19351109,148,108
19351110,162,80
19351111,140,67
19351112,100,59
19351113,79,53
19351114,88,68
19351115,82,53
19351116,91,45
19351117,85,43
19351118,82,51
19351119,99,38
19351120,90,1
19351121,56,25
19351122,50,11
19351123,42,14
19351124,47,25
19351125,47,7
19351126,7,-20
19351127,2,-26
19351128,-1,-18
19351129,7,-26
19351130,13,-18
19351201,101,13
19351202,107,48
19351203,75,21
19351204,73,18
19351205,58,13
19351206,33,13
19351207,33,-1
19351208,25,-4
19351209,16,-5
19351210,69,12
19351211,60,28
19351212,28,-14
19351213,6,-18
19351214,6,-9
19351215,12,-2
19351216,13,-11
19351217,9,-41
19351218,61,4
19351219,21,4
19351220,24,-4
19351221,10,-24
19351222,-21,-69
19351223,-5,-77
19351224,45,-5
19351225,94,12
19351226,143,57
19351227,120,69
19351228,92,56
19351229,102,69
19351230,129,60
19351231,133,75
19360101,126,60
19360102,91,71
19360103,114,50
19360104,111,72
19360105,89,41
19360106,42,11
19360107,63,-1
19360108,89,45
19360109,112,44
19360110,115,47
19360111,134,84
19360112,97,41
19360113,43,17
19360114,47,23
19360115,52,8
19360116,31,11
19360117,91,12
19360118,91,34
19360119,70,-11
19360120,120,66
19360121,123,66
19360122,133,56
19360123,125,22
19360124,69,7
19360125,139,64
19360126,126,71
19360127,131,70
19360128,92,47
19360129,85,-5
19360130,102,28
19360131,58,28
19360201,125,28
19360202,152,75
19360203,94,51
19360204,70,21
19360205,67,20
19360206,37,5
19360207,20,-7
19360208,26,-8
19360209,57,-20
19360210,5,-72
19360211,-29,-79
19360212,-31,-88
19360213,64,-96
19360214,65,-28
19360215,28,-5
19360216,80,12
19360217,121,50
19360218,79,30
19360219,72,39
19360220,121,54
19360221,128,68
19360222,93,57
19360223,139,75
19360224,100,56
19360225,76,47
19360226,88,50
19360227,83,47
19360228,98,70
19360229,129,57
19360301,77,48
19360302,106,34
19360303,154,55
19360304,133,60
19360305,127,65
19360306,140,69
19360307,87,52
19360308,89,46
19360309,143,42
19360310,133,59
19360311,164,58
19360312,163,76
19360313,112,37
19360314,77,43
19360315,116,37
19360316,115,28
19360317,77,30
19360318,107,33
19360319,134,22
19360320,142,35
19360321,162,40
19360322,174,52
19360323,166,79
19360324,176,96
19360325,175,88
19360326,211,92
19360327,177,110
19360328,130,95
19360329,173,80
19360330,199,89
19360331,165,101
19360401,204,78
19360402,215,111
19360403,210,115
19360404,195,122
19360405,142,77
19360406,119,58
19360407,90,54
19360408,105,71
19360409,114,80
19360410,144,82
19360411,173,90
19360412,90,67
19360413,140,57
19360414,143,96
19360415,190,84
19360416,214,100
19360417,157,86
19360418,139,57
19360419,136,70
19360420,160,59
19360421,129,68
19360422,170,81
19360423,182,93
19360424,125,74
19360425,157,76
19360426,190,48
19360427,211,90
19360428,214,118
19360429,210,124
19360430,198,121
19360501,198,100
19360502,185,122
19360503,191,124
19360504,200,123
19360505,202,122
19360506,227,145
19360507,211,148
19360508,210,122
19360509,226,139
19360510,241,138
19360511,256,136
19360512,260,146
19360513,262,140
19360514,242,150
19360515,233,132
19360516,194,121
19360517,190,126
19360518,195,131
19360519,225,124
19360520,166,136
19360521,214,124
19360522,243,133
19360523,163,131
19360524,211,125
19360525,242,121
19360526,256,147
19360527,252,151
19360528,232,147
19360529,231,137
19360530,246,150
19360531,196,144
19360601,168,123
19360602,180,113
19360603,221,115
19360604,167,117
19360605,179,98
19360606,200,116
19360607,204,118
19360608,246,137
19360609,172,110
19360610,191,106
19360611,217,107
19360612,218,117
19360613,254,134
19360614,258,151
19360615,266,150
19360616,279,175
19360617,293,183
19360618,309,189
19360619,292,183
19360620,286,171
19360621,265,186
19360622,296,174
19360623,296,184
19360624,289,186
19360625,264,188
19360626,228,195
19360627,234,175
19360628,265,186
19360629,283,190
19360630,275,169
19360701,279,152
19360702,279,175
19360703,227,154
19360704,246,153
19360705,280,178
19360706,290,182
19360707,309,203
19360708,323,201
19360709,313,205
19360710,274,190
19360711,289,191
19360712,228,147
19360713,254,126
19360714,257,172
19360715,281,167
19360716,283,186
19360717,281,176
19360718,310,186
19360719,320,201
19360720,286,178
19360721,278,185
19360722,249,171
19360723,209,166
19360724,257,159
19360725,295,177
19360726,282,197
19360727,311,194
19360728,332,208
19360729,335,219
19360730,276,189
19360731,220,161
19360801,227,146
19360802,253,139
19360803,278,147
19360804,291,169
19360805,208,158
19360806,242,167
19360807,250,137
19360808,213,156
19360809,239,146
19360810,258,137
19360811,279,158
19360812,256,162
19360813,261,147
19360814,269,150
19360815,266,165
19360816,280,180
19360817,284,183
19360818,273,181
19360819,280,171
19360820,290,168
19360821,279,190
19360822,297,181
19360823,225,166
19360824,229,134
19360825,278,136
19360826,287,178
19360827,230,163
19360828,234,126
19360829,245,139
19360830,254,130
19360831,257,125
19360901,272,159
19360902,276,178
19360903,298,168
19360904,307,183
19360905,280,179
19360906,186,140
19360907,223,127
19360908,217,118
19360909,211,101
19360910,213,130
19360911,175,104
19360912,181,96
19360913,196,91
19360914,197,107
19360915,186,81
19360916,207,85
19360917,206,99
19360918,226,128
19360919,259,135
19360920,269,161
19360921,297,163
19360922,271,184
19360923,256,166
19360924,253,154
19360925,260,152
19360926,225,156
19360927,171,81
19360928,120,61
19360929,90,46
19360930,74,41
19361001,115,51
19361002,81,61
19361003,102,61
19361004,122,28
19361005,155,13
19361006,70,33
19361007,51,31
19361008,62,40
19361009,90,41
19361010,65,45
19361011,70,50
19361012,99,34
19361013,100,4
19361014,129,14
19361015,137,48
19361016,161,37
19361017,161,62
19361018,195,37
19361019,131,100
19361020,101,61
19361021,128,47
19361022,148,36
19361023,149,85
19361024,106,68
19361025,123,36
19361026,123,31
19361027,131,51
19361028,108,42
19361029,98,41
19361030,73,44
19361031,46,32
19361101,101,43
19361102,110,35
19361103,132,58
19361104,100,77
19361105,93,76
19361106,108,67
19361107,150,37
19361108,180,118
19361109,172,78
19361110,148,88
19361111,100,52
19361112,146,23
19361113,157,93
19361114,123,91
19361115,111,67
19361116,89,40
19361117,90,2
19361118,60,27
19361119,111,21
19361120,92,53
19361121,56,26
19361122,53,19
19361123,48,2
19361124,11,-23
19361125,15,0
19361126,3,-10
19361127,9,-16
19361128,-8,-21
19361129,-11,-20
19361130,-15,-29
19361201,18,-38
19361202,18,-53
19361203,44,-43
19361204,38,-23
19361205,66,13
19361206,45,5
19361207,22,4
19361208,22,6
19361209,19,3
19361210,27,14
19361211,29,16
19361212,26,14
19361213,35,17
19361214,34,14
19361215,55,21
19361216,91,13
19361217,88,33
19361218,84,16
19361219,42,0
19361220,89,18
19361221,51,-22
19361222,0,-31
19361223,2,-7
19361224,46,-11
19361225,14,-35
19361226,67,-9
19361227,33,-29
19361228,26,-30
19361229,20,-48
19361230,-15,-51
19361231,-30,-49
19370101,-10,-31
19370102,-9,-22
19370103,10,-21
19370104,58,-33
19370105,100,-23
19370106,64,15
19370107,94,9
19370108,82,28
19370109,35,5
19370110,26,-1
19370111,32,-22
19370112,15,-39
19370113,2,-20
19370114,5,-46
19370115,-17,-51
19370116,-15,-39
19370117,-22,-42
19370118,-23,-49
19370119,-9,-52
19370120,17,-11
19370121,5,-26
19370122,4,-35
19370123,-20,-31
19370124,-23,-62
19370125,-62,-80
19370126,-51,-88
19370127,-55,-94
19370128,8,-72
19370129,61,-3
19370130,6,-11
19370131,-1,-30
19370201,14,-6
19370202,14,-4
19370203,35,3
19370204,19,0
19370205,104,-9
19370206,116,70
19370207,86,41
19370208,55,32
19370209,55,37
19370210,71,24
19370211,60,8
19370212,31,6
19370213,46,-16
19370214,51,-8
19370215,36,-34
19370216,68,-24
19370217,71,6
19370218,58,7
19370219,73,22
19370220,110,20
19370221,63,26
19370222,102,-7
19370223,96,6
19370224,53,-21
19370225,72,17
19370226,75,12
19370227,114,46
19370228,172,99
19370301,105,46
19370302,76,36
19370303,87,30
19370304,69,28
19370305,111,55
19370306,122,60
19370307,118,55
19370308,138,67
19370309,114,82
19370310,123,76
19370311,86,32
19370312,178,73
19370313,144,72
19370314,150,98
19370315,155,48
19370316,119,33
19370317,131,28
19370318,155,77
19370319,214,86
19370320,214,108
19370321,166,77
19370322,154,52
19370323,155,86
19370324,100,51
19370325,116,40
19370326,129,22
19370327,121,7
19370328,40,7
19370329,40,18
19370330,53,10
19370331,82,37
19370401,113,82
19370402,84,54
19370403,101,52
19370404,128,77
19370405,119,80
19370406,172,57
19370407,148,85
19370408,170,50
19370409,195,82
19370410,190,89
19370411,173,108
19370412,159,100
19370413,184,87
19370414,149,112
19370415,184,95
19370416,195,105
19370417,132,97
19370418,173,84
19370419,131,86
19370420,143,81
19370421,101,51
19370422,138,81
19370423,165,58
19370424,126,38
19370425,161,26
19370426,158,69
19370427,129,69
19370428,93,73
19370429,160,90
19370430,162,86
19370501,172,73
19370502,162,111
19370503,171,112
19370504,172,113
19370505,191,130
19370506,174,122
19370507,163,106
19370508,202,85
19370509,224,102
19370510,235,109
19370511,242,111
19370512,255,113
19370513,213,142
19370514,236,145
19370515,213,153
19370516,257,124
19370517,260,135
19370518,262,147
19370519,270,144
19370520,271,141
19370521,267,187
19370522,258,162
19370523,199,159
19370524,218,148
19370525,254,149
19370526,240,168
19370527,284,166
19370528,275,174
19370529,244,175
19370530,241,152
19370531,248,140
19370601,268,146
19370602,230,184
19370603,183,128
19370604,205,136
19370605,280,137
19370606,300,185
19370607,293,212
19370608,287,193
19370609,285,182
19370610,303,186
19370611,313,197
19370612,316,215
19370613,295,204
19370614,289,212
19370615,251,197
19370616,218,149
19370617,175,136
19370618,218,138
19370619,268,150
19370620,211,162
19370621,223,152
19370622,234,151
19370623,264,142
19370624,272,166
19370625,266,171
19370626,233,167
19370627,257,155
19370628,279,159
19370629,237,175
19370630,187,158
19370701,234,152
19370702,246,153
19370703,268,161
19370704,278,161
19370705,270,179
19370706,299,184
19370707,288,171
19370708,280,184
19370709,236,181
19370710,250,187
19370711,204,124
19370712,207,128
19370713,260,151
19370714,234,159
19370715,268,159
19370716,285,178
19370717,225,191
19370718,252,185
19370719,262,187
19370720,282,179
19370721,287,176
19370722,290,190
19370723,286,190
19370724,302,202
19370725,305,202
19370726,262,164
19370727,256,159
19370728,266,156
19370729,237,156
19370730,269,150
19370731,271,170
19370801,252,184
19370802,229,178
19370803,248,169
19370804,251,161
19370805,264,152
19370806,274,174
19370807,268,168
19370808,282,189
19370809,292,188
19370810,300,189
19370811,271,181
19370812,286,183
19370813,306,195
19370814,303,203
19370815,256,172
19370816,229,129
19370817,228,119
19370818,252,133
19370819,241,164
19370820,264,169
19370821,227,168
19370822,201,154
19370823,214,139
19370824,191,134
19370825,216,161
19370826,251,178
19370827,246,167
19370828,254,167
19370829,267,173
19370830,212,184
19370831,236,160
19370901,242,162
19370902,242,150
19370903,251,151
19370904,263,172
19370905,242,178
19370906,254,155
19370907,256,163
19370908,261,163
19370909,258,157
19370910,256,135
19370911,135,108
19370912,121,101
19370913,180,101
19370914,213,90
19370915,162,106
19370916,212,100
19370917,249,130
19370918,257,157
19370919,247,149
19370920,220,138
19370921,210,114
19370922,169,144
19370923,201,124
19370924,159,129
19370925,193,124
19370926,189,102
19370927,196,105
19370928,239,112
19370929,183,128
19370930,172,117
19371001,145,106
19371002,186,128
19371003,174,123
19371004,195,115
19371005,168,113
19371006,113,83
19371007,102,83
19371008,116,85
19371009,143,101
19371010,150,106
19371011,134,84
19371012,121,72
19371013,136,50
19371014,146,64
19371015,143,74
19371016,135,87
19371017,144,74
19371018,133,92
19371019,141,66
19371020,145,54
19371021,141,52
19371022,125,50
19371023,172,88
19371024,214,126
19371025,179,103
19371026,194,97
19371027,206,94
19371028,214,127
19371029,202,93
19371030,188,131
19371031,178,126
19371101,146,118
19371102,171,97
19371103,130,97
19371104,106,72
19371105,90,73
19371106,95,81
19371107,134,75
19371108,152,54
19371109,122,52
19371110,116,46
19371111,46,9
19371112,42,11
19371113,96,19
19371114,62,14
19371115,60,11
19371116,11,-21
19371117,13,-16
19371118,55,10
19371119,54,23
19371120,75,51
19371121,73,37
19371122,66,40
19371123,81,53
19371124,67,50
19371125,60,42
19371126,50,-1
19371127,67,-12
19371128,60,-1
19371129,52,-14
19371130,20,-20
19371201,68,-10
19371202,105,55
19371203,95,63
19371204,116,39
19371205,83,48
19371206,55,14
19371207,32,-1
19371208,53,28
19371209,128,43
19371210,137,56
19371211,55,16
19371212,56,15
19371213,55,6
19371214,51,24
19371215,67,38
19371216,76,43
19371217,53,36
19371218,36,17
19371219,33,4
19371220,42,3
19371221,17,3
19371222,10,-33
19371223,-2,-47
19371224,2,-41
19371225,29,-9
19371226,22,-23
19371227,-17,-35
19371228,-30,-50
19371229,-31,-58
19371230,-22,-56
19371231,-4,-57
19380101,-23,-82
19380102,-19,-87
19380103,-48,-80
19380104,-60,-97
19380105,-70,-120
19380106,-54,-104
19380107,-15,-95
19380108,-41,-81
19380109,9,-46
19380110,29,6
19380111,76,-10
19380112,75,-12
19380113,116,40
19380114,93,27
19380115,77,9
19380116,94,18
19380117,76,7
19380118,81,20
19380119,71,-6
19380120,71,46
19380121,62,28
19380122,70,18
19380123,68,1
19380124,94,24
19380125,103,20
19380126,96,9
19380127,71,35
19380128,39,-8
19380129,54,-36
19380130,65,12
19380131,76,17
19380201,70,-1
19380202,37,5
19380203,70,16
19380204,53,10
19380205,103,29
19380206,52,1
19380207,39,-19
19380208,59,6
19380209,49,-29
19380210,55,-42
19380211,71,16
19380212,62,4
19380213,46,-21
19380214,23,-5
19380215,19,-6
19380216,15,7
19380217,44,5
19380218,64,13
19380219,34,-5
19380220,28,-13
19380221,38,-29
19380222,60,-10
19380223,63,-15
19380224,57,3
19380225,74,-34
19380226,78,-15
19380227,80,-15
19380228,104,-2
19380301,110,24
19380302,100,43
19380303,86,12
19380304,87,29
19380305,140,23
19380306,164,15
19380307,174,36
19380308,143,59
19380309,198,43
19380310,206,116
19380311,143,53
19380312,68,22
19380313,48,9
19380314,73,0
19380315,142,-14
19380316,174,21
19380317,183,27
19380318,179,73
19380319,190,72
19380320,204,66
19380321,190,72
19380322,207,65
19380323,196,104
19380324,198,94
19380325,186,76
19380326,160,16
19380327,91,8
19380328,130,31
19380329,80,37
19380330,183,39
19380331,225,132
19380401,249,87
19380402,226,114
19380403,226,80
19380404,100,16
19380405,126,23
19380406,136,69
19380407,176,60
19380408,127,25
19380409,103,5
19380410,75,23
19380411,77,11
19380412,129,24
19380413,158,88
19380414,137,51
19380415,136,49
19380416,170,42
19380417,161,69
19380418,109,20
19380419,80,19
19380420,93,26
19380421,86,31
19380422,103,17
19380423,55,16
19380424,149,4
19380425,141,43
19380426,82,46
19380427,137,58
19380428,164,63
19380429,111,90
19380430,167,95
19380501,186,77
19380502,196,103
19380503,203,108
19380504,120,65
19380505,135,49
19380506,189,30
19380507,180,111
19380508,199,107
19380509,170,101
19380510,138,105
19380511,118,96
19380512,175,90
19380513,195,75
19380514,222,94
19380515,244,110
19380516,265,120
19380517,263,117
19380518,202,135
19380519,215,115
19380520,170,139
19380521,215,151
19380522,193,112
19380523,206,104
19380524,205,119
19380525,198,109
19380526,196,90
19380527,241,100
19380528,213,125
19380529,208,105
19380530,225,126
19380531,184,127
19380601,265,118
19380602,286,151
19380603,268,136
19380604,221,124
19380605,215,134
19380606,272,138
19380607,274,169
19380608,270,157
19380609,274,160
19380610,289,167
19380611,292,189
19380612,297,180
19380613,248,152
19380614,237,149
19380615,190,131
19380616,216,140
19380617,219,128
19380618,231,139
19380619,261,147
19380620,279,161
19380621,291,188
19380622,314,177
19380623,293,192
19380624,281,188
19380625,318,186
19380626,315,203
19380627,299,193
19380628,323,210
19380629,334,201
19380630,317,215
19380701,311,211
19380702,329,213
19380703,263,158
19380704,235,138
19380705,273,144
19380706,234,155
19380707,276,143
19380708,334,176
19380709,326,205
19380710,206,132
19380711,238,113
19380712,272,140
19380713,273,151
19380714,254,179
19380715,291,167
19380716,312,185
19380717,301,192
19380718,276,189
19380719,271,208
19380720,273,168
19380721,293,169
19380722,252,188
19380723,273,173
19380724,294,192
19380725,260,165
19380726,289,178
19380727,311,195
19380728,304,206
19380729,313,206
19380730,306,212
19380731,281,210
19380801,263,195
19380802,290,201
19380803,290,203
19380804,313,191
19380805,326,215
19380806,321,213
19380807,299,206
19380808,267,197
19380809,220,185
19380810,248,184
19380811,262,164
19380812,251,185
19380813,249,181
19380814,244,168
19380815,270,175
19380816,273,178
19380817,279,171
19380818,209,145
19380819,251,122
19380820,296,162
19380821,301,185
19380822,216,124
19380823,206,109
19380824,204,123
19380825,221,120
19380826,268,162
19380827,202,167
19380828,212,164
19380829,208,153
19380830,243,153
19380831,217,161
19380901,225,149
19380902,230,150
19380903,243,150
19380904,216,151
19380905,179,139
19380906,141,97
19380907,182,77
19380908,214,97
19380909,232,113
19380910,236,150
19380911,259,132
19380912,225,134
19380913,235,153
19380914,237,162
19380915,234,138
19380916,167,101
19380917,174,82
19380918,183,72
19380919,198,88
19380920,207,119
19380921,210,121
19380922,222,119
19380923,226,134
19380924,228,152
19380925,210,128
19380926,213,119
19380927,212,111
19380928,204,132
19380929,234,134
19380930,176,156
19381001,204,160
19381002,202,139
19381003,203,134
19381004,222,121
19381005,163,111
19381006,160,119
19381007,184,115
19381008,200,101
19381009,176,114
19381010,226,98
19381011,216,120
19381012,157,98
19381013,182,79
19381014,190,68
19381015,198,92
19381016,188,93
19381017,193,79
19381018,202,99
19381019,189,88
19381020,155,81
19381021,129,55
19381022,104,67
19381023,98,54
19381024,97,49
19381025,87,50
19381026,75,35
19381027,109,72
19381028,134,94
19381029,145,106
19381030,128,78
19381031,142,77
19381101,132,57
19381102,124,36
19381103,129,42
19381104,134,27
19381105,165,120
19381106,160,110
19381107,181,73
19381108,164,51
19381109,122,37
19381110,89,77
19381111,117,76
19381112,136,77
19381113,85,76
19381114,120,66
19381115,79,33
19381116,64,34
19381117,40,22
19381118,71,28
19381119,68,46
19381120,79,38
19381121,142,58
19381122,173,90
19381123,126,66
19381124,119,34
19381125,86,54
19381126,76,35
19381127,64,47
19381128,65,50
19381129,62,39
19381130,64,37
19381201,75,44
19381202,87,67
19381203,95,72
19381204,87,13
19381205,63,6
19381206,41,4
19381207,79,25
19381208,38,-7
19381209,47,3
19381210,94,32
19381211,88,52
19381212,46,30
19381213,82,45
19381214,80,54
19381215,55,41
19381216,41,-25
19381217,-20,-86
19381218,-82,-98
19381219,-83,-108
19381220,-62,-91
19381221,-5,-62
19381222,20,-9
19381223,18,-2
19381224,25,5
19381225,10,-49
19381226,-25,-61
19381227,-35,-71
19381228,-42,-77
19381229,-34,-60
19381230,-15,-41
19381231,-7,-41
19390101,9,-57
19390102,40,-36
19390103,75,7
19390104,22,-25
19390105,-16,-52
19390106,-1,-33
19390107,10,-39
19390108,0,-64
19390109,0,-69
19390110,89,-58
19390111,86,9
19390112,93,22
19390113,72,23
19390114,70,8
19390115,116,48
19390116,126,75
19390117,150,108
19390118,148,114
19390119,138,73
19390120,115,65
19390121,82,39
19390122,53,35
19390123,61,48
19390124,73,53
19390125,70,51
19390126,74,32
19390127,98,14
19390128,87,14
19390129,48,6
19390130,44,32
19390131,42,7
19390201,49,-15
19390202,28,-10
19390203,6,-21
19390204,35,-51
19390205,65,-41
19390206,64,-15
19390207,61,-12
19390208,71,-36
19390209,77,-32
19390210,70,1
19390211,172,37
19390212,150,46
19390213,118,45
19390214,69,-2
19390215,43,-17
19390216,63,-35
19390217,83,-13
19390218,84,6
19390219,92,2
19390220,75,25
19390221,73,29
19390222,40,20
19390223,89,11
19390224,96,7
19390225,158,44
19390226,170,85
19390227,108,48
19390228,54,29
19390301,72,26
19390302,107,39
19390303,96,16
19390304,86,8
19390305,63,8
19390306,84,-18
19390307,127,74
19390308,84,18
19390309,115,19
19390310,99,11
19390311,73,10
19390312,48,-10
19390313,34,-6
19390314,33,-14
19390315,48,-20
19390316,48,-4
19390317,50,-30
19390318,49,-15
19390319,51,-13
19390320,55,-31
19390321,75,-8
19390322,93,-6
19390323,113,13
19390324,89,46
19390325,53,24
19390326,83,36
19390327,108,51
19390328,104,60
19390329,138,43
19390330,138,61
19390331,160,32
19390401,171,62
19390402,168,53
19390403,203,78
19390404,184,94
19390405,183,101
19390406,213,107
19390407,263,145
19390408,262,121
19390409,216,118
19390410,192,104
19390411,186,73
19390412,217,95
19390413,259,129
19390414,251,122
19390415,243,122
19390416,224,118
19390417,236,110
19390418,149,88
19390419,127,89
19390420,150,85
19390421,177,92
19390422,206,59
19390423,150,75
19390424,158,87
19390425,193,81
19390426,217,91
19390427,240,102
19390428,221,101
19390429,247,134
19390430,195,102
19390501,198,88
19390502,207,91
19390503,196,105
19390504,192,98
19390505,131,102
19390506,177,90
19390507,208,115
19390508,186,120
19390509,170,107
19390510,195,105
19390511,185,100
19390512,190,116
19390513,198,97
19390514,141,96
19390515,193,83
19390516,192,104
19390517,233,107
19390518,246,109
19390519,232,109
19390520,223,114
19390521,223,135
19390522,204,125
19390523,145,125
19390524,202,125
19390525,215,86
19390526,211,125
19390527,193,138
19390528,210,111
19390529,129,107
19390530,146,109
19390531,142,118
19390601,202,128
19390602,233,170
19390603,241,144
19390604,255,132
19390605,248,154
19390606,224,134
19390607,241,120
19390608,249,126
19390609,283,134
19390610,257,155
19390611,278,155
19390612,260,175
19390613,214,154
19390614,184,138
19390615,198,130
19390616,223,134
19390617,210,134
19390618,195,161
19390619,225,161
19390620,212,157
19390621,263,145
19390622,275,171
19390623,285,180
19390624,294,172
19390625,271,182
19390626,298,181
19390627,250,164
19390628,247,160
19390629,276,145
19390630,302,182
19390701,302,192
19390702,256,176
19390703,241,149
19390704,264,162
19390705,281,153
19390706,290,162
19390707,290,173
19390708,307,182
19390709,323,188
19390710,277,155
19390711,248,144
19390712,255,162
19390713,277,154
19390714,299,162
19390715,321,188
19390716,341,194
19390717,311,201
19390718,298,186
19390719,332,182
19390720,341,204
19390721,351,223
19390722,376,219
19390723,271,174
19390724,252,175
19390725,212,122
19390726,254,119
19390727,268,155
19390728,248,123
19390729,266,150
19390730,289,149
19390731,320,172
19390801,288,201
19390802,284,197
19390803,281,184
19390804,322,181
19390805,330,200
19390806,294,205
19390807,275,161
19390808,299,163
19390809,277,187
19390810,274,181
19390811,275,165
19390812,291,175
19390813,292,198
19390814,270,200
19390815,202,149
19390816,211,125
19390817,211,142
19390818,214,164
19390819,241,154
19390820,249,162
19390821,270,160
19390822,282,180
19390823,288,169
19390824,285,171
19390825,214,175
19390826,238,168
19390827,266,173
19390828,269,181
19390829,278,173
19390830,274,165
19390831,270,148
19390901,287,153
19390902,291,172
19390903,262,179
19390904,271,176
19390905,214,172
19390906,192,160
19390907,250,151
19390908,261,153
19390909,259,145
19390910,253,134
19390911,272,127
19390912,276,135
19390913,272,160
19390914,203,151
19390915,197,139
19390916,222,132
19390917,219,132
19390918,229,120
19390919,223,144
19390920,202,136
19390921,222,129
19390922,217,123
19390923,202,135
19390924,197,122
19390925,152,85
19390926,142,54
19390927,128,72
19390928,121,72
19390929,137,40
19390930,151,45
19391001,142,63
19391002,190,103
19391003,147,107
19391004,123,84
19391005,95,65
19391006,114,62
19391007,112,85
19391008,92,50
19391009,124,50
19391010,122,52
19391011,96,77
19391012,113,83
19391013,124,89
19391014,214,119
19391015,235,148
19391016,251,142
19391017,218,149
19391018,263,144
19391019,215,150
19391020,221,104
19391021,123,102
19391022,104,87
19391023,140,91
19391024,141,67
19391025,143,40
19391026,103,35
19391027,76,30
19391028,114,59
19391029,104,33
19391030,135,65
19391031,68,35
19391101,46,28
19391102,52,41
19391103,64,43
19391104,79,56
19391105,103,78
19391106,138,82
19391107,131,75
19391108,85,73
19391109,132,54
19391110,165,95
19391111,134,87
19391112,133,83
19391113,96,83
19391114,85,67
19391115,79,67
19391116,101,63
19391117,151,51
19391118,123,47
19391119,95,37
19391120,94,34
19391121,34,22
19391122,34,14
19391123,16,6
19391124,21,5
19391125,32,-5
19391126,77,-10
19391127,127,66
19391128,149,82
19391129,93,63
19391130,122,52
19391201,140,100
19391202,136,37
19391203,99,59
19391204,76,38
19391205,96,34
19391206,90,57
19391207,84,32
19391208,61,14
19391209,51,3
19391210,25,11
19391211,25,15
19391212,26,14
19391213,36,14
19391214,30,11
19391215,32,14
19391216,24,7
19391217,14,2
19391218,15,3
19391219,22,5
19391220,27,6
19391221,20,-24
19391222,-5,-72
19391223,-6,-81
19391224,75,-48
19391225,88,15
19391226,46,-3
19391227,23,-92
19391228,-70,-120
19391229,-77,-141
19391230,-70,-149
19391231,-68,-154
19400101,3,-90
19400102,-22,-80
19400103,18,-119
19400104,18,-33
19400105,-22,-36
19400106,-1,-44
19400107,-34,-113
19400108,-67,-120
19400109,-23,-72
19400110,-60,-108
19400111,-100,-120
19400112,-76,-115
19400113,-79,-140
19400114,-41,-138
19400115,-23,-108
19400116,-31,-90
19400117,-31,-55
19400118,-39,-111
19400119,-79,-112
19400120,-82,-111
19400121,-88,-129
19400122,-71,-125
19400123,-49,-92
19400124,-26,-60
19400125,-7,-45
19400126,6,-27
19400127,2,-35
19400128,-8,-63
19400129,-14,-58
19400130,-24,-56
19400131,-41,-68
19400201,-40,-85
19400202,7,-41
19400203,4,-23
19400204,0,-21
19400205,26,0
19400206,14,7
19400207,48,-3
19400208,18,-10
19400209,46,5
19400210,31,-54
19400211,-51,-81
19400212,-38,-65
19400213,-64,-109
19400214,-99,-133
19400215,-105,-217
19400216,-87,-177
19400217,-42,-130
19400218,-42,-100
19400219,-21,-138
19400220,-1,-80
19400221,-5,-126
19400222,-11,-135
19400223,10,-112
19400224,56,-71
19400225,84,-11
19400226,51,-3
19400227,31,-30
19400228,70,-17
19400229,96,0
19400301,83,-14
19400302,7,-45
19400303,17,-79
19400304,64,-29
19400305,101,14
19400306,52,-24
19400307,-8,-35
19400308,31,-41
19400309,22,-37
19400310,65,-36
19400311,95,32
19400312,114,37
19400313,139,57
19400314,160,82
19400315,82,15
19400316,82,6
19400317,106,6
19400318,55,10
19400319,46,0
19400320,83,7
19400321,101,48
19400322,163,44
19400323,162,67
19400324,185,87
19400325,159,60
19400326,197,81
19400327,185,113
19400328,144,25
19400329,53,25
19400330,89,16
19400331,95,44
19400401,109,34
19400402,124,26
19400403,173,20
19400404,138,64
19400405,93,56
19400406,87,49
19400407,75,29
19400408,81,34
19400409,121,13
19400410,139,24
19400411,106,48
19400412,105,32
19400413,116,13
19400414,124,43
19400415,164,20
19400416,167,70
19400417,195,91
19400418,225,103
19400419,243,123
19400420,244,123
19400421,256,143
19400422,244,129
19400423,249,132
19400424,257,130
19400425,209,131
19400426,200,121
19400427,201,121
19400428,196,125
19400429,177,126
19400430,157,119
19400501,123,87
19400502,143,107
19400503,132,116
19400504,152,112
19400505,142,108
19400506,133,103
19400507,139,97
19400508,164,106
19400509,211,108
19400510,216,95
19400511,227,115
19400512,195,122
19400513,188,91
19400514,168,82
19400515,193,83
19400516,115,85
19400517,184,88
19400518,136,106
19400519,188,102
19400520,207,115
19400521,205,111
19400522,229,87
19400523,234,103
19400524,219,130
19400525,262,133
19400526,272,140
19400527,262,154
19400528,252,141
19400529,252,154
19400530,218,145
19400531,175,133
19400601,205,107
19400602,194,132
19400603,210,141
19400604,192,157
19400605,223,157
19400606,227,145
19400607,240,162
19400608,258,161
19400609,255,153
19400610,272,146
19400611,271,140
19400612,271,145
19400613,268,157
19400614,251,153
19400615,274,175
19400616,284,170
19400617,214,151
19400618,230,140
19400619,241,161
19400620,249,155
19400621,269,153
19400622,264,164
19400623,244,162
19400624,263,164
19400625,242,165
19400626,250,137
19400627,232,154
19400628,182,138
19400629,186,142
19400630,285,179
19400701,257,178
19400702,280,192
19400703,286,167
19400704,298,181
19400705,218,176
19400706,270,146
19400707,300,163
19400708,271,166
19400709,184,153
19400710,213,146
19400711,282,153
19400712,285,163
19400713,233,125
19400714,271,134
19400715,255,150
19400716,290,161
19400717,263,150
19400718,207,149
19400719,269,134
19400720,284,164
19400721,294,190
19400722,257,169
19400723,279,188
19400724,281,184
19400725,261,190
19400726,310,191
19400727,240,186
19400728,199,157
19400729,224,156
19400730,240,127
19400731,221,105
19400801,241,140
19400802,235,147
19400803,241,137
19400804,251,154
19400805,270,168
19400806,257,164
19400807,273,174
19400808,294,173
19400809,286,174
19400810,302,195
19400811,286,191
19400812,260,182
19400813,226,157
19400814,225,145
19400815,236,133
19400816,246,133
19400817,211,152
19400818,239,140
19400819,264,134
19400820,203,146
19400821,202,126
19400822,176,87
19400823,208,73
19400824,159,113
19400825,197,85
19400826,218,104
19400827,226,120
19400828,238,122
19400829,227,146
19400830,182,106
19400831,175,93
19400901,185,82
19400902,243,117
19400903,269,127
19400904,217,161
19400905,233,153
19400906,240,143
19400907,248,140
19400908,263,141
19400909,234,152
19400910,183,133
19400911,196,133
19400912,135,81
19400913,156,47
19400914,151,104
19400915,204,114
19400916,174,112
19400917,211,98
19400918,234,123
19400919,235,146
19400920,244,138
19400921,248,148
19400922,252,150
19400923,250,161
19400924,252,140
19400925,248,144
19400926,223,143
19400927,173,123
19400928,246,104
19400929,127,72
19400930,104,70
19401001,114,91
19401002,128,102
19401003,221,110
19401004,226,142
19401005,164,119
19401006,198,85
19401007,200,96
19401008,154,131
19401009,210,123
19401010,221,131
19401011,205,96
19401012,195,130
19401013,163,121
19401014,129,103
19401015,164,115
19401016,153,106
19401017,138,62
19401018,130,44
19401019,127,33
19401020,132,10
19401021,167,48
19401022,167,57
19401023,133,69
19401024,129,95
19401025,187,106
19401026,122,50
19401027,61,20
19401028,58,15
19401029,32,17
19401030,43,16
19401031,64,32
19401101,98,10
19401102,102,57
19401103,122,37
19401104,152,101
19401105,197,123
19401106,128,81
19401107,96,75
19401108,111,46
19401109,88,25
19401110,77,36
19401111,98,45
19401112,115,58
19401113,134,95
19401114,183,95
19401115,195,142
19401116,165,103
19401117,182,97
19401118,173,85
19401119,108,84
19401120,113,67
19401121,125,83
19401122,120,102
19401123,124,104
19401124,115,80
19401125,94,55
19401126,87,31
19401127,94,0
19401128,71,26
19401129,57,24
19401130,25,5
19401201,17,-7
19401202,17,-29
19401203,22,-51
19401204,-13,-51
19401205,-2,-48
19401206,27,-34
19401207,49,-12
19401208,61,-6
19401209,44,-6
19401210,6,-32
19401211,17,-43
19401212,49,-11
19401213,12,-12
19401214,17,-30
19401215,-30,-82
19401216,-71,-97
19401217,-67,-109
19401218,-47,-108
19401219,-67,-115
19401220,-87,-134
19401221,-46,-101
19401222,-41,-128
19401223,-51,-65
19401224,-44,-69
19401225,-26,-69
19401226,-24,-62
19401227,-39,-75
19401228,-45,-91
19401229,-24,-113
19401230,46,-79
19401231,86,38
19410101,101,56
19410102,77,-3
19410103,7,-7
19410104,0,-29
19410105,-23,-43
19410106,-26,-47
19410107,-3,-28
19410108,-1,-20
19410109,-5,-31
19410110,-13,-37
19410111,-18,-56
19410112,-20,-89
19410113,-57,-134
19410114,-79,-154
19410115,-48,-83
19410116,-40,-61
19410117,-30,-59
19410118,-43,-119
19410119,59,-122
19410120,89,38
19410121,111,70
19410122,133,61
19410123,83,45
19410124,119,39
19410125,102,30
19410126,107,30
19410127,30,-38
19410128,-31,-47
19410129,-23,-53
19410130,-34,-57
19410131,-34,-61
19410201,-12,-48
19410202,20,-50
19410203,34,-11
19410204,24,1
19410205,10,-33
19410206,-22,-40
19410207,-6,-60
19410208,30,-76
19410209,77,-5
19410210,77,-29
19410211,79,27
19410212,88,34
19410213,120,63
19410214,124,62
19410215,95,35
19410216,85,42
19410217,110,75
19410218,116,42
19410219,115,34
19410220,93,43
19410221,99,51
19410222,63,11
19410223,36,-3
19410224,33,8
19410225,69,17
19410226,67,20
19410227,58,8
19410228,63,-8
19410301,112,25
19410302,152,18
19410303,148,56
19410304,102,58
19410305,115,55
19410306,68,16
19410307,147,7
19410308,106,62
19410309,104,82
19410310,91,49
19410311,147,47
19410312,59,10
19410313,53,-8
19410314,67,-6
19410315,120,4
19410316,144,5
19410317,120,12
19410318,17,-33
19410319,72,-39
19410320,97,-9
19410321,107,4
19410322,144,24
19410323,161,9999
19410324,9999,15
19410325,98,25
19410326,137,40
19410327,188,80
19410328,148,87
19410329,145,82
19410330,162,69
19410331,168,94
19410401,158,81
19410402,167,86
19410403,166,88
19410404,194,109
19410405,230,110
19410406,217,138
19410407,197,106
19410408,106,11
19410409,38,4
19410410,31,-3
19410411,53,6
19410412,91,17
19410413,162,33
19410414,199,106
19410415,185,87
19410416,142,94
19410417,129,90
19410418,160,73
19410419,194,73
19410420,198,111
19410421,172,104
19410422,140,70
19410423,160,50
19410424,181,63
19410425,73,61
19410426,135,59
19410427,145,79
19410428,134,82
19410429,166,80
19410430,194,68
19410501,154,91
19410502,199,85
19410503,107,40
19410504,76,28
19410505,106,40
19410506,155,29
19410507,169,57
19410508,176,69
19410509,135,62
19410510,158,92
19410511,185,67
19410512,134,80
19410513,169,95
19410514,212,62
19410515,241,95
19410516,205,72
19410517,105,76
19410518,195,91
19410519,223,137
19410520,189,118
19410521,165,111
19410522,203,108
19410523,243,99
19410524,246,113
19410525,228,150
19410526,204,135
19410527,224,140
19410528,254,126
19410529,230,141
19410530,246,125
19410531,224,122
19410601,242,132
19410602,269,133
19410603,285,141
19410604,242,155
19410605,270,129
19410606,268,176
19410607,245,148
19410608,236,149
19410609,249,138
19410610,199,142
19410611,201,129
19410612,248,156
19410613,243,147
19410614,157,119
19410615,201,123
19410616,221,108
19410617,213,130
19410618,222,132
19410619,268,141
19410620,281,158
19410621,266,179
19410622,276,166
19410623,283,165
19410624,292,172
19410625,303,181
19410626,306,175
19410627,310,205
19410628,281,193
19410629,193,142
19410630,219,132
19410701,243,147
19410702,261,145
19410703,223,133
19410704,253,149
19410705,270,174
19410706,242,171
19410707,256,155
19410708,236,160
19410709,244,160
19410710,258,164
19410711,265,163
19410712,287,178
19410713,309,204
19410714,331,207
19410715,304,206
19410716,308,184
19410717,234,175
19410718,279,196
19410719,220,177
19410720,276,144
19410721,217,161
19410722,255,142
19410723,280,144
19410724,287,182
19410725,303,201
19410726,296,200
19410727,272,204
19410728,248,190
19410729,256,173
19410730,252,161
19410731,216,159
19410801,240,156
19410802,236,169
19410803,293,166
19410804,275,182
19410805,280,178
19410806,230,93
19410807,217,79
19410808,210,130
19410809,206,118
19410810,234,121
19410811,271,137
19410812,288,159
19410813,200,160
19410814,246,133
19410815,265,148
19410816,289,162
19410817,285,166
19410818,280,165
19410819,302,177
19410820,275,203
19410821,212,148
19410822,239,143
19410823,248,157
19410824,264,161
19410825,262,180
19410826,280,165
19410827,235,151
19410828,230,137
19410829,247,138
19410830,198,114
19410831,189,114
19410901,201,138
19410902,204,145
19410903,205,111
19410904,231,141
19410905,228,120
19410906,256,126
19410907,252,142
19410908,192,114
19410909,161,101
19410910,181,79
19410911,207,100
19410912,192,124
19410913,153,100
19410914,173,81
19410915,180,90
19410916,168,97
19410917,156,113
19410918,174,74
19410919,143,101
19410920,172,100
19410921,183,78
19410922,195,74
19410923,227,85
19410924,211,114
19410925,208,102
19410926,218,118
19410927,209,117
19410928,170,130
19410929,181,121
19410930,171,131
19411001,203,136
19411002,180,132
19411003,201,152
19411004,224,130
19411005,233,149
19411006,244,150
19411007,173,118
19411008,168,85
19411009,182,53
19411010,202,101
19411011,198,139
19411012,179,61
19411013,111,57
19411014,130,63
19411015,114,49
19411016,148,56
19411017,150,38
19411018,167,85
19411019,181,112
19411020,189,112
19411021,198,82
19411022,158,56
19411023,56,16
19411024,46,23
19411025,63,38
19411026,88,27
19411027,72,9
19411028,65,2
19411029,71,-4
19411030,46,13
19411031,39,0
19411101,33,-16
19411102,56,30
19411103,56,32
19411104,70,44
19411105,70,30
19411106,49,14
19411107,116,3
19411108,83,43
19411109,76,35
19411110,90,42
19411111,126,73
19411112,88,66
19411113,66,20
19411114,20,-49
19411115,-16,-50
19411116,0,-25
19411117,20,-15
19411118,51,-2
19411119,41,-10
19411120,88,41
19411121,93,37
19411122,67,49
19411123,58,44
19411124,53,42
19411125,59,30
19411126,47,8
19411127,40,-5
19411128,-5,-46
19411129,-12,-26
19411130,-4,-36
19411201,18,-50
19411202,20,-49
19411203,-8,-73
19411204,38,-17
19411205,32,-28
19411206,58,-8
19411207,96,7
19411208,101,10
19411209,12,-18
19411210,86,-19
19411211,105,26
19411212,101,30
19411213,113,23
19411214,66,8
19411215,127,40
19411216,110,37
19411217,96,45
19411218,39,29
19411219,35,14
19411220,22,6
19411221,24,11
19411222,29,-24
19411223,-13,-46
19411224,71,-41
19411225,90,10
19411226,29,-55
19411227,20,-72
19411228,23,-60
19411229,-51,-92
19411230,-5,-90
19411231,8,-38
19420101,25,-65
19420102,65,-6
19420103,25,-17
19420104,44,-6
19420105,83,29
19420106,94,23
19420107,24,-36
19420108,-28,-49
19420109,-26,-50
19420110,-43,-62
19420111,-40,-68
19420112,-49,-77
19420113,-55,-92
19420114,-84,-138
19420115,-67,-101
19420116,-62,-87
19420117,-57,-90
19420118,-60,-127
19420119,-90,-148
19420120,-104,-134
19420121,-120,-161
19420122,-120,-164
19420123,-125,-200
19420124,-125,-222
19420125,-40,-130
19420126,-11,-70
19420127,-55,-147
19420128,-95,-156
19420129,-43,-153
19420130,-44,-89
19420131,-89,-159
19420201,-44,-113
19420202,-33,-45
19420203,-10,-49
19420204,-22,-58
19420205,-15,-53
19420206,-35,-50
19420207,-13,-50
19420208,-19,-51
19420209,-51,-66
19420210,3,-60
19420211,0,-80
19420212,-6,-76
19420213,-34,-152
19420214,-30,-117
19420215,-6,-77
19420216,-12,-33
19420217,1,-30
19420218,15,-14
19420219,17,-18
19420220,-27,-41
19420221,-16,-47
19420222,-3,-35
19420223,16,-23
19420224,45,4
19420225,71,12
19420226,58,18
19420227,38,14
19420228,65,10
19420301,30,8
19420302,40,11
19420303,43,10
19420304,51,17
19420305,108,22
19420306,80,2
19420307,3,-18
19420308,20,-7
19420309,58,3
19420310,72,-20
19420311,96,10
19420312,77,8
19420313,8,-33
19420314,-4,-41
19420315,40,-7
19420316,32,8
19420317,83,17
19420318,119,1
19420319,104,54
19420320,130,44
19420321,61,13
19420322,47,2
19420323,37,-3
19420324,99,-4
19420325,131,-4
19420326,182,24
19420327,179,54
19420328,182,66
19420329,98,32
19420330,46,-14
19420331,62,2
19420401,143,-2
19420402,142,40
19420403,147,6
19420404,91,41
19420405,121,40
19420406,144,64
19420407,184,55
19420408,208,121
19420409,131,80
19420410,194,61
19420411,178,72
19420412,140,83
19420413,122,66
19420414,111,54
19420415,81,25
19420416,129,45
19420417,107,74
19420418,92,75
19420419,144,68
19420420,192,86
19420421,196,87
19420422,177,90
19420423,119,101
19420424,151,107
19420425,185,108
19420426,122,97
19420427,143,107
19420428,113,70
19420429,75,20
19420430,74,27
19420501,84,35
19420502,114,54
19420503,98,48
19420504,165,55
19420505,155,68
19420506,203,68
19420507,246,87
19420508,250,111
19420509,247,110
19420510,237,112
19420511,216,120
19420512,238,123
19420513,233,139
19420514,208,129
19420515,192,128
19420516,208,110
19420517,205,110
19420518,248,127
19420519,278,135
19420520,255,165
19420521,290,155
19420522,197,135
19420523,221,115
19420524,250,118
19420525,205,128
19420526,251,116
19420527,235,150
19420528,280,174
19420529,301,183
19420530,225,173
19420531,232,161
19420601,184,124
19420602,200,124
19420603,221,160
19420604,250,167
19420605,280,148
19420606,283,191
19420607,290,190
19420608,320,185
19420609,304,178
19420610,293,183
19420611,284,180
19420612,309,194
19420613,276,179
19420614,233,146
19420615,248,142
19420616,186,114
19420617,221,111
19420618,169,134
19420619,222,125
19420620,254,180
19420621,242,189
19420622,218,138
19420623,234,116
19420624,259,127
19420625,279,154
19420626,200,148
19420627,167,118
19420628,226,102
19420629,208,132
19420630,240,144
19420701,274,137
19420702,265,175
19420703,258,182
19420704,261,189
19420705,273,180
19420706,300,170
19420707,318,192
19420708,305,181
19420709,292,168
19420710,310,202
19420711,304,158
19420712,238,140
19420713,190,149
19420714,226,129
19420715,245,127
19420716,195,140
19420717,255,130
19420718,272,151
19420719,191,135
19420720,229,150
19420721,226,149
19420722,254,148
19420723,268,153
19420724,264,183
19420725,285,185
19420726,303,189
19420727,302,192
19420728,276,180
19420729,245,150
19420730,273,144
19420731,235,161
19420801,249,135
19420802,270,155
19420803,318,188
19420804,278,172
19420805,220,159
19420806,210,160
19420807,185,142
19420808,228,141
19420809,228,120
19420810,245,145
19420811,265,164
19420812,280,159
19420813,237,177
19420814,208,160
19420815,248,135
19420816,247,146
19420817,248,153
19420818,232,173
19420819,279,183
19420820,281,174
19420821,289,174
19420822,291,180
19420823,296,175
19420824,298,176
19420825,299,181
19420826,298,183
19420827,291,176
19420828,296,167
19420829,298,160
19420830,309,163
19420831,310,176
19420901,316,189
19420902,269,197
19420903,306,184
19420904,316,185
19420905,309,194
19420906,297,192
19420907,249,179
19420908,236,167
19420909,235,171
19420910,237,181
19420911,259,161
19420912,274,156
19420913,283,150
19420914,265,172
19420915,275,189
19420916,243,154
19420917,200,137
19420918,225,108
19420919,250,146
19420920,260,156
19420921,261,150
19420922,267,148
19420923,185,131
19420924,249,109
19420925,264,151
19420926,285,164
19420927,293,170
19420928,227,149
19420929,237,140
19420930,257,134
19421001,260,149
19421002,258,143
19421003,254,145
19421004,240,138
19421005,244,130
19421006,250,125
19421007,248,129
19421008,248,125
19421009,184,80
19421010,148,41
19421011,178,63
19421012,174,99
19421013,174,76
19421014,167,96
19421015,152,78
19421016,170,60
19421017,123,66
19421018,175,95
19421019,144,60
19421020,100,58
19421021,145,47
19421022,110,37
19421023,99,28
19421024,169,58
19421025,170,72
19421026,179,65
19421027,182,90
19421028,197,98
19421029,194,110
19421030,200,99
19421031,189,94
19421101,171,103
19421102,171,92
19421103,190,81
19421104,151,104
19421105,181,107
19421106,221,139
19421107,141,91
19421108,139,71
19421109,111,84
19421110,90,47
19421111,50,24
19421112,53,22
19421113,43,27
19421114,40,20
19421115,33,22
19421116,29,18
19421117,40,7
19421118,53,7
19421119,50,7
19421120,56,37
19421121,70,37
19421122,52,-2
19421123,40,-8
19421124,26,-25
19421125,19,-9
19421126,35,-27
19421127,17,-43
19421128,16,-3
19421129,13,-25
19421130,51,-13
19421201,57,-2
19421202,48,-14
19421203,40,-9
19421204,24,5
19421205,22,-8
19421206,117,2
19421207,97,26
19421208,112,-2
19421209,88,10
19421210,82,4
19421211,66,14
19421212,9,-11
19421213,32,-12
19421214,37,4
19421215,148,18
19421216,119,67
19421217,112,71
19421218,156,75
19421219,142,83
19421220,108,87
19421221,109,64
19421222,98,10
19421223,35,6
19421224,44,24
19421225,39,22
19421226,30,2
19421227,5,-5
19421228,0,-14
19421229,0,-26
19421230,4,-20
19421231,8,-42
19430101,-7,-29
19430102,10,-28
19430103,28,-20
19430104,-12,-95
19430105,16,-72
19430106,-10,-64
19430107,-11,-38
19430108,0,-25
19430109,-2,-55
19430110,-4,-63
19430111,-36,-92
19430112,-55,-111
19430113,-37,-61
19430114,-35,-62
19430115,-12,-35
19430116,26,-22
19430117,47,-21
19430118,8,-32
19430119,-14,-92
19430120,-60,-91
19430121,-77,-102
19430122,90,-97
19430123,108,30
19430124,93,27
19430125,30,-26
19430126,-26,-67
19430127,-12,-73
19430128,35,-62
19430129,55,-4
19430130,48,-30
19430131,86,14
19430201,117,60
19430202,97,55
19430203,83,25
19430204,82,3
19430205,64,10
19430206,62,-17
19430207,82,2
19430208,61,5
19430209,27,-8
19430210,57,3
19430211,75,8
19430212,60,-15
19430213,45,11
19430214,69,-20
19430215,132,33
19430216,86,24
19430217,55,18
19430218,66,8
19430219,92,-14
19430220,122,-7
19430221,98,14
19430222,120,2
19430223,139,-3
19430224,143,4
19430225,138,25
19430226,148,15
19430227,115,39
19430228,110,8
19430301,178,40
19430302,147,77
19430303,163,47
19430304,86,9
19430305,108,-19
19430306,70,45
19430307,87,25
19430308,92,14
19430309,98,25
19430310,100,40
19430311,100,3
19430312,109,8
19430313,135,22
19430314,136,28
19430315,103,63
19430316,132,50
19430317,120,14
19430318,136,35
19430319,103,15
19430320,67,31
19430321,127,44
19430322,136,30
19430323,151,20
19430324,156,37
19430325,175,60
19430326,185,95
19430327,172,106
19430328,203,92
19430329,129,85
19430330,120,77
19430331,182,54
19430401,174,64
19430402,140,50
19430403,144,46
19430404,128,57
19430405,168,35
19430406,197,49
19430407,119,30
19430408,101,50
19430409,105,34
19430410,111,44
19430411,188,43
19430412,153,90
19430413,166,75
19430414,186,92
19430415,206,69
19430416,234,74
19430417,255,109
19430418,264,122
19430419,259,98
19430420,248,138
19430421,156,117
19430422,187,114
19430423,261,111
19430424,258,136
19430425,187,106
19430426,238,93
19430427,174,83
19430428,205,63
19430429,142,80
19430430,174,59
19430501,194,73
19430502,202,115
19430503,124,103
19430504,105,78
19430505,151,80
19430506,197,61
19430507,206,116
19430508,150,115
19430509,196,105
19430510,133,71
19430511,202,56
19430512,224,96
19430513,225,124
19430514,238,110
19430515,259,133
19430516,249,137
19430517,188,110
19430518,225,124
19430519,200,121
19430520,206,115
19430521,202,94
19430522,230,90
19430523,219,128
19430524,256,140
19430525,194,93
19430526,196,95
19430527,216,147
19430528,216,133
19430529,247,147
19430530,212,139
19430531,200,121
19430601,242,134
19430602,215,147
19430603,206,127
19430604,201,116
19430605,190,146
19430606,255,145
19430607,209,117
19430608,230,102
19430609,232,145
19430610,192,139
19430611,206,115
19430612,243,127
19430613,267,136
19430614,271,183
19430615,252,141
19430616,156,110
19430617,221,111
19430618,153,113
19430619,223,139
19430620,240,139
19430621,265,149
19430622,280,159
19430623,290,175
19430624,291,176
19430625,264,162
19430626,220,149
19430627,207,136
19430628,250,121
19430629,242,121
19430630,203,129
19430701,187,128
19430702,241,118
19430703,264,144
19430704,279,170
19430705,301,164
19430706,267,168
19430707,244,160
19430708,259,138
19430709,200,129
19430710,234,124
19430711,227,158
19430712,279,166
19430713,299,157
19430714,247,140
19430715,259,143
19430716,269,148
19430717,291,156
19430718,291,193
19430719,302,195
19430720,329,191
19430721,316,201
19430722,300,196
19430723,258,183
19430724,256,177
19430725,266,157
19430726,277,153
19430727,280,176
19430728,267,181
19430729,301,177
19430730,299,206
19430731,301,191
19430801,309,185
19430802,318,198
19430803,320,195
19430804,325,208
19430805,318,208
19430806,324,178
19430807,255,158
19430808,263,174
19430809,294,173
19430810,277,195
19430811,298,183
19430812,262,150
19430813,242,140
19430814,266,156
19430815,315,167
19430816,262,181
19430817,287,161
19430818,297,176
19430819,311,176
19430820,318,174
19430821,329,195
19430822,336,190
19430823,314,186
19430824,278,182
19430825,300,186
19430826,270,206
19430827,299,178
19430828,226,152
19430829,240,151
19430830,257,147
19430831,209,148
19430901,221,133
19430902,244,129
19430903,246,135
19430904,218,157
19430905,186,146
19430906,212,156
19430907,235,132
19430908,248,136
19430909,237,169
19430910,252,146
19430911,265,192
19430912,262,178
19430913,279,178
19430914,296,185
19430915,310,186
19430916,279,186
19430917,242,162
19430918,252,151
19430919,272,167
19430920,275,143
19430921,211,123
19430922,252,140
19430923,210,124
19430924,147,120
19430925,202,120
19430926,232,138
19430927,152,111
19430928,120,105
19430929,177,111
19430930,220,115
19431001,213,138
19431002,223,145
19431003,198,148
19431004,219,151
19431005,217,126
19431006,223,146
19431007,224,137
19431008,215,156
19431009,173,147
19431010,150,136
19431011,155,127
19431012,142,83
19431013,114,54
19431014,60,48
19431015,96,51
19431016,128,65
19431017,154,92
19431018,204,106
19431019,210,133
19431020,217,111
19431021,203,108
19431022,168,107
19431023,203,92
19431024,160,97
19431025,159,105
19431026,200,108
19431027,170,117
19431028,154,95
19431029,146,92
19431030,106,87
19431031,131,61
19431101,118,34
19431102,76,24
19431103,63,42
19431104,88,39
19431105,47,26
19431106,58,21
19431107,45,28
19431108,79,30
19431109,63,34
19431110,74,23
19431111,60,6
19431112,80,-5
19431113,105,-2
19431114,136,17
19431115,40,12
19431116,57,7
19431117,53,36
19431118,55,36
19431119,59,40
19431120,70,50
19431121,79,59
19431122,63,48
19431123,57,37
19431124,53,30
19431125,139,25
19431126,86,27
19431127,53,-4
19431128,-1,-29
19431129,121,-5
19431130,83,29
19431201,49,4
19431202,20,-26
19431203,57,-20
19431204,61,37
19431205,45,24
19431206,40,18
19431207,59,36
19431208,107,23
19431209,51,36
19431210,49,34
19431211,47,26
19431212,45,27
19431213,42,28
19431214,38,14
19431215,12,-4
19431216,1,-14
19431217,-1,-20
19431218,8,-10
19431219,12,-9
19431220,90,0
19431221,62,24
19431222,36,23
19431223,42,25
19431224,36,25
19431225,53,25
19431226,49,7
19431227,72,2
19431228,58,13
19431229,71,32
19431230,56,24
19431231,31,11
19440101,23,-13
19440102,30,-28
19440103,40,-25
19440104,60,-34
19440105,25,-12
19440106,8,-33
19440107,14,-62
19440108,34,-38
19440109,79,-24
19440110,107,39
19440111,80,25
19440112,33,7
19440113,22,5
19440114,33,-4
19440115,43,-5
19440116,52,18
19440117,54,26
19440118,43,-17
19440119,11,-30
19440120,33,7
19440121,50,-9
19440122,66,-4
19440123,99,-16
19440124,81,18
19440125,55,-11
19440126,79,31
19440127,62,9
19440128,100,17
19440129,128,29
19440130,127,22
19440131,121,23
19440201,120,18
19440202,146,16
19440203,126,82
19440204,102,29
19440205,80,15
19440206,37,2
19440207,58,-6
19440208,46,-16
19440209,19,-1
19440210,46,-25
19440211,8,-18
19440212,16,-8
19440213,-4,-23
19440214,21,-14
19440215,28,-2
19440216,18,-5
19440217,-4,-42
19440218,-16,-55
19440219,-23,-65
19440220,-7,-44
19440221,-5,-39
19440222,-6,-50
19440223,4,-72
19440224,-6,-94
19440225,-50,-109
19440226,-27,-102
19440227,16,-55
19440228,61,-45
19440229,90,17
19440301,99,-3
19440302,66,14
19440303,47,-10
19440304,9,-10
19440305,12,-13
19440306,28,-8
19440307,25,2
19440308,32,9
19440309,30,10
19440310,68,9
19440311,68,7
19440312,71,14
19440313,69,-8
19440314,76,12
19440315,93,-10
19440316,101,-10
19440317,92,4
19440318,85,25
19440319,139,5
19440320,119,36
19440321,105,16
19440322,63,4
19440323,75,-16
19440324,101,4
19440325,54,-3
19440326,72,12
19440327,81,3
19440328,55,-16
19440329,118,-25
19440330,118,56
19440331,109,27
19440401,89,11
19440402,96,8
19440403,138,15
19440404,174,44
19440405,174,73
19440406,203,67
19440407,152,82
19440408,183,74
19440409,149,83
19440410,146,99
19440411,180,95
19440412,185,71
19440413,217,79
19440414,224,99
19440415,214,96
19440416,205,126
19440417,249,139
19440418,243,128
19440419,201,115
19440420,221,120
19440421,189,106
19440422,185,86
19440423,195,105
19440424,226,91
19440425,231,78
19440426,129,80
19440427,156,84
19440428,165,90
19440429,112,55
19440430,117,35
19440501,102,64
19440502,176,61
19440503,239,133
19440504,148,94
19440505,193,76
19440506,206,125
19440507,165,9999
19440508,9999,44
19440509,113,36
19440510,147,50
19440511,171,95
19440512,156,110
19440513,188,113
19440514,228,113
19440515,204,133
19440516,183,123
19440517,198,134
19440518,235,130
19440519,234,111
19440520,231,122
19440521,200,141
19440522,201,89
19440523,145,81
19440524,166,95
19440525,200,82
19440526,224,103
19440527,187,133
19440528,210,131
19440529,243,117
19440530,267,125
19440531,304,135
19440601,298,170
19440602,291,141
19440603,203,154
19440604,222,158
19440605,252,132
19440606,252,148
19440607,187,144
19440608,150,94
19440609,228,69
19440610,275,114
19440611,207,138
19440612,228,136
19440613,263,138
19440614,283,160
19440615,224,151
19440616,231,113
19440617,215,126
19440618,189,137
19440619,211,146
19440620,240,133
19440621,203,151
19440622,253,159
19440623,236,153
19440624,164,124
19440625,213,105
19440626,235,107
19440627,267,148
19440628,261,167
19440629,256,162
19440630,291,170
19440701,256,184
19440702,264,176
19440703,289,182
19440704,265,171
19440705,229,153
19440706,264,158
19440707,280,150
19440708,292,172
19440709,300,172
19440710,235,161
19440711,224,151
19440712,218,142
19440713,224,144
19440714,252,137
19440715,251,158
19440716,273,164
19440717,252,150
19440718,244,132
19440719,270,142
19440720,277,162
19440721,283,166
19440722,301,184
19440723,263,175
19440724,251,177
19440725,262,152
19440726,286,162
19440727,303,180
19440728,270,193
19440729,283,182
19440730,287,171
19440731,201,167
19440801,243,155
19440802,256,154
19440803,270,173
19440804,263,159
19440805,242,171
19440806,245,174
19440807,257,155
19440808,278,159
19440809,287,161
19440810,281,163
19440811,301,172
19440812,314,200
19440813,323,200
19440814,310,213
19440815,230,176
19440816,273,194
19440817,304,185
19440818,285,192
19440819,286,202
19440820,296,184
19440821,304,188
19440822,313,185
19440823,313,207
19440824,296,213
19440825,301,195
19440826,295,204
19440827,277,173
19440828,289,150
19440829,311,152
19440830,311,192
19440831,334,206
19440901,330,206
19440902,314,193
19440903,284,118
19440904,203,113
19440905,243,107
19440906,267,134
19440907,274,183
19440908,286,176
19440909,219,164
19440910,237,144
19440911,184,139
19440912,196,126
19440913,211,98
19440914,187,98
19440915,203,139
19440916,221,124
19440917,221,110
19440918,211,96
19440919,204,82
19440920,216,85
19440921,179,124
19440922,160,130
19440923,225,112
19440924,206,150
19440925,193,87
19440926,170,69
19440927,189,89
19440928,157,103
19440929,130,99
19440930,145,104
19441001,140,108
19441002,108,90
19441003,102,74
19441004,145,36
19441005,153,55
19441006,148,109
19441007,190,125
19441008,205,114
19441009,182,139
19441010,205,118
19441011,175,101
19441012,176,105
19441013,179,75
19441014,177,95
19441015,167,106
19441016,178,97
19441017,197,115
19441018,163,112
19441019,146,84
19441020,160,62
19441021,150,58
19441022,126,71
19441023,118,100
19441024,146,91
19441025,110,64
19441026,128,78
19441027,85,78
19441028,104,78
19441029,94,73
19441030,123,90
19441031,152,73
19441101,146,63
19441102,138,96
19441103,145,73
19441104,109,55
19441105,110,26
19441106,118,34
19441107,88,30
19441108,88,69
19441109,80,6
19441110,47,6
19441111,57,3
19441112,68,4
19441113,41,11
19441114,34,11
19441115,70,5
19441116,69,15
19441117,87,4
19441118,87,4
19441119,120,21
19441120,145,36
19441121,123,66
19441122,92,34
19441123,73,31
19441124,127,41
19441125,119,51
19441126,103,62
19441127,62,13
19441128,44,24
19441129,48,36
19441130,57,38
19441201,63,44
19441202,68,24
19441203,55,17
19441204,103,2
19441205,71,16
19441206,22,-10
19441207,38,13
19441208,145,33
19441209,136,52
19441210,52,10
19441211,62,-9
19441212,85,61
19441213,72,38
19441214,44,26
19441215,28,4
19441216,30,5
19441217,41,0
19441218,94,29
19441219,68,19
19441220,12,-7
19441221,6,-9
19441222,-6,-26
19441223,-21,-37
19441224,5,-36
19441225,-15,-65
19441226,-46,-92
19441227,-46,-67
19441228,-56,-70
19441229,-12,-68
19441230,-17,-58
19441231,-23,-67
19450101,1,-66
19450102,-4,-39
19450103,-13,-67
19450104,-40,-101
19450105,-27,-96
19450106,-5,-40
19450107,-1,-18
19450108,1,-29
19450109,-12,-34
19450110,-21,-37
19450111,-8,-34
19450112,0,-59
19450113,1,-15
19450114,5,-7
19450115,9,-78
19450116,-29,-87
19450117,-48,-62
19450118,-21,-76
19450119,4,-98
19450120,26,-29
19450121,9,-80
19450122,-26,-100
19450123,-24,-120
19450124,7,-57
19450125,-1,-21
19450126,56,-22
19450127,40,-41
19450128,-16,-61
19450129,-58,-128
19450130,-50,-153
19450131,-8,-88
19450201,55,-36
19450202,67,11
19450203,80,-3
19450204,62,19
19450205,61,9
19450206,47,-7
19450207,61,-1
19450208,53,-2
19450209,45,-18
19450210,72,13
19450211,71,9
19450212,109,1
19450213,120,29
19450214,133,41
19450215,110,12
19450216,83,40
19450217,52,10
19450218,41,0
19450219,20,-30
19450220,20,-48
19450221,22,-56
19450222,22,-9
19450223,84,4
19450224,101,4
19450225,67,2
19450226,132,4
19450227,174,25
19450228,161,37
19450301,170,32
19450302,105,19
19450303,69,-4
19450304,60,-1
19450305,90,3
19450306,69,-4
19450307,39,-15
19450308,41,-32
19450309,45,-2
19450310,86,-12
19450311,93,34
19450312,113,29
19450313,122,43
19450314,124,21
19450315,143,60
19450316,179,47
19450317,151,74
19450318,131,59
19450319,150,39
19450320,175,40
19450321,199,76
19450322,167,99
19450323,177,55
19450324,189,57
19450325,210,63
19450326,205,70
19450327,161,103
19450328,153,82
19450329,173,81
19450330,203,72
19450331,142,92
19450401,175,58
19450402,215,70
19450403,220,106
19450404,139,75
19450405,188,51
19450406,120,72
19450407,140,52
19450408,134,65
19450409,163,35
19450410,191,80
19450411,231,70
19450412,222,120
19450413,222,122
19450414,225,115
19450415,141,89
19450416,159,76
19450417,198,36
19450418,230,125
19450419,228,122
19450420,193,93
19450421,222,80
19450422,140,35
19450423,152,32
19450424,151,33
19450425,160,45
19450426,219,53
19450427,190,108
19450428,202,111
19450429,113,85
19450430,150,80
19450501,119,70
19450502,151,91
19450503,130,57
19450504,173,33
19450505,197,93
19450506,247,107
19450507,269,133
19450508,223,152
19450509,244,133
19450510,257,153
19450511,279,161
19450512,297,146
19450513,307,168
19450514,316,176
19450515,294,199
19450516,290,172
19450517,299,185
19450518,297,198
19450519,305,160
19450520,287,176
19450521,204,129
19450522,275,133
19450523,227,128
19450524,234,132
19450525,210,126
19450526,233,130
19450527,236,123
19450528,262,129
19450529,275,139
19450530,286,153
19450531,207,142
19450601,222,120
19450602,246,128
19450603,263,136
19450604,282,144
19450605,296,154
19450606,302,183
19450607,327,180
19450608,337,193
19450609,305,207
19450610,247,184
19450611,256,166
19450612,276,144
19450613,233,119
19450614,222,117
19450615,253,107
19450616,286,155
19450617,262,184
19450618,266,171
19450619,303,149
19450620,316,165
19450621,340,210
19450622,335,197
19450623,296,184
19450624,302,183
19450625,303,186
19450626,259,175
19450627,296,157
19450628,176,143
19450629,176,145
19450630,256,136
19450701,244,173
19450702,192,109
19450703,225,103
19450704,204,119
19450705,235,114
19450706,257,134
19450707,293,164
19450708,261,168
19450709,265,162
19450710,285,186
19450711,276,168
19450712,237,175
19450713,286,167
19450714,298,192
19450715,302,199
19450716,314,202
19450717,283,209
19450718,294,191
19450719,307,196
19450720,323,218
19450721,311,250
19450722,343,211
19450723,294,226
19450724,294,206
19450725,307,186
19450726,335,228
19450727,354,205
19450728,359,208
19450729,290,187
19450730,280,184
19450731,234,157
19450801,218,150
19450802,226,138
19450803,240,130
19450804,218,145
19450805,263,127
19450806,294,143
19450807,303,204
19450808,303,185
19450809,268,186
19450810,265,168
19450811,272,166
19450812,250,185
19450813,300,164
19450814,275,185
19450815,277,163
19450816,293,182
19450817,241,172
19450818,296,155
19450819,303,183
19450820,271,165
19450821,259,164
19450822,283,172
19450823,206,147
19450824,237,135
19450825,251,146
19450826,277,149
19450827,259,183
19450828,267,163
19450829,277,166
19450830,299,164
19450831,327,187
19450901,262,174
19450902,260,166
19450903,271,161
19450904,273,159
19450905,269,157
19450906,246,161
19450907,225,151
19450908,227,114
19450909,213,121
19450910,178,155
19450911,176,137
19450912,154,124
19450913,207,126
19450914,216,121
19450915,248,105
19450916,264,134
19450917,272,157
19450918,287,162
19450919,285,165
19450920,233,148
19450921,229,133
19450922,247,140
19450923,266,146
19450924,234,104
19450925,151,102
19450926,171,115
19450927,182,112
19450928,202,105
19450929,148,93
19450930,155,67
19451001,174,101
19451002,136,83
19451003,106,53
19451004,105,49
19451005,80,64
19451006,133,56
19451007,137,82
19451008,133,38
19451009,158,27
19451010,180,53
19451011,206,79
19451012,173,85
19451013,160,94
19451014,175,75
19451015,161,95
19451016,181,86
19451017,181,68
19451018,162,69
19451019,166,54
19451020,161,83
19451021,164,50
19451022,134,43
19451023,199,63
19451024,183,117
19451025,166,90
19451026,168,78
19451027,160,101
19451028,135,104
19451029,215,97
19451030,199,99
19451031,183,98
19451101,149,95
19451102,154,107
19451103,166,78
19451104,121,88
19451105,125,90
19451106,90,65
19451107,100,75
19451108,114,58
19451109,79,44
19451110,61,31
19451111,50,30
19451112,58,31
19451113,44,23
19451114,65,33
19451115,58,32
19451116,63,48
19451117,67,46
19451118,80,35
19451119,34,10
19451120,31,14
19451121,17,2
19451122,28,2
19451123,29,12
19451124,30,9
19451125,32,6
19451126,51,11
19451127,47,-9
19451128,32,-40
19451129,64,-12
19451130,73,-5
19451201,49,-10
19451202,4,-14
19451203,26,-5
19451204,26,3
19451205,25,11
19451206,21,8
19451207,30,-20
19451208,-19,-58
19451209,-19,-47
19451210,-22,-40
19451211,-10,-52
19451212,-2,-74
19451213,40,-49
19451214,83,-8
19451215,7,-36
19451216,44,-21
19451217,90,16
19451218,110,52
19451219,119,55
19451220,117,57
19451221,100,48
19451222,122,59
19451223,112,51
19451224,71,21
19451225,59,29
19451226,83,54
19451227,77,51
19451228,95,30
19451229,93,29
19451230,40,12
19451231,38,-3
19460101,25,-15
19460102,12,-35
19460103,-8,-21
19460104,-6,-29
19460105,5,-47
19460106,-18,-69
19460107,-18,-65
19460108,-42,-82
19460109,-43,-61
19460110,88,-68
19460111,121,65
19460112,135,59
19460113,93,9999
19460114,9999,-32
19460115,-30,-49
19460116,-47,-64
19460117,-35,-51
19460118,-35,-55
19460119,-39,-61
19460120,-2,-41
19460121,-7,-32
19460122,-27,-60
19460123,-52,-75
19460124,-34,-70
19460125,-30,-56
19460126,-30,-41
19460127,-34,-57
19460128,-39,-64
19460129,-36,-58
19460130,62,-71
19460131,71,17
19460201,56,-18
19460202,83,-20
19460203,105,40
19460204,114,34
19460205,125,44
19460206,126,23
19460207,106,35
19460208,125,45
19460209,132,47
19460210,74,15
19460211,71,-11
19460212,67,11
19460213,46,-6
19460214,15,-23
19460215,9,-28
19460216,82,5
19460217,97,15
19460218,109,20
19460219,65,15
19460220,126,4
19460221,58,4
19460222,45,-13
19460223,70,-35
19460224,65,11
19460225,29,-6
19460226,34,11
19460227,117,16
19460228,161,64
19460301,106,41
19460302,131,65
19460303,71,32
19460304,42,23
19460305,93,17
19460306,123,21
19460307,121,70
19460308,104,45
19460309,83,46
19460310,91,62
19460311,137,70
19460312,150,51
19460313,104,45
19460314,149,80
19460315,146,82
19460316,106,37
19460317,37,4
19460318,45,-16
19460319,75,-11
19460320,114,-9
19460321,175,8
19460322,186,52
19460323,170,88
19460324,178,72
19460325,202,90
19460326,175,89
19460327,133,65
19460328,146,36
19460329,183,43
19460330,172,64
19460331,201,68
19460401,228,69
19460402,210,115
19460403,230,88
19460404,245,87
19460405,233,90
19460406,213,116
19460407,136,72
19460408,170,37
19460409,230,72
19460410,174,59
19460411,91,24
19460412,142,19
19460413,194,52
19460414,228,115
19460415,230,90
19460416,254,112
19460417,233,143
19460418,220,118
19460419,233,92
19460420,140,93
19460421,162,62
19460422,199,62
19460423,185,101
19460424,177,86
19460425,204,53
19460426,220,74
19460427,214,130
19460428,223,106
19460429,221,109
19460430,263,106
19460501,260,119
19460502,256,124
19460503,266,138
19460504,269,142
19460505,225,134
19460506,251,124
19460507,264,137
19460508,238,129
19460509,211,135
19460510,200,113
19460511,254,104
19460512,264,145
19460513,281,166
19460514,224,139
19460515,207,127
19460516,224,127
19460517,215,107
19460518,243,109
19460519,255,105
19460520,273,134
19460521,283,160
19460522,261,151
19460523,225,142
19460524,225,140
19460525,231,161
19460526,234,135
19460527,215,113
19460528,222,154
19460529,262,152
19460530,266,157
19460531,269,166
19460601,267,140
19460602,282,175
19460603,223,144
19460604,233,128
19460605,238,134
19460606,261,131
19460607,277,144
19460608,294,171
19460609,314,173
19460610,325,177
19460611,305,213
19460612,276,187
19460613,277,129
19460614,232,124
19460615,229,131
19460616,230,137
19460617,220,145
19460618,252,147
19460619,293,155
19460620,266,176
19460621,263,167
19460622,266,180
19460623,226,148
19460624,219,139
19460625,253,137
19460626,263,139
19460627,284,174
19460628,298,176
19460629,308,188
19460630,336,199
19460701,342,212
19460702,332,214
19460703,304,197
19460704,325,205
19460705,345,211
19460706,343,214
19460707,284,190
19460708,235,148
19460709,202,171
19460710,265,175
19460711,281,175
19460712,256,153
19460713,284,153
19460714,276,167
19460715,263,155
19460716,243,165
19460717,313,156
19460718,332,186
19460719,345,209
19460720,309,190
19460721,297,161
19460722,265,172
19460723,266,174
19460724,285,183
19460725,297,176
19460726,308,185
19460727,329,189
19460728,348,210
19460729,287,213
19460730,257,193
19460731,304,171
19460801,309,181
19460802,256,174
19460803,302,167
19460804,338,194
19460805,366,211
19460806,339,210
19460807,305,194
19460808,314,208
19460809,327,206
19460810,354,217
19460811,366,203
19460812,334,209
19460813,355,210
19460814,280,174
19460815,314,188
19460816,277,165
19460817,344,179
19460818,360,197
19460819,346,210
19460820,311,216
19460821,303,167
19460822,222,153
19460823,180,133
19460824,244,167
19460825,266,145
19460826,245,165
19460827,180,136
19460828,247,116
19460829,288,132
19460830,318,171
19460831,226,174
19460901,240,156
19460902,230,159
19460903,220,165
19460904,279,160
19460905,308,186
19460906,339,199
19460907,342,206
19460908,292,184
19460909,240,179
19460910,242,155
19460911,235,137
19460912,248,127
19460913,249,166
19460914,269,141
19460915,218,144
19460916,245,136
19460917,267,145
19460918,276,155
19460919,256,158
19460920,225,163
19460921,244,127
19460922,193,106
19460923,216,94
19460924,247,105
19460925,260,127
19460926,269,136
19460927,259,142
19460928,249,138
19460929,233,127
19460930,241,117
19461001,212,120
19461002,233,123
19461003,175,107
19461004,156,96
19461005,125,81
19461006,196,84
19461007,151,89
19461008,178,58
19461009,137,68
19461010,96,67
19461011,150,73
19461012,158,33
19461013,139,50
19461014,151,93
19461015,163,59
19461016,148,62
19461017,127,42
19461018,134,37
19461019,139,31
19461020,154,35
19461021,195,99
19461022,150,97
19461023,173,9999
19461024,9999,-1
19461025,53,-15
19461026,52,-30
19461027,13,-5
19461028,36,-4
19461029,60,25
19461030,63,38
19461031,60,40
19461101,64,43
19461102,93,57
19461103,124,69
19461104,116,62
19461105,76,55
19461106,78,45
19461107,54,24
19461108,44,24
19461109,88,36
19461110,92,11
19461111,24,4
19461112,48,-2
19461113,37,-26
19461114,57,7
19461115,71,12
19461116,116,42
19461117,96,53
19461118,93,63
19461119,123,41
19461120,148,59
19461121,148,100
19461122,145,91
19461123,121,63
19461124,63,22
19461125,59,18
19461126,79,33
19461127,64,33
19461128,94,39
19461129,51,14
19461130,87,43
19461201,73,13
19461202,89,44
19461203,72,27
19461204,51,14
19461205,56,9
19461206,62,24
19461207,39,19
19461208,32,18
19461209,33,19
19461210,51,18
19461211,54,38
19461212,54,32
19461213,37,-13
19461214,10,-25
19461215,-13,-38
19461216,-19,-48
19461217,10,-35
19461218,-26,-74
19461219,-53,-98
19461220,-56,-93
19461221,-40,-74
19461222,-12,-47
19461223,-16,-45
19461224,1,-28
19461225,24,-22
19461226,-19,-57
19461227,-17,-55
19461228,-1,-19
19461229,8,-17
19461230,-16,-26
19461231,-10,-22
19470101,-7,-20
19470102,-5,-20
19470103,-8,-33
19470104,-33,-107
19470105,-106,-150
19470106,-98,-151
19470107,-99,-172
19470108,-106,-157
19470109,-63,-137
19470110,-58,-90
19470111,-18,-69
19470112,56,-46
19470113,14,-39
19470114,43,-8
19470115,38,-30
19470116,49,-17
19470117,14,-28
19470118,0,-34
19470119,-5,-55
19470120,28,-31
19470121,5,-44
19470122,13,-51
19470123,-3,-61
19470124,-37,-90
19470125,-48,-90
19470126,-76,-102
19470127,-54,-88
19470128,-43,-84
19470129,-41,-92
19470130,-36,-85
19470131,-85,-132
19470201,-85,-119
19470202,-67,-137
19470203,-54,-149
19470204,53,-77
19470205,42,6
19470206,12,-34
19470207,-39,-71
19470208,-25,-68
19470209,39,-36
19470210,65,-4
19470211,75,12
19470212,18,4
19470213,9,-14
19470214,-14,-30
19470215,-24,-42
19470216,-15,-49
19470217,-6,-46
19470218,-17,-44
19470219,-22,-47
19470220,-3,-36
19470221,24,-69
19470222,104,13
19470223,133,7
19470224,35,-4
19470225,25,-7
19470226,4,-37
19470227,-10,-60
19470228,21,-27
19470301,35,5
19470302,52,2
19470303,20,-6
19470304,25,-6
19470305,127,11
19470306,117,65
19470307,104,47
19470308,71,-8
19470309,43,-9
19470310,76,-26
19470311,114,42
19470312,123,13
19470313,85,11
19470314,171,85
19470315,147,17
19470316,53,4
19470317,145,18
19470318,165,95
19470319,178,102
19470320,111,80
19470321,169,51
19470322,177,100
19470323,191,87
19470324,197,115
19470325,203,78
19470326,79,57
19470327,142,53
19470328,183,75
19470329,222,106
19470330,159,97
19470331,196,94
19470401,144,89
19470402,163,72
19470403,167,78
19470404,167,79
19470405,141,76
19470406,176,57
19470407,226,104
19470408,219,115
19470409,154,77
19470410,102,67
19470411,98,59
19470412,123,46
19470413,142,34
19470414,185,34
19470415,244,67
19470416,254,120
19470417,271,114
19470418,247,139
19470419,234,117
19470420,212,142
19470421,237,122
19470422,209,130
19470423,240,100
19470424,250,113
19470425,213,145
19470426,258,138
19470427,240,157
19470428,287,137
19470429,207,88
19470430,219,68
19470501,231,128
19470502,258,102
19470503,237,148
19470504,186,126
19470505,126,90
19470506,102,80
19470507,141,81
19470508,197,119
19470509,230,104
19470510,240,107
19470511,256,126
19470512,260,128
19470513,278,130
19470514,274,150
19470515,209,151
19470516,199,140
19470517,174,136
19470518,210,136
19470519,240,135
19470520,224,140
19470521,202,137
19470522,176,141
19470523,210,138
19470524,194,138
19470525,251,148
19470526,251,153
19470527,266,141
19470528,261,153
19470529,238,170
19470530,256,167
19470531,281,173
19470601,288,169
19470602,306,165
19470603,323,181
19470604,330,212
19470605,298,200
19470606,275,169
19470607,200,104
19470608,260,126
19470609,219,132
19470610,218,122
19470611,198,120
19470612,260,140
19470613,281,155
19470614,234,162
19470615,266,147
19470616,242,150
19470617,229,133
19470618,238,127
19470619,264,148
19470620,291,182
19470621,292,193
19470622,290,180
19470623,213,161
19470624,251,171
19470625,290,172
19470626,303,189
19470627,296,215
19470628,258,172
19470629,292,169
19470630,290,182
19470701,300,194
19470702,300,186
19470703,279,180
19470704,296,205
19470705,308,184
19470706,264,202
19470707,312,191
19470708,327,203
19470709,278,189
19470710,251,168
19470711,269,179
19470712,295,155
19470713,243,145
19470714,259,147
19470715,247,176
19470716,272,146
19470717,281,158
19470718,216,170
19470719,257,165
19470720,251,164
19470721,232,164
19470722,271,149
19470723,281,178
19470724,285,196
19470725,292,202
19470726,314,201
19470727,328,200
19470728,247,186
19470729,302,177
19470730,342,191
19470731,304,208
19470801,325,183
19470802,302,212
19470803,321,216
19470804,336,223
19470805,360,224
19470806,300,201
19470807,287,190
19470808,245,183
19470809,271,162
19470810,292,163
19470811,235,186
19470812,269,170
19470813,265,162
19470814,292,191
19470815,303,200
19470816,307,194
19470817,287,192
19470818,282,191
19470819,302,165
19470820,302,170
19470821,294,167
19470822,213,153
19470823,230,160
19470824,257,143
19470825,254,154
19470826,245,152
19470827,233,145
19470828,240,148
19470829,207,141
19470830,176,107
19470831,214,106
19470901,233,94
19470902,214,122
19470903,234,145
19470904,217,151
19470905,235,126
19470906,239,110
19470907,251,135
19470908,253,130
19470909,267,124
19470910,279,152
19470911,284,166
19470912,294,169
19470913,296,171
19470914,303,161
19470915,303,161
19470916,295,169
19470917,302,153
19470918,303,174
19470919,313,180
19470920,291,177
19470921,272,156
19470922,200,167
19470923,224,156
19470924,232,149
19470925,269,158
19470926,269,139
19470927,277,173
19470928,266,148
19470929,269,146
19470930,262,120
19471001,173,89
19471002,191,56
19471003,160,102
19471004,165,53
19471005,194,44
19471006,222,73
19471007,240,72
19471008,229,93
19471009,232,112
19471010,235,126
19471011,228,138
19471012,217,120
19471013,190,107
19471014,165,112
19471015,172,73
19471016,170,65
19471017,189,98
19471018,161,53
19471019,116,22
19471020,119,20
19471021,115,-7
19471022,137,3
19471023,141,9
19471024,135,23
19471025,100,29
19471026,41,0
19471027,24,10
19471028,32,6
19471029,52,21
19471030,77,47
19471031,73,59
19471101,109,63
19471102,116,93
19471103,104,89
19471104,103,61
19471105,125,44
19471106,131,52
19471107,125,39
19471108,86,37
19471109,139,25
19471110,151,57
19471111,152,102
19471112,156,102
19471113,200,131
19471114,160,62
19471115,158,61
19471116,142,32
19471117,33,-4
19471118,7,-27
19471119,50,-2
19471120,83,25
19471121,88,37
19471122,91,18
19471123,145,60
19471124,149,62
19471125,64,10
19471126,75,0
19471127,62,-5
19471128,76,22
19471129,170,38
19471130,124,58
19471201,103,35
19471202,116,91
19471203,111,75
19471204,99,68
19471205,76,21
19471206,51,2
19471207,52,37
19471208,62,14
19471209,24,4
19471210,41,2
19471211,44,13
19471212,36,0
19471213,31,6
19471214,46,10
19471215,37,5
19471216,25,1
19471217,9,-26
19471218,2,-29
19471219,-1,-41
19471220,-8,-49
19471221,-1,-67
19471222,83,-52
19471223,79,11
19471224,57,28
19471225,103,8
19471226,103,17
19471227,53,-8
19471228,122,49
19471229,139,114
19471230,133,7
19471231,30,-11
19480101,2,-35
19480102,-5,-46
19480103,99,-30
19480104,98,16
19480105,121,71
19480106,98,41
19480107,133,28
19480108,134,25
19480109,76,11
19480110,92,-2
19480111,118,58
19480112,124,75
19480113,129,70
19480114,130,90
19480115,114,64
19480116,79,49
19480117,57,12
19480118,61,20
19480119,58,15
19480120,37,0
19480121,46,4
19480122,27,-28
19480123,10,-25
19480124,113,6
19480125,99,50
19480126,94,49
19480127,97,39
19480128,101,65
19480129,107,59
19480130,108,60
19480131,129,30
19480201,120,60
19480202,112,41
19480203,112,33
19480204,133,63
19480205,98,36
19480206,98,13
19480207,103,36
19480208,106,35
19480209,127,88
19480210,122,50
19480211,58,39
19480212,83,35
19480213,104,43
19480214,97,23
19480215,61,11
19480216,46,-25
19480217,-2,-38
19480218,-9,-44
19480219,-23,-65
19480220,-16,-60
19480221,-26,-52
19480222,9,-29
19480223,27,-16
19480224,25,-30
19480225,3,-61
19480226,7,-74
19480227,14,-68
19480228,42,-63
19480229,49,-53
19480301,59,-31
19480302,61,-17
19480303,80,-22
19480304,106,-2
19480305,113,4
19480306,130,14
19480307,147,26
19480308,170,40
19480309,131,47
19480310,139,91
19480311,147,55
19480312,100,60
19480313,119,22
19480314,116,27
19480315,146,11
19480316,178,98
19480317,120,27
19480318,149,17
19480319,132,43
19480320,133,29
19480321,201,49
19480322,215,81
19480323,158,84
19480324,129,52
19480325,150,39
19480326,113,38
19480327,54,24
19480328,102,-11
19480329,141,2
19480330,173,22
19480331,176,60
19480401,167,82
19480402,159,57
19480403,172,31
19480404,126,86
19480405,157,84
19480406,179,62
19480407,103,51
19480408,150,62
19480409,106,56
19480410,117,68
19480411,144,81
19480412,186,86
19480413,171,92
19480414,176,82
19480415,199,76
19480416,203,107
19480417,238,129
19480418,236,122
19480419,235,140
19480420,240,121
19480421,217,112
19480422,241,115
19480423,244,126
19480424,201,126
19480425,184,117
19480426,122,72
19480427,175,59
19480428,229,57
19480429,201,106
19480430,192,100
19480501,148,97
19480502,201,61
19480503,222,95
19480504,252,120
19480505,248,139
19480506,200,128
19480507,220,131
19480508,253,149
19480509,240,147
19480510,247,138
19480511,245,159
19480512,261,170
19480513,275,166
19480514,249,168
19480515,243,164
19480516,246,168
19480517,256,157
19480518,203,124
19480519,174,96
19480520,223,91
19480521,206,100
19480522,220,107
19480523,241,131
19480524,243,136
19480525,210,134
19480526,250,126
19480527,227,160
19480528,256,152
19480529,245,164
19480530,199,102
19480531,212,77
19480601,243,112
19480602,213,139
19480603,229,120
19480604,168,95
19480605,211,85
19480606,244,154
19480607,192,150
19480608,252,149
19480609,255,146
19480610,256,169
19480611,266,166
19480612,262,165
19480613,283,200
19480614,251,171
19480615,264,142
19480616,284,146
19480617,284,180
19480618,301,195
19480619,303,180
19480620,235,145
19480621,220,128
19480622,247,120
19480623,189,123
19480624,220,123
19480625,214,125
19480626,203,107
19480627,246,107
19480628,245,119
19480629,161,104
19480630,215,114
19480701,166,103
19480702,239,92
19480703,221,139
19480704,219,129
19480705,241,118
19480706,155,121
19480707,239,115
19480708,235,136
19480709,159,103
19480710,138,91
19480711,227,73
19480712,238,131
19480713,268,124
19480714,281,161
19480715,290,163
19480716,179,140
19480717,222,134
19480718,236,118
19480719,260,146
19480720,284,168
19480721,305,177
19480722,309,181
19480723,286,202
19480724,292,201
19480725,274,185
19480726,291,176
19480727,291,184
19480728,262,198
19480729,264,166
19480730,281,171
19480731,293,183
19480801,301,200
19480802,306,195
19480803,309,185
19480804,293,202
19480805,222,185
19480806,267,172
19480807,305,173
19480808,309,203
19480809,313,198
19480810,313,204
19480811,274,188
19480812,263,166
19480813,235,134
19480814,213,116
19480815,254,146
19480816,257,145
19480817,267,147
19480818,268,163
19480819,231,173
19480820,227,162
19480821,185,126
19480822,216,100
19480823,262,147
19480824,282,156
19480825,283,185
19480826,310,175
19480827,243,160
19480828,236,161
19480829,228,135
19480830,191,102
19480831,219,110
19480901,234,127
19480902,241,135
19480903,265,160
19480904,282,162
19480905,219,170
19480906,225,162
19480907,205,150
19480908,193,148
19480909,243,146
19480910,261,164
19480911,257,146
19480912,272,145
19480913,217,158
19480914,250,143
19480915,227,152
19480916,202,151
19480917,208,141
19480918,232,125
19480919,220,135
19480920,241,105
19480921,175,97
19480922,168,62
19480923,181,71
19480924,154,91
19480925,201,110
19480926,210,105
19480927,221,112
19480928,230,113
19480929,229,120
19480930,187,131
19481001,186,108
19481002,177,94
19481003,231,94
19481004,230,88
19481005,168,90
19481006,114,87
19481007,103,86
19481008,138,89
19481009,127,100
19481010,153,84
19481011,128,59
19481012,118,33
19481013,158,23
19481014,171,54
19481015,207,104
19481016,184,112
19481017,193,128
19481018,197,129
19481019,205,118
19481020,135,89
19481021,134,70
19481022,136,41
19481023,155,45
19481024,170,74
19481025,203,61
19481026,187,130
19481027,216,132
19481028,196,119
19481029,177,102
19481030,129,107
19481031,128,109
19481101,116,93
19481102,105,88
19481103,126,96
19481104,129,96
19481105,168,89
19481106,145,105
19481107,146,102
19481108,126,90
19481109,90,37
19481110,77,29
19481111,89,-3
19481112,95,9
19481113,59,18
19481114,135,5
19481115,147,55
19481116,98,43
19481117,65,39
19481118,104,59
19481119,76,34
19481120,48,20
19481121,57,33
19481122,56,31
19481123,37,8
19481124,23,-17
19481125,23,-34
19481126,34,-25
19481127,79,-22
19481128,48,18
19481129,54,-1
19481130,7,-22
19481201,18,-23
19481202,69,-3
19481203,19,-24
19481204,-9,-23
19481205,18,-12
19481206,33,9
19481207,40,17
19481208,18,1
19481209,11,-2
19481210,23,2
19481211,38,11
19481212,131,21
19481213,111,58
19481214,58,4
19481215,5,-24
19481216,-3,-24
19481217,2,-41
19481218,10,-7
19481219,5,-21
19481220,-9,-50
19481221,-29,-55
19481222,-23,-45
19481223,-21,-67
19481224,-20,-87
19481225,11,-50
19481226,-18,-87
19481227,-12,-34
19481228,-12,-48
19481229,-8,-74
19481230,21,-26
19481231,76,-3
19490101,79,13
19490102,114,26
19490103,135,65
19490104,140,39
19490105,71,21
19490106,62,26
19490107,52,31
19490108,34,25
19490109,46,22
19490110,31,9
19490111,30,0
19490112,29,16
19490113,58,15
19490114,45,3
19490115,25,-8
19490116,61,-15
19490117,91,32
19490118,105,27
19490119,127,19
19490120,124,59
19490121,119,54
19490122,89,2
19490123,20,-26
19490124,21,-52
19490125,42,-39
19490126,57,-37
19490127,47,-25
19490128,53,-51
19490129,61,-58
19490130,88,-35
19490131,67,2
19490201,38,-16
19490202,-16,-55
19490203,-22,-77
19490204,8,-80
19490205,60,-74
19490206,56,-20
19490207,67,-36
19490208,80,-33
19490209,83,-15
19490210,98,30
19490211,84,-9
19490212,58,6
19490213,52,-18
19490214,59,3
19490215,73,-36
19490216,105,-12
19490217,116,8
19490218,123,25
19490219,151,46
19490220,113,63
19490221,120,22
19490222,120,20
19490223,112,32
19490224,143,19
19490225,141,50
19490226,121,19
19490227,145,33
19490228,96,23
19490301,71,-12
19490302,60,-5
19490303,5,-32
19490304,16,-33
19490305,38,-27
19490306,20,-34
19490307,9,-47
19490308,40,-60
19490309,69,-36
19490310,40,10
19490311,49,13
19490312,53,-22
19490313,82,-10
19490314,163,5
19490315,136,24
19490316,112,8
19490317,133,40
19490318,137,28
19490319,58,19
19490320,50,9
19490321,51,4
19490322,57,-5
19490323,64,33
19490324,133,43
19490325,129,10
19490326,153,20
19490327,182,42
19490328,197,64
19490329,171,91
19490330,160,78
19490331,144,20
19490401,161,41
19490402,196,48
19490403,222,54
19490404,221,84
19490405,202,104
19490406,211,123
19490407,234,84
19490408,96,37
19490409,113,21
19490410,124,15
19490411,168,23
19490412,203,101
19490413,201,120
19490414,263,99
19490415,230,111
19490416,193,105
19490417,199,72
19490418,210,68
19490419,253,78
19490420,219,124
19490421,189,115
19490422,270,96
19490423,165,85
19490424,203,64
19490425,262,97
19490426,188,132
19490427,182,115
19490428,193,104
19490429,231,106
19490430,202,122
19490501,184,107
19490502,170,109
19490503,225,108
19490504,245,124
19490505,266,146
19490506,260,142
19490507,244,116
19490508,183,124
19490509,189,102
19490510,131,62
19490511,76,62
19490512,145,70
19490513,187,92
19490514,187,93
19490515,176,81
19490516,221,81
19490517,242,134
19490518,238,134
19490519,242,123
19490520,240,120
19490521,228,119
19490522,172,135
19490523,200,126
19490524,232,129
19490525,227,138
19490526,252,150
19490527,162,122
19490528,239,105
19490529,282,145
19490530,280,157
19490531,297,167
19490601,275,164
19490602,215,145
19490603,245,151
19490604,254,156
19490605,230,117
19490606,230,109
19490607,252,116
19490608,283,136
19490609,309,155
19490610,309,197
19490611,260,165
19490612,190,128
19490613,221,117
19490614,271,125
19490615,275,138
19490616,199,148
19490617,164,129
19490618,201,117
19490619,196,123
19490620,197,120
19490621,253,130
19490622,215,136
19490623,235,115
19490624,173,128
19490625,162,103
19490626,221,85
19490627,274,110
19490628,235,147
19490629,259,136
19490630,193,135
19490701,243,130
19490702,226,153
19490703,212,126
19490704,270,144
19490705,284,156
19490706,205,165
19490707,254,158
19490708,254,174
19490709,192,150
19490710,255,145
19490711,242,169
19490712,273,174
19490713,293,183
19490714,313,179
19490715,315,214
19490716,292,208
19490717,280,199
19490718,306,187
19490719,212,177
19490720,232,147
19490721,237,116
19490722,269,144
19490723,266,154
19490724,264,157
19490725,265,166
19490726,292,164
19490727,302,175
19490728,315,179
19490729,338,187
19490730,261,203
19490731,295,172
19490801,325,178
19490802,334,220
19490803,315,169
19490804,257,175
19490805,275,183
19490806,294,169
19490807,304,180
19490808,315,175
19490809,325,180
19490810,304,180
19490811,253,166
19490812,166,133
19490813,175,114
19490814,167,110
19490815,153,114
19490816,194,95
19490817,256,158
19490818,181,121
19490819,185,98
19490820,186,96
19490821,211,124
19490822,246,107
19490823,275,133
19490824,273,154
19490825,275,161
19490826,277,156
19490827,282,164
19490828,285,187
19490829,269,167
19490830,293,170
19490831,257,182
19490901,276,160
19490902,306,172
19490903,291,177
19490904,298,188
19490905,285,194
19490906,284,179
19490907,279,176
19490908,271,164
19490909,197,157
19490910,178,146
19490911,196,132
19490912,233,107
19490913,237,124
19490914,225,153
19490915,189,143
19490916,204,125
19490917,227,156
19490918,226,143
19490919,206,119
19490920,228,130
19490921,243,143
19490922,258,146
19490923,247,147
19490924,212,166
19490925,223,120
19490926,212,104
19490927,214,88
19490928,220,84
19490929,216,88
19490930,230,90
19491001,215,133
19491002,177,150
19491003,203,126
19491004,211,102
19491005,192,124
19491006,205,85
19491007,200,122
19491008,203,132
19491009,137,116
19491010,175,130
19491011,186,102
19491012,161,65
19491013,176,66
19491014,181,67
19491015,183,81
19491016,180,67
19491017,179,69
19491018,133,78
19491019,164,100
19491020,165,89
19491021,157,57
19491022,201,69
19491023,188,97
19491024,211,82
19491025,228,135
19491026,224,135
19491027,200,120
19491028,120,75
19491029,76,55
19491030,98,63
19491031,80,59
19491101,62,43
19491102,45,26
19491103,26,12
19491104,37,17
19491105,52,34
19491106,61,41
19491107,98,48
19491108,86,40
19491109,102,4
19491110,107,-2
19491111,112,30
19491112,132,55
19491113,129,71
19491114,84,55
19491115,73,52
19491116,79,67
19491117,79,62
19491118,133,60
19491119,128,52
19491120,172,100
19491121,158,101
19491122,149,89
19491123,115,95
19491124,136,86
19491125,114,86
19491126,155,89
19491127,152,111
19491128,128,73
19491129,122,53
19491130,74,38
19491201,80,14
19491202,88,0
19491203,61,20
19491204,107,14
19491205,104,51
19491206,103,57
19491207,84,46
19491208,148,39
19491209,122,91
19491210,114,52
19491211,62,23
19491212,26,10
19491213,33,-6
19491214,9,-19
19491215,10,-15
19491216,13,-4
19491217,73,11
19491218,80,28
19491219,59,-3
19491220,62,3
19491221,52,7
19491222,43,7
19491223,56,28
19491224,56,-4
19491225,34,-29
19491226,81,-41
19491227,89,53
19491228,84,12
19491229,48,-7
19491230,93,-4
19491231,40,1
19500101,13,-28
19500102,11,-57
19500103,66,-11
19500104,58,-19
19500105,18,-14
19500106,82,-7
19500107,74,21
19500108,24,-6
19500109,101,-24
19500110,94,42
19500111,61,-39
19500112,-23,-52
19500113,-11,-48
19500114,26,-55
19500115,69,-3
19500116,98,-13
19500117,72,28
19500118,40,-2
19500119,5,-42
19500120,-15,-36
19500121,-9,-69
19500122,-6,-102
19500123,-33,-76
19500124,-67,-94
19500125,-59,-100
19500126,-49,-110
19500127,-39,-99
19500128,-39,-56
19500129,-46,-75
19500130,-28,-102
19500131,-81,-173
19500201,-47,-98
19500202,-24,-57
19500203,-25,-61
19500204,-24,-73
19500205,29,-41
19500206,84,16
19500207,50,13
19500208,56,9
19500209,57,8
19500210,87,7
19500211,112,49
19500212,96,5
19500213,104,-18
19500214,130,44
19500215,92,38
19500216,117,7
19500217,122,33
19500218,124,22
19500219,119,12
19500220,62,-3
19500221,136,17
19500222,110,18
19500223,79,4
19500224,116,7
19500225,139,57
19500226,99,68
19500227,72,8
19500228,28,2
19500301,16,-7
19500302,36,-1
19500303,47,28
19500304,68,29
19500305,93,27
19500306,121,11
19500307,145,28
19500308,187,34
19500309,145,75
19500310,98,39
19500311,105,57
19500312,152,26
19500313,83,43
19500314,77,46
19500315,135,17
19500316,161,51
19500317,183,66
19500318,183,66
19500319,184,63
19500320,155,59
19500321,160,69
19500322,168,62
19500323,165,104
19500324,170,86
19500325,121,47
19500326,99,41
19500327,118,12
19500328,162,26
19500329,173,52
19500330,135,75
19500331,117,81
19500401,153,70
19500402,178,51
19500403,157,72
19500404,105,85
19500405,148,76
19500406,157,57
19500407,154,58
19500408,165,74
19500409,204,56
19500410,125,60
19500411,173,37
19500412,128,72
19500413,193,95
19500414,141,94
19500415,186,76
19500416,145,86
19500417,105,65
19500418,165,61
19500419,180,74
19500420,226,110
19500421,261,129
19500422,228,134
19500423,195,125
19500424,165,100
19500425,161,72
19500426,162,59
19500427,140,82
19500428,132,69
19500429,172,56
19500430,194,84
19500501,196,107
19500502,217,93
19500503,228,101
19500504,222,106
19500505,202,98
19500506,212,126
19500507,232,119
19500508,214,122
19500509,202,148
19500510,189,144
19500511,208,135
19500512,211,123
19500513,201,133
19500514,223,131
19500515,241,104
19500516,248,128
19500517,244,108
19500518,246,127
19500519,231,144
19500520,265,134
19500521,287,148
19500522,301,169
19500523,305,184
19500524,312,175
19500525,294,184
19500526,313,172
19500527,270,174
19500528,240,154
19500529,229,123
19500530,251,118
19500531,269,135
19500601,217,150
19500602,210,142
19500603,242,129
19500604,258,135
19500605,280,135
19500606,274,154
19500607,301,135
19500608,311,203
19500609,302,179
19500610,291,179
19500611,271,173
19500612,265,179
19500613,300,185
19500614,285,182
19500615,289,180
19500616,308,177
19500617,313,181
19500618,212,172
19500619,279,172
19500620,301,162
19500621,303,170
19500622,260,197
19500623,263,182
19500624,254,163
19500625,273,172
19500626,274,176
19500627,264,188
19500628,301,197
19500629,334,198
19500630,368,199
19500701,380,229
19500702,361,205
19500703,379,235
19500704,386,219
19500705,403,238
19500706,370,223
19500707,291,200
19500708,271,182
19500709,284,178
19500710,306,175
19500711,244,175
19500712,256,157
19500713,296,172
19500714,310,205
19500715,245,159
19500716,229,147
19500717,284,173
19500718,303,189
19500719,315,203
19500720,305,229
19500721,306,194
19500722,323,202
19500723,351,212
19500724,272,182
19500725,287,188
19500726,302,199
19500727,332,198
19500728,301,179
19500729,305,178
19500730,264,178
19500731,222,178
19500801,265,161
19500802,314,180
19500803,247,130
19500804,243,126
19500805,246,135
19500806,282,176
19500807,286,152
19500808,270,177
19500809,300,168
19500810,295,178
19500811,295,173
19500812,300,171
19500813,301,173
19500814,313,185
19500815,293,181
19500816,279,173
19500817,287,164
19500818,258,194
19500819,250,174
19500820,254,167
19500821,282,155
19500822,290,166
19500823,295,164
19500824,328,169
19500825,338,211
19500826,342,210
19500827,347,210
19500828,348,205
19500829,345,200
19500830,286,204
19500831,292,196
19500901,272,160
19500902,218,133
19500903,245,145
19500904,178,115
19500905,214,108
19500906,249,133
19500907,279,137
19500908,224,182
19500909,240,166
19500910,273,146
19500911,302,173
19500912,309,171
19500913,260,184
19500914,288,163
19500915,311,165
19500916,230,113
19500917,192,111
19500918,225,121
19500919,160,127
19500920,156,121
19500921,166,121
19500922,190,108
19500923,200,87
19500924,193,93
19500925,226,99
19500926,230,128
19500927,181,127
19500928,193,112
19500929,190,120
19500930,208,142
19501001,167,134
19501002,202,119
19501003,190,110
19501004,172,105
19501005,169,73
19501006,173,66
19501007,177,77
19501008,178,74
19501009,179,74
19501010,195,68
19501011,195,124
19501012,145,68
19501013,145,43
19501014,151,50
19501015,149,66
19501016,151,61
19501017,185,89
19501018,184,99
19501019,146,94
19501020,152,93
19501021,174,73
19501022,133,72
19501023,118,36
19501024,113,25
19501025,76,55
19501026,55,17
19501027,38,14
19501028,59,16
19501029,39,14
19501030,64,25
19501031,72,52
19501101,81,54
19501102,80,62
19501103,79,51
19501104,79,38
19501105,73,46
19501106,68,9
19501107,75,-8
19501108,88,6
19501109,90,22
19501110,110,15
19501111,139,60
19501112,162,107
19501113,154,93
19501114,133,80
19501115,107,36
19501116,79,19
19501117,120,69
19501118,88,23
19501119,77,19
19501120,111,56
19501121,129,89
19501122,105,55
19501123,138,82
19501124,84,53
19501125,130,65
19501126,118,29
19501127,68,14
19501128,60,-6
19501129,102,16
19501130,96,42
19501201,62,6
19501202,91,-16
19501203,135,68
19501204,110,13
19501205,41,10
19501206,22,0
19501207,18,0
19501208,38,-1
19501209,65,11
19501210,51,35
19501211,55,34
19501212,81,40
19501213,80,33
19501214,76,33
19501215,70,47
19501216,87,49
19501217,50,6
19501218,15,0
19501219,23,-9
19501220,2,-14
19501221,8,-12
19501222,0,-28
19501223,8,-2
19501224,27,-2
19501225,61,21
19501226,65,36
19501227,41,14
19501228,32,12
19501229,17,3
19501230,5,-6
19501231,8,-4
19510101,6,-12
19510102,70,-1
19510103,115,56
19510104,79,41
19510105,55,24
19510106,38,-5
19510107,96,-12
19510108,93,37
19510109,78,4
19510110,73,23
19510111,85,19
19510112,131,58
19510113,95,54
19510114,65,19
19510115,66,-3
19510116,75,19
19510117,53,3
19510118,19,-8
19510119,89,8
19510120,63,7
19510121,66,12
19510122,17,-19
19510123,77,0
19510124,34,8
19510125,22,4
19510126,43,10
19510127,31,8
19510128,64,2
19510129,18,1
19510130,15,-4
19510131,22,9
19510201,56,14
19510202,46,14
19510203,14,-11
19510204,19,-12
19510205,120,4
19510206,150,97
19510207,127,82
19510208,85,45
19510209,91,60
19510210,102,47
19510211,127,31
19510212,150,43
19510213,140,70
19510214,90,50
19510215,116,28
19510216,101,60
19510217,119,30
19510218,86,12
19510219,37,11
19510220,105,27
19510221,115,29
19510222,91,25
19510223,67,19
19510224,58,-4
19510225,107,51
19510226,73,30
19510227,63,16
19510228,53,14
19510301,40,3
19510302,15,-7
19510303,18,-1
19510304,23,-3
19510305,41,5
19510306,50,-8
19510307,91,31
19510308,95,62
19510309,115,52
19510310,89,15
19510311,114,10
19510312,113,82
19510313,170,59
19510314,187,65
19510315,153,47
19510316,168,68
19510317,170,61
19510318,173,87
19510319,177,104
19510320,136,63
19510321,63,7
19510322,82,-4
19510323,116,8
19510324,129,34
19510325,82,45
19510326,93,25
19510327,135,3
19510328,119,35
19510329,52,21
19510330,68,24
19510331,100,47
19510401,101,55
19510402,165,15
19510403,173,57
19510404,122,95
19510405,171,73
19510406,168,92
19510407,186,63
19510408,189,83
19510409,145,70
19510410,181,92
19510411,99,65
19510412,111,65
19510413,138,80
19510414,185,51
19510415,134,61
19510416,146,43
19510417,198,46
19510418,205,81
19510419,186,111
19510420,153,112
19510421,204,91
19510422,148,48
19510423,136,48
19510424,177,73
19510425,222,83
19510426,230,110
19510427,190,113
19510428,213,111
19510429,181,110
19510430,196,110
19510501,197,85
19510502,216,123
19510503,209,121
19510504,218,126
19510505,199,125
19510506,213,114
19510507,201,106
19510508,162,111
19510509,177,101
19510510,138,103
19510511,137,93
19510512,115,86
19510513,143,70
19510514,182,83
19510515,161,101
19510516,135,88
19510517,181,72
19510518,208,91
19510519,221,96
19510520,246,138
19510521,249,142
19510522,248,147
19510523,262,153
19510524,269,153
19510525,247,162
19510526,259,158
19510527,286,168
19510528,278,180
19510529,241,161
19510530,237,148
19510531,184,149
19510601,228,151
19510602,209,160
19510603,203,117
19510604,243,141
19510605,208,146
19510606,167,136
19510607,156,135
19510608,255,145
19510609,206,143
19510610,257,146
19510611,233,137
19510612,245,148
19510613,253,137
19510614,255,150
19510615,275,164
19510616,290,167
19510617,300,184
19510618,313,195
19510619,307,212
19510620,232,170
19510621,239,174
19510622,263,186
19510623,301,181
19510624,289,205
19510625,257,164
19510626,201,140
19510627,247,127
19510628,263,157
19510629,207,145
19510630,244,132
19510701,193,147
19510702,244,140
19510703,263,145
19510704,291,146
19510705,233,153
19510706,223,150
19510707,255,135
19510708,276,151
19510709,300,174
19510710,282,199
19510711,315,197
19510712,254,182
19510713,285,170
19510714,311,199
19510715,324,189
19510716,286,150
19510717,233,159
19510718,193,155
19510719,267,169
19510720,255,178
19510721,271,172
19510722,244,155
19510723,265,165
19510724,239,165
19510725,214,160
19510726,232,159
19510727,226,157
19510728,245,166
19510729,263,187
19510730,279,161
19510731,284,176
19510801,299,198
19510802,303,221
19510803,308,219
19510804,310,204
19510805,311,202
19510806,282,183
19510807,315,187
19510808,291,191
19510809,305,221
19510810,227,159
19510811,224,162
19510812,266,156
19510813,280,156
19510814,268,170
19510815,250,161
19510816,253,157
19510817,233,162
19510818,250,151
19510819,233,133
19510820,259,140
19510821,269,154
19510822,278,174
19510823,267,174
19510824,205,160
19510825,256,173
19510826,282,180
19510827,286,174
19510828,277,175
19510829,298,168
19510830,299,174
19510831,314,171
19510901,251,187
19510902,264,168
19510903,219,168
19510904,240,164
19510905,255,150
19510906,286,182
19510907,293,189
19510908,276,192
19510909,276,178
19510910,266,171
19510911,272,173
19510912,277,166
19510913,281,175
19510914,291,158
19510915,281,174
19510916,284,179
19510917,253,168
19510918,164,139
19510919,167,119
19510920,200,105
19510921,179,85
19510922,180,80
19510923,186,85
19510924,197,136
19510925,170,150
19510926,235,158
19510927,176,143
19510928,173,138
19510929,177,143
19510930,185,148
19511001,181,159
19511002,202,153
19511003,155,118
19511004,179,107
19511005,164,79
19511006,174,95
19511007,109,84
19511008,101,73
19511009,105,64
19511010,109,65
19511011,92,62
19511012,116,62
19511013,145,46
19511014,133,57
19511015,136,44
19511016,145,33
19511017,141,39
19511018,131,31
19511019,117,32
19511020,149,76
19511021,177,90
19511022,180,85
19511023,157,93
19511024,132,115
19511025,131,102
19511026,128,99
19511027,118,84
19511028,109,83
19511029,111,64
19511030,95,60
19511031,120,69
19511101,147,64
19511102,105,53
19511103,129,22
19511104,105,40
19511105,92,26
19511106,94,57
19511107,176,87
19511108,168,111
19511109,182,131
19511110,194,136
19511111,190,119
19511112,199,116
19511113,146,93
19511114,123,89
19511115,105,67
19511116,107,39
19511117,91,19
19511118,141,59
19511119,179,93
19511120,161,96
19511121,191,87
19511122,159,74
19511123,72,52
19511124,102,27
19511125,141,42
19511126,121,50
19511127,90,7
19511128,86,0
19511129,85,11
19511130,79,-2
19511201,102,5
19511202,66,21
19511203,54,27
19511204,63,21
19511205,90,19
19511206,130,15
19511207,118,66
19511208,76,57
19511209,98,34
19511210,104,47
19511211,76,12
19511212,25,1
19511213,32,-23
19511214,104,9
19511215,50,7
19511216,99,-23
19511217,87,29
19511218,62,21
19511219,54,4
19511220,7,-26
19511221,-6,-23
19511222,-9,-22
19511223,-17,-27
19511224,-7,-29
19511225,10,-14
19511226,85,-5
19511227,77,37
19511228,60,28
19511229,47,28
19511230,55,19
19511231,41,-6
19520101,72,4
19520102,53,7
19520103,82,-13
19520104,62,12
19520105,12,-28
19520106,37,-23
19520107,33,-24
19520108,65,3
19520109,77,-4
19520110,71,10
19520111,85,-3
19520112,81,9
19520113,32,-3
19520114,19,-42
19520115,19,-54
19520116,60,-14
19520117,59,29
19520118,43,11
19520119,43,-12
19520120,28,-23
19520121,17,-40
19520122,23,6
19520123,21,-1
19520124,0,-15
19520125,9,-21
19520126,23,-13
19520127,50,-8
19520128,22,-52
19520129,-61,-87
19520130,-62,-94
19520131,-42,-84
19520201,47,-55
19520202,13,-20
19520203,31,-55
19520204,8,-83
19520205,44,-15
19520206,25,-23
19520207,10,-55
19520208,6,-30
19520209,12,-30
19520210,10,-85
19520211,59,-35
19520212,108,41
19520213,68,-8
19520214,-5,-13
19520215,-2,-21
19520216,16,-19
19520217,19,-24
19520218,17,-30
19520219,17,-19
19520220,35,-50
19520221,45,2
19520222,95,-9
19520223,75,-6
19520224,75,1
19520225,65,11
19520226,53,24
19520227,83,10
19520228,63,36
19520229,98,23
19520301,74,19
19520302,60,8
19520303,149,13
19520304,140,50
19520305,90,8
19520306,22,-45
19520307,-15,-39
19520308,-8,-60
19520309,48,-40
19520310,61,-28
19520311,84,-27
19520312,109,25
19520313,100,36
19520314,54,-9
19520315,32,-22
19520316,74,-44
19520317,141,-17
19520318,150,46
19520319,84,33
19520320,84,18
19520321,155,44
19520322,120,31
19520323,180,67
19520324,176,72
19520325,173,89
19520326,105,44
19520327,69,19
19520328,36,5
19520329,175,31
19520330,222,130
19520331,184,121
19520401,189,102
19520402,141,9
19520403,81,7
19520404,101,37
19520405,61,25
19520406,128,27
19520407,172,31
19520408,184,99
19520409,204,87
19520410,203,92
19520411,220,88
19520412,232,102
19520413,234,103
19520414,241,148
19520415,254,130
19520416,262,142
19520417,240,135
19520418,221,128
19520419,249,115
19520420,241,130
19520421,229,113
19520422,242,119
19520423,253,117
19520424,252,126
19520425,243,144
19520426,201,123
19520427,182,101
19520428,213,112
19520429,238,122
19520430,246,146
19520501,258,136
19520502,258,136
19520503,241,123
19520504,231,124
19520505,255,163
19520506,267,142
19520507,268,154
19520508,255,137
19520509,234,165
19520510,276,144
19520511,277,176
19520512,191,143
19520513,181,118
19520514,191,97
19520515,193,115
19520516,205,116
19520517,157,87
19520518,149,60
19520519,212,51
19520520,97,53
19520521,140,37
19520522,159,58
19520523,173,69
19520524,149,98
19520525,174,86
19520526,198,103
19520527,198,90
19520528,206,85
19520529,216,130
19520530,229,127
19520531,278,140
19520601,282,157
19520602,296,156
19520603,306,184
19520604,233,154
19520605,244,132
19520606,262,126
19520607,207,152
19520608,229,149
19520609,221,147
19520610,230,147
19520611,268,126
19520612,270,178
19520613,288,174
19520614,292,181
19520615,282,179
19520616,312,192
19520617,288,162
19520618,329,196
19520619,325,198
19520620,275,161
19520621,221,153
19520622,271,138
19520623,300,156
19520624,250,132
19520625,195,126
19520626,252,145
19520627,229,142
19520628,263,135
19520629,283,161
19520630,317,190
19520701,322,200
19520702,349,219
19520703,346,226
19520704,343,204
19520705,358,215
19520706,320,240
19520707,300,206
19520708,301,181
19520709,289,207
19520710,296,178
19520711,302,200
19520712,329,185
19520713,314,191
19520714,344,218
19520715,352,204
19520716,267,163
19520717,286,156
19520718,303,180
19520719,268,184
19520720,290,180
19520721,311,177
19520722,326,197
19520723,340,206
19520724,258,142
19520725,227,139
19520726,265,140
19520727,301,156
19520728,284,170
19520729,213,154
19520730,273,132
19520731,299,168
19520801,306,169
19520802,318,187
19520803,338,189
19520804,329,203
19520805,323,207
19520806,349,213
19520807,305,214
19520808,315,191
19520809,322,193
19520810,261,187
19520811,278,180
19520812,327,184
19520813,353,210
19520814,364,229
19520815,364,217
19520816,373,232
19520817,311,192
19520818,203,145
19520819,271,130
19520820,237,180
19520821,269,167
19520822,246,143
19520823,226,127
19520824,233,149
19520825,207,154
19520826,245,146
19520827,271,141
19520828,296,159
19520829,293,186
19520830,327,180
19520831,317,209
19520901,266,194
19520902,271,168
19520903,205,176
19520904,268,153
19520905,257,171
19520906,290,179
19520907,209,144
19520908,198,141
19520909,202,95
19520910,209,78
19520911,186,115
19520912,237,143
19520913,226,123
19520914,204,125
19520915,205,131
19520916,184,123
19520917,194,89
19520918,189,135
19520919,182,95
19520920,127,64
19520921,153,43
19520922,181,37
19520923,170,104
19520924,216,70
19520925,219,87
19520926,169,96
19520927,131,90
19520928,185,102
19520929,186,81
19520930,169,130
19521001,234,129
19521002,213,122
19521003,182,97
19521004,172,100
19521005,170,92
19521006,160,90
19521007,191,85
19521008,123,64
19521009,133,39
19521010,126,30
19521011,95,41
19521012,118,38
19521013,111,10
19521014,127,87
19521015,159,66
19521016,122,69
19521017,122,58
19521018,121,48
19521019,109,19
19521020,161,69
19521021,221,133
19521022,217,127
19521023,178,121
19521024,202,104
19521025,224,140
19521026,213,102
19521027,161,90
19521028,148,64
19521029,176,61
19521030,138,97
19521031,100,88
19521101,139,62
19521102,112,26
19521103,104,24
19521104,111,37
19521105,94,31
19521106,118,19
19521107,96,57
19521108,104,39
19521109,83,18
19521110,60,-5
19521111,94,4
19521112,87,26
19521113,73,3
19521114,44,-5
19521115,31,8
19521116,35,7
19521117,29,12
19521118,62,20
19521119,47,18
19521120,73,31
19521121,72,31
19521122,73,6
19521123,89,28
19521124,67,-4
19521125,59,30
19521126,51,27
19521127,99,36
19521128,154,69
19521129,134,94
19521130,135,75
19521201,138,46
19521202,48,10
19521203,11,-4
19521204,21,-3
19521205,4,-13
19521206,-8,-20
19521207,0,-19
19521208,0,-25
19521209,-3,-18
19521210,2,-31
19521211,3,-33
19521212,39,-34
19521213,96,3
19521214,67,23
19521215,96,32
19521216,30,-23
19521217,34,-42
19521218,37,13
19521219,55,18
19521220,46,9
19521221,38,-12
19521222,55,7
19521223,27,-10
19521224,32,-11
19521225,16,-32
19521226,16,-26
19521227,1,-12
19521228,16,-4
19521229,27,6
19521230,36,12
19521231,61,16
19530101,86,33
19530102,62,26
19530103,34,17
19530104,26,13
19530105,28,11
19530106,17,-6
19530107,16,3
19530108,38,12
19530109,37,1
19530110,34,-15
19530111,21,-2
19530112,7,-22
19530113,-6,-27
19530114,-2,-18
19530115,11,-33
19530116,0,-53
19530117,-5,-61
19530118,-12,-35
19530119,-13,-39
19530120,12,-23
19530121,-2,-59
19530122,11,-60
19530123,45,-40
19530124,7,-34
19530125,62,-51
19530126,43,-22
19530127,3,-35
19530128,70,-50
19530129,103,40
19530130,92,6
19530131,93,-4
19530201,53,2
19530202,70,-9
19530203,50,-11
19530204,30,-3
19530205,40,-25
19530206,32,-16
19530207,0,-50
19530208,-9,-50
19530209,-5,-86
19530210,41,-34
19530211,62,16
19530212,41,4
19530213,35,3
19530214,30,6
19530215,6,-11
19530216,0,-18
19530217,18,-47
19530218,20,-89
19530219,65,-61
19530220,111,-7
19530221,85,11
19530222,116,17
19530223,119,6
19530224,107,18
19530225,101,37
19530226,81,21
19530227,88,-5
19530228,138,17
19530301,57,35
19530302,73,12
19530303,119,-5
19530304,76,15
19530305,144,21
19530306,90,4
19530307,157,1
19530308,60,12
19530309,64,-7
19530310,82,-12
19530311,78,-12
19530312,106,-1
19530313,40,-32
19530314,18,-20
19530315,62,-32
19530316,102,-18
19530317,116,19
19530318,93,6
19530319,121,3
19530320,148,17
19530321,159,24
19530322,156,39
19530323,162,27
19530324,174,26
19530325,195,52
19530326,201,54
19530327,207,95
19530328,170,84
19530329,204,63
19530330,223,82
19530331,223,98
19530401,159,107
19530402,199,87
19530403,231,91
19530404,241,88
19530405,248,110
19530406,204,121
19530407,212,113
19530408,170,99
19530409,184,97
19530410,182,108
19530411,109,88
19530412,131,67
19530413,148,44
19530414,167,38
19530415,141,100
19530416,123,77
19530417,125,74
19530418,173,71
19530419,197,76
19530420,193,81
19530421,150,75
19530422,179,70
19530423,187,88
19530424,197,92
19530425,215,63
19530426,205,104
19530427,138,118
19530428,193,111
19530429,190,94
19530430,190,83
19530501,184,110
19530502,201,76
19530503,228,111
19530504,222,124
19530505,185,110
19530506,194,107
19530507,123,84
19530508,125,60
19530509,128,46
19530510,129,23
19530511,153,5
19530512,149,40
19530513,186,64
19530514,197,106
19530515,207,121
19530516,245,108
19530517,280,134
19530518,288,162
19530519,270,179
19530520,241,176
19530521,259,166
19530522,236,160
19530523,250,159
19530524,286,165
19530525,300,178
19530526,276,199
19530527,278,173
19530528,193,134
19530529,180,119
19530530,143,109
19530531,124,104
19530601,169,106
19530602,211,95
19530603,189,98
19530604,193,99
19530605,192,85
19530606,200,137
19530607,220,134
19530608,269,185
19530609,274,168
19530610,229,154
19530611,217,147
19530612,198,163
19530613,210,162
19530614,231,168
19530615,235,163
19530616,246,169
19530617,248,156
19530618,276,158
19530619,237,189
19530620,264,176
19530621,279,179
19530622,261,187
19530623,281,167
19530624,289,192
19530625,300,184
19530626,272,171
19530627,271,179
19530628,261,177
19530629,259,172
19530630,292,186
19530701,266,182
19530702,267,168
19530703,249,166
19530704,278,161
19530705,261,188
19530706,259,192
19530707,281,185
19530708,303,188
19530709,306,202
19530710,273,169
19530711,175,152
19530712,235,139
19530713,187,153
19530714,269,140
19530715,259,159
19530716,260,168
19530717,297,185
19530718,323,197
19530719,269,152
19530720,253,142
19530721,265,158
19530722,286,166
19530723,320,183
19530724,281,216
19530725,286,195
19530726,308,186
19530727,324,193
19530728,290,208
19530729,304,204
19530730,300,197
19530731,250,167
19530801,275,148
19530802,244,173
19530803,194,153
19530804,199,148
19530805,246,143
19530806,233,132
19530807,247,130
19530808,245,161
19530809,251,169
19530810,263,157
19530811,274,158
19530812,277,162
19530813,287,158
19530814,275,169
19530815,282,159
19530816,286,157
19530817,263,198
19530818,268,179
19530819,285,181
19530820,292,182
19530821,306,175
19530822,226,142
19530823,219,127
19530824,231,118
19530825,255,125
19530826,237,155
19530827,194,146
19530828,202,143
19530829,223,133
19530830,250,125
19530831,274,140
19530901,279,158
19530902,278,179
19530903,284,176
19530904,259,169
19530905,235,166
19530906,203,145
19530907,192,128
19530908,214,81
19530909,260,103
19530910,248,134
19530911,135,112
19530912,195,108
19530913,198,93
19530914,191,89
19530915,189,77
19530916,215,122
19530917,254,135
19530918,252,153
19530919,268,163
19530920,237,165
19530921,188,134
19530922,199,117
19530923,153,116
19530924,225,131
19530925,240,147
19530926,229,173
19530927,230,169
19530928,237,181
19530929,248,164
19530930,167,149
19531001,200,149
19531002,218,134
19531003,220,136
19531004,181,111
19531005,155,84
19531006,139,78
19531007,138,65
19531008,133,69
19531009,119,68
19531010,126,48
19531011,141,35
19531012,127,87
19531013,138,87
19531014,197,115
19531015,215,130
19531016,230,160
19531017,235,141
19531018,225,160
19531019,220,153
19531020,193,148
19531021,143,126
19531022,142,85
19531023,133,93
19531024,161,111
19531025,150,88
19531026,185,109
19531027,187,122
19531028,146,101
19531029,126,103
19531030,109,76
19531031,124,77
19531101,118,81
19531102,81,52
19531103,54,28
19531104,69,44
19531105,101,64
19531106,94,76
19531107,102,79
19531108,90,73
19531109,84,61
19531110,69,50
19531111,60,44
19531112,61,32
19531113,64,7
19531114,34,-11
19531115,46,-8
19531116,84,21
19531117,43,-7
19531118,46,-32
19531119,59,-19
19531120,87,-1
19531121,73,0
19531122,94,4
19531123,95,23
19531124,69,8
19531125,20,-24
19531126,13,-47
19531127,28,-57
19531128,93,-2
19531129,119,33
19531130,138,92
19531201,153,92
19531202,102,19
19531203,87,9
19531204,141,70
19531205,93,34
19531206,35,23
19531207,36,27
19531208,43,30
19531209,64,31
19531210,62,41
19531211,63,54
19531212,64,49
19531213,49,17
19531214,32,17
19531215,30,15
19531216,25,-13
19531217,-6,-26
19531218,-8,-24
19531219,-3,-19
19531220,5,-10
19531221,-4,-37
19531222,-5,-35
19531223,13,-17
19531224,17,-16
19531225,2,-67
19531226,-51,-78
19531227,-56,-77
19531228,-8,-79
19531229,23,-47
19531230,23,5
19531231,5,-15
19540101,-8,-22
19540102,-22,-93
19540103,-59,-108
19540104,-77,-118
19540105,-60,-81
19540106,-49,-62
19540107,-16,-55
19540108,-9,-41
19540109,0,-68
19540110,-34,-138
19540111,-42,-90
19540112,-15,-70
19540113,45,-69
19540114,24,-20
19540115,14,-15
19540116,85,-48
19540117,67,2
19540118,44,-17
19540119,49,-38
19540120,78,10
19540121,104,27
19540122,34,-2
19540123,0,-70
19540124,-50,-83
19540125,-49,-93
19540126,-53,-118
19540127,-59,-114
19540128,-91,-137
19540129,-66,-100
19540130,-54,-94
19540131,-72,-108
19540201,-90,-142
19540202,-75,-107
19540203,-63,-93
19540204,-44,-87
19540205,-55,-96
19540206,-46,-98
19540207,-73,-95
19540208,-43,-96
19540209,-15,-94
19540210,-23,-64
19540211,29,-53
19540212,7,-4
19540213,38,-15
19540214,11,-12
19540215,11,-6
19540216,27,-1
19540217,17,-31
19540218,-21,-46
19540219,-15,-85
19540220,-59,-120
19540221,-39,-93
19540222,-27,-114
19540223,-12,-102
19540224,10,-106
19540225,29,-83
19540226,80,3
19540227,111,41
19540228,111,60
19540301,131,26
19540302,59,17
19540303,68,14
19540304,130,5
19540305,162,62
19540306,91,45
19540307,92,23
19540308,101,18
19540309,42,21
19540310,61,14
19540311,72,38
19540312,89,36
19540313,99,49
19540314,109,66
19540315,66,30
19540316,71,30
19540317,84,49
19540318,145,25
19540319,170,85
19540320,160,90
19540321,85,60
19540322,93,47
19540323,108,19
19540324,167,43
19540325,183,70
19540326,170,73
19540327,117,57
19540328,113,44
19540329,144,26
19540330,161,83
19540331,179,62
19540401,206,83
19540402,146,76
19540403,149,71
19540404,197,102
19540405,216,121
19540406,139,117
19540407,121,99
19540408,158,77
19540409,107,54
19540410,87,36
19540411,111,24
19540412,109,32
19540413,169,13
19540414,163,54
19540415,191,68
19540416,102,47
19540417,76,36
19540418,68,35
19540419,91,37
19540420,151,23
19540421,109,61
19540422,134,60
19540423,157,80
19540424,171,72
19540425,189,66
19540426,147,83
19540427,83,48
19540428,85,46
19540429,107,57
19540430,122,80
19540501,190,94
19540502,194,90
19540503,203,112
19540504,173,92
19540505,112,78
19540506,119,71
19540507,115,73
19540508,140,87
19540509,173,100
19540510,200,118
19540511,236,135
19540512,230,137
19540513,208,114
19540514,165,80
19540515,169,88
19540516,162,111
19540517,142,116
19540518,207,110
19540519,170,132
19540520,178,116
19540521,189,97
19540522,191,100
19540523,210,109
19540524,184,106
19540525,203,124
19540526,254,121
19540527,257,147
19540528,255,153
19540529,263,153
19540530,251,148
19540531,226,148
19540601,211,153
19540602,221,152
19540603,247,142
19540604,235,155
19540605,201,150
19540606,244,149
19540607,225,128
19540608,253,120
19540609,263,145
19540610,284,174
19540611,217,169
19540612,250,158
19540613,285,155
19540614,291,171
19540615,251,175
19540616,199,158
19540617,235,157
19540618,235,164
19540619,253,169
19540620,278,180
19540621,285,181
19540622,295,192
19540623,277,192
19540624,227,188
19540625,270,170
19540626,294,180
19540627,295,191
19540628,270,185
19540629,239,146
19540630,248,188
19540701,310,184
19540702,212,151
19540703,232,151
19540704,263,147
19540705,272,148
19540706,226,141
19540707,258,130
19540708,153,111
19540709,201,101
19540710,194,113
19540711,241,120
19540712,263,146
19540713,195,160
19540714,241,162
19540715,248,150
19540716,199,150
19540717,242,137
19540718,268,150
19540719,205,141
19540720,238,139
19540721,231,129
19540722,253,133
19540723,272,155
19540724,253,176
19540725,277,167
19540726,303,173
19540727,311,194
19540728,311,189
19540729,286,155
19540730,200,141
19540731,209,139
19540801,242,123
19540802,270,141
19540803,279,157
19540804,300,174
19540805,280,180
19540806,288,169
19540807,301,178
19540808,300,157
19540809,283,192
19540810,297,133
19540811,235,133
19540812,245,154
19540813,275,149
19540814,315,164
19540815,305,164
19540816,210,163
19540817,203,148
19540818,244,149
19540819,255,127
19540820,280,162
19540821,309,177
19540822,294,159
19540823,226,147
19540824,228,151
19540825,226,139
19540826,218,146
19540827,174,140
19540828,240,147
19540829,240,154
19540830,238,143
19540831,265,144
19540901,275,174
19540902,279,171
19540903,278,174
19540904,276,174
19540905,286,174
19540906,291,179
19540907,276,173
19540908,268,172
19540909,239,165
19540910,258,160
19540911,269,160
19540912,273,159
19540913,221,159
19540914,247,140
19540915,264,152
19540916,195,126
19540917,228,120
19540918,210,141
19540919,230,129
19540920,264,150
19540921,205,121
19540922,163,120
19540923,160,83
19540924,159,60
19540925,188,74
19540926,142,120
19540927,176,104
19540928,154,104
19540929,135,102
19540930,143,86
19541001,178,73
19541002,193,103
19541003,140,110
19541004,150,94
19541005,130,94
19541006,153,75
19541007,116,78
19541008,101,73
19541009,113,58
19541010,73,57
19541011,110,63
19541012,135,80
19541013,144,75
19541014,144,41
19541015,158,58
19541016,157,36
19541017,172,40
19541018,197,66
19541019,206,70
19541020,184,99
19541021,147,114
19541022,159,129
19541023,199,133
19541024,201,118
19541025,214,119
19541026,162,63
19541027,127,35
19541028,137,59
19541029,162,70
19541030,110,64
19541031,127,59
19541101,134,67
19541102,89,62
19541103,107,67
19541104,119,69
19541105,95,42
19541106,139,46
19541107,132,30
19541108,110,29
19541109,148,77
19541110,137,100
19541111,107,83
19541112,111,84
19541113,104,89
19541114,115,88
19541115,90,46
19541116,54,19
19541117,34,15
19541118,36,4
19541119,24,4
19541120,20,-21
19541121,13,-36
19541122,21,-33
19541123,11,-14
19541124,10,-22
19541125,21,-27
19541126,47,18
19541127,73,9
19541128,127,59
19541129,99,43
19541130,113,24
19541201,118,87
19541202,93,77
19541203,102,28
19541204,37,10
19541205,81,2
19541206,36,-2
19541207,49,-18
19541208,70,15
19541209,138,10
19541210,150,89
19541211,122,93
19541212,93,15
19541213,79,15
19541214,51,33
19541215,79,32
19541216,71,30
19541217,57,5
19541218,19,-23
19541219,43,1
19541220,21,-16
19541221,9,-24
19541222,50,-23
19541223,102,-21
19541224,100,30
19541225,66,4
19541226,73,12
19541227,101,26
19541228,112,50
19541229,92,26
19541230,56,12
19541231,44,-6
19550101,-8,-24
19550102,1,-38
19550103,0,-38
19550104,13,-12
19550105,-6,-16
19550106,-1,-21
19550107,0,-9
19550108,8,-9
19550109,18,1
19550110,14,-1
19550111,74,-3
19550112,126,67
19550113,119,29
19550114,122,30
19550115,122,5
19550116,124,5
19550117,132,21
19550118,21,2
19550119,4,-34
19550120,-23,-45
19550121,-5,-41
19550122,-9,-26
19550123,2,-24
19550124,16,-6
19550125,14,3
19550126,10,2
19550127,15,1
19550128,32,5
19550129,30,10
19550130,32,12
19550131,122,20
19550201,124,68
19550202,117,80
19550203,149,56
19550204,118,60
19550205,94,36
19550206,81,20
19550207,78,29
19550208,89,14
19550209,126,42
19550210,96,32
19550211,68,14
19550212,60,-10
19550213,28,1
19550214,17,-17
19550215,47,-41
19550216,23,2
19550217,114,2
19550218,153,12
19550219,31,3
19550220,67,7
19550221,46,-1
19550222,25,2
19550223,9,0
19550224,44,-5
19550225,4,-26
19550226,-20,-46
19550227,-2,-93
19550228,-5,-35
19550301,-4,-18
19550302,0,-23
19550303,22,-38
19550304,3,-88
19550305,0,-74
19550306,-18,-52
19550307,0,-34
19550308,34,-5
19550309,49,10
19550310,44,5
19550311,25,-13
19550312,21,-14
19550313,51,12
19550314,78,20
19550315,60,1
19550316,73,19
19550317,97,-6
19550318,40,-8
19550319,59,-48
19550320,81,-3
19550321,100,12
19550322,130,58
19550323,158,39
19550324,170,45
19550325,196,106
19550326,209,103
19550327,180,121
19550328,138,20
19550329,63,16
19550330,65,8
19550331,35,2
19550401,88,-11
19550402,95,10
19550403,112,36
19550404,146,30
19550405,152,66
19550406,137,62
19550407,180,74
19550408,126,75
19550409,159,77
19550410,135,79
19550411,161,67
19550412,137,87
19550413,151,83
19550414,128,52
19550415,104,38
19550416,111,39
19550417,92,25
19550418,65,1
19550419,43,-7
19550420,117,12
19550421,178,38
19550422,148,77
19550423,163,76
19550424,192,70
19550425,113,46
19550426,154,50
19550427,197,55
19550428,223,102
19550429,232,118
19550430,237,126
19550501,264,124
19550502,276,137
19550503,219,101
19550504,193,80
19550505,233,102
19550506,257,114
19550507,204,100
19550508,178,93
19550509,204,85
19550510,264,104
19550511,218,144
19550512,154,101
19550513,193,103
19550514,240,94
19550515,210,92
19550516,149,78
19550517,216,70
19550518,243,126
19550519,131,78
19550520,176,59
19550521,126,81
19550522,125,65
19550523,161,37
19550524,199,61
19550525,234,94
19550526,236,126
19550527,247,141
19550528,152,127
19550529,146,116
19550530,185,98
19550531,180,82
19550601,191,73
19550602,151,82
19550603,206,58
19550604,177,130
19550605,170,126
19550606,225,134
19550607,276,144
19550608,270,168
19550609,268,156
19550610,250,149
19550611,175,119
19550612,190,117
19550613,208,101
19550614,201,111
19550615,209,112
19550616,249,145
19550617,271,155
19550618,215,166
19550619,277,157
19550620,288,176
19550621,265,181
19550622,264,167
19550623,231,165
19550624,255,155
19550625,280,173
19550626,288,176
19550627,263,160
19550628,249,160
19550629,236,143
19550630,256,149
19550701,256,157
19550702,291,157
19550703,303,165
19550704,283,163
19550705,234,149
19550706,208,144
19550707,230,130
19550708,173,142
19550709,188,142
19550710,220,161
19550711,259,140
19550712,277,167
19550713,275,181
19550714,247,176
19550715,252,176
19550716,269,184
19550717,293,176
19550718,286,201
19550719,298,183
19550720,317,219
19550721,299,214
19550722,288,205
19550723,270,182
19550724,277,165
19550725,240,157
19550726,181,152
19550727,211,151
19550728,227,163
19550729,234,142
19550730,245,150
19550731,239,146
19550801,263,180
19550802,266,174
19550803,241,170
19550804,261,167
19550805,220,144
19550806,223,142
19550807,251,135
19550808,187,111
19550809,220,111
19550810,221,120
19550811,240,165
19550812,254,149
19550813,245,160
19550814,248,122
19550815,232,140
19550816,224,153
19550817,213,166
19550818,244,158
19550819,255,154
19550820,259,162
19550821,255,153
19550822,274,172
19550823,273,173
19550824,269,162
19550825,232,157
19550826,250,166
19550827,264,155
19550828,262,166
19550829,258,180
19550830,258,160
19550831,234,166
19550901,240,179
19550902,246,190
19550903,256,159
19550904,270,163
19550905,268,169
19550906,261,168
19550907,264,168
19550908,265,171
19550909,270,168
19550910,208,169
19550911,227,171
19550912,229,167
19550913,238,145
19550914,167,126
19550915,155,116
19550916,122,93
19550917,195,83
19550918,217,97
19550919,206,128
19550920,206,131
19550921,198,104
19550922,207,113
19550923,208,104
19550924,210,107
19550925,207,115
19550926,202,106
19550927,194,101
19550928,155,108
19550929,161,86
19550930,166,81
19551001,171,98
19551002,181,98
19551003,187,109
19551004,188,97
19551005,208,102
19551006,181,9999
19551007,9999,96
19551008,138,93
19551009,138,103
19551010,131,101
19551011,157,124
19551012,147,130
19551013,188,119
19551014,167,104
19551015,172,91
19551016,142,56
19551017,150,92
19551018,198,88
19551019,115,64
19551020,134,34
19551021,178,84
19551022,197,109
19551023,169,90
19551024,121,90
19551025,121,64
19551026,138,56
19551027,173,44
19551028,166,98
19551029,114,12
19551030,41,-16
19551031,47,16
19551101,41,12
19551102,56,38
19551103,79,48
19551104,80,58
19551105,93,70
19551106,104,69
19551107,102,59
19551108,110,94
19551109,107,79
19551110,93,67
19551111,95,81
19551112,110,77
19551113,108,66
19551114,88,65
19551115,69,41
19551116,71,24
19551117,44,20
19551118,29,18
19551119,32,19
19551120,33,17
19551121,75,22
19551122,65,27
19551123,84,1
19551124,94,35
19551125,52,1
19551126,12,-36
19551127,48,-60
19551128,54,-36
19551129,56,-25
19551130,27,-16
19551201,32,-26
19551202,104,8
19551203,157,54
19551204,117,60
19551205,60,-8
19551206,99,-25
19551207,110,15
19551208,114,56
19551209,79,11
19551210,107,7
19551211,112,40
19551212,40,0
19551213,17,-8
19551214,25,0
19551215,119,15
19551216,134,78
19551217,105,38
19551218,97,15
19551219,66,22
19551220,32,2
19551221,26,-5
19551222,11,-22
19551223,-3,-30
19551224,24,-18
19551225,44,7
19551226,51,-6
19551227,17,-18
19551228,22,-17
19551229,55,-6
19551230,92,12
19551231,69,23
19560101,55,-13
19560102,30,-31
19560103,58,-3
19560104,26,-24
19560105,26,-38
19560106,30,7
19560107,14,-5
19560108,-1,-15
19560109,11,-15
19560110,51,-18
19560111,105,30
19560112,118,28
19560113,113,82
19560114,84,53
19560115,108,46
19560116,122,67
19560117,111,64
19560118,150,65
19560119,119,43
19560120,65,37
19560121,121,37
19560122,138,51
19560123,119,45
19560124,131,74
19560125,90,2
19560126,29,-10
19560127,54,-1
19560128,55,-23
19560129,2,-40
19560130,-20,-62
19560131,-62,-99
19560201,-94,-125
19560202,-100,-134
19560203,-67,-109
19560204,-71,-104
19560205,-62,-126
19560206,-49,-131
19560207,-10,-80
19560208,-48,-97
19560209,-66,-173
19560210,-118,-175
19560211,-47,-120
19560212,-37,-98
19560213,-66,-108
19560214,-57,-103
19560215,-46,-165
19560216,-78,-194
19560217,-69,-188
19560218,-66,-103
19560219,-8,-78
19560220,21,-54
19560221,-1,-32
19560222,1,-52
19560223,-2,-98
19560224,1,-62
19560225,-1,-32
19560226,-18,-53
19560227,-5,-42
19560228,20,-122
19560229,68,-28
19560301,97,3
19560302,96,-27
19560303,110,59
19560304,102,46
19560305,99,8
19560306,69,-11
19560307,111,12
19560308,19,-24
19560309,17,-30
19560310,34,-35
19560311,0,-44
19560312,-2,-44
19560313,11,-22
19560314,34,-16
19560315,62,-19
19560316,88,-13
19560317,66,3
19560318,17,5
19560319,64,-1
19560320,16,-6
19560321,25,-7
19560322,116,6
19560323,143,48
19560324,54,20
19560325,88,26
19560326,79,18
19560327,51,37
19560328,82,23
19560329,111,6
19560330,154,10
19560331,166,33
19560401,173,85
19560402,145,81
19560403,167,47
19560404,179,77
19560405,77,31
19560406,80,19
19560407,81,15
19560408,66,-3
19560409,133,-11
19560410,181,68
19560411,183,73
19560412,189,81
19560413,163,82
19560414,162,110
19560415,194,119
19560416,211,117
19560417,220,136
19560418,142,69
19560419,132,49
19560420,101,36
19560421,129,23
19560422,93,75
19560423,199,86
19560424,161,93
19560425,160,98
19560426,186,95
19560427,170,105
19560428,190,109
19560429,147,105
19560430,155,89
19560501,157,83
19560502,125,56
19560503,182,104
19560504,209,132
19560505,209,107
19560506,225,101
19560507,254,104
19560508,274,129
19560509,270,151
19560510,252,128
19560511,166,111
19560512,181,98
19560513,188,105
19560514,148,108
19560515,189,106
19560516,195,116
19560517,246,102
19560518,233,128
19560519,243,122
19560520,135,63
19560521,164,55
19560522,224,100
19560523,247,136
19560524,252,144
19560525,205,127
19560526,236,123
19560527,268,147
19560528,269,151
19560529,229,178
19560530,270,183
19560531,280,162
19560601,210,132
19560602,221,133
19560603,243,151
19560604,262,149
19560605,281,142
19560606,290,156
19560607,293,153
19560608,283,144
19560609,183,111
19560610,213,102
19560611,174,111
19560612,275,122
19560613,270,155
19560614,281,168
19560615,259,147
19560616,181,125
19560617,195,142
19560618,195,127
19560619,206,157
19560620,250,156
19560621,155,118
19560622,170,124
19560623,131,108
19560624,226,117
19560625,242,141
19560626,205,134
19560627,250,128
19560628,247,139
19560629,241,141
19560630,248,151
19560701,280,156
19560702,282,157
19560703,221,174
19560704,260,167
19560705,277,160
19560706,303,173
19560707,273,198
19560708,303,178
19560709,274,210
19560710,282,195
19560711,283,173
19560712,242,164
19560713,287,167
19560714,304,172
19560715,262,181
19560716,234,163
19560717,234,161
19560718,265,136
19560719,291,161
19560720,275,170
19560721,247,161
19560722,250,149
19560723,257,171
19560724,262,159
19560725,239,168
19560726,268,169
19560727,303,157
19560728,308,182
19560729,326,183
19560730,306,191
19560731,262,200
19560801,251,183
19560802,273,163
19560803,205,131
19560804,225,121
19560805,222,158
19560806,266,162
19560807,313,163
19560808,235,174
19560809,266,149
19560810,283,163
19560811,302,173
19560812,251,143
19560813,238,125
19560814,292,133
19560815,216,134
19560816,243,115
19560817,282,144
19560818,292,176
19560819,302,184
19560820,284,166
19560821,322,179
19560822,240,167
19560823,232,153
19560824,233,141
19560825,255,139
19560826,288,184
19560827,293,164
19560828,261,189
19560829,253,194
19560830,240,164
19560831,234,144
19560901,261,137
19560902,302,162
19560903,308,178
19560904,259,178
19560905,245,150
19560906,270,138
19560907,264,164
19560908,230,164
19560909,262,130
19560910,285,160
19560911,287,171
19560912,219,147
19560913,177,126
19560914,186,105
19560915,200,98
19560916,223,86
19560917,233,118
19560918,180,126
19560919,186,83
19560920,198,76
19560921,219,69
19560922,231,94
19560923,228,152
19560924,235,166
19560925,219,140
19560926,181,132
19560927,225,125
19560928,223,154
19560929,233,115
19560930,252,131
19561001,239,128
19561002,250,130
19561003,255,129
19561004,220,117
19561005,132,105
19561006,117,52
19561007,119,47
19561008,119,66
19561009,121,61
19561010,137,70
19561011,118,37
19561012,163,24
19561013,182,45
19561014,190,62
19561015,176,81
19561016,167,106
19561017,158,59
19561018,151,50
19561019,151,84
19561020,189,81
19561021,201,79
19561022,190,84
19561023,173,78
19561024,151,55
19561025,113,51
19561026,137,61
19561027,158,87
19561028,106,48
19561029,130,42
19561030,110,62
19561031,81,50
19561101,52,29
19561102,44,27
19561103,57,20
19561104,63,13
19561105,82,-3
19561106,94,18
19561107,156,30
19561108,129,32
19561109,38,5
19561110,54,9
19561111,50,-5
19561112,75,26
19561113,76,53
19561114,72,55
19561115,79,59
19561116,66,43
19561117,86,16
19561118,21,-19
19561119,45,3
19561120,3,-22
19561121,-4,-16
19561122,-15,-34
19561123,2,-24
19561124,7,-13
19561125,7,-60
19561126,61,-68
19561127,113,21
19561128,102,60
19561129,90,10
19561130,27,12
19561201,31,12
19561202,20,-11
19561203,90,-28
19561204,88,4
19561205,72,13
19561206,56,2
19561207,50,13
19561208,40,15
19561209,51,-6
19561210,34,-24
19561211,48,-13
19561212,37,-7
19561213,84,-8
19561214,82,52
19561215,50,9
19561216,105,0
19561217,86,19
19561218,43,-3
19561219,2,-9
19561220,6,-10
19561221,10,-6
19561222,5,-11
19561223,9,-13
19561224,11,-9
19561225,10,-18
19561226,0,-47
19561227,-6,-37
19561228,-8,-39
19561229,-25,-48
19561230,-24,-42
19561231,-4,-34
19570101,-3,-23
19570102,15,-27
19570103,16,4
19570104,14,1
19570105,13,-16
19570106,25,-19
19570107,72,7
19570108,50,-24
19570109,43,-24
19570110,37,-29
19570111,38,-21
19570112,22,-40
19570113,8,-17
19570114,-4,-21
19570115,10,-21
19570116,-11,-38
19570117,-29,-51
19570118,-28,-95
19570119,-50,-139
19570120,-44,-127
19570121,-53,-146
19570122,-93,-159
19570123,-80,-126
19570124,-57,-85
19570125,13,-59
19570126,43,-6
19570127,18,-59
19570128,61,-6
19570129,51,-15
19570130,24,-59
19570131,18,-71
19570201,33,-39
19570202,89,15
19570203,96,7
19570204,78,-1
19570205,77,-8
19570206,123,56
19570207,121,44
19570208,122,30
19570209,133,82
19570210,122,39
19570211,108,53
19570212,87,29
19570213,115,47
19570214,125,76
19570215,137,58
19570216,126,60
19570217,122,30
19570218,170,65
19570219,84,26
19570220,84,11
19570221,70,36
19570222,64,20
19570223,83,15
19570224,91,23
19570225,110,65
19570226,131,53
19570227,70,35
19570228,60,27
19570301,33,-6
19570302,26,-13
19570303,45,-19
19570304,96,-29
19570305,140,2
19570306,140,65
19570307,109,68
19570308,131,60
19570309,134,18
19570310,81,15
19570311,102,2
19570312,117,0
19570313,150,15
19570314,202,24
19570315,190,94
19570316,159,92
19570317,199,106
19570318,162,99
19570319,197,84
19570320,217,113
19570321,217,120
19570322,195,112
19570323,214,111
19570324,204,97
19570325,169,62
19570326,85,30
19570327,117,20
19570328,153,28
19570329,162,70
19570330,132,47
19570331,120,61
19570401,151,79
19570402,141,82
19570403,129,92
19570404,200,109
19570405,201,120
19570406,201,78
19570407,203,68
19570408,92,65
19570409,72,43
19570410,86,38
19570411,140,59
19570412,99,37
19570413,92,34
19570414,82,48
19570415,93,34
19570416,121,41
19570417,161,57
19570418,152,78
19570419,148,74
19570420,174,81
19570421,109,55
19570422,152,37
19570423,169,84
19570424,174,76
19570425,165,102
19570426,200,83
19570427,229,101
19570428,247,96
19570429,251,110
19570430,236,127
19570501,160,106
19570502,147,97
19570503,163,100
19570504,192,99
19570505,129,53
19570506,63,21
19570507,101,21
19570508,135,36
19570509,172,25
19570510,189,59
19570511,213,73
19570512,230,83
19570513,235,110
19570514,225,124
19570515,245,125
19570516,250,131
19570517,190,124
19570518,220,111
19570519,252,127
19570520,208,151
19570521,177,142
19570522,190,125
19570523,204,122
19570524,233,138
19570525,183,105
19570526,105,74
19570527,103,76
19570528,94,77
19570529,159,75
19570530,159,77
19570531,195,123
19570601,227,115
19570602,260,116
19570603,274,134
19570604,234,153
19570605,244,149
19570606,231,139
19570607,271,142
19570608,280,165
19570609,272,165
19570610,293,153
19570611,284,187
19570612,300,189
19570613,290,227
19570614,278,202
19570615,278,178
19570616,283,163
19570617,288,167
19570618,255,167
19570619,282,163
19570620,305,180
19570621,311,190
19570622,320,200
19570623,294,192
19570624,299,177
19570625,289,162
19570626,181,145
19570627,227,148
19570628,250,160
19570629,293,184
19570630,305,191
19570701,324,204
19570702,331,211
19570703,320,215
19570704,344,212
19570705,351,222
19570706,360,211
19570707,366,222
19570708,370,236
19570709,339,227
19570710,309,202
19570711,218,152
19570712,247,153
19570713,279,178
19570714,292,184
19570715,249,167
19570716,235,141
19570717,244,145
19570718,262,151
19570719,276,160
19570720,236,154
19570721,260,129
19570722,220,115
19570723,173,123
19570724,244,145
19570725,258,140
19570726,268,158
19570727,270,168
19570728,214,131
19570729,221,109
19570730,244,148
19570731,224,165
19570801,250,148
19570802,263,152
19570803,250,180
19570804,233,154
19570805,244,150
19570806,261,150
19570807,287,163
19570808,280,194
19570809,314,193
19570810,286,197
19570811,307,168
19570812,330,190
19570813,310,205
19570814,292,205
19570815,288,190
19570816,300,173
19570817,233,154
19570818,262,145
19570819,224,158
19570820,185,144
19570821,202,149
19570822,196,129
19570823,207,87
19570824,239,141
19570825,213,148
19570826,172,136
19570827,222,110
19570828,201,129
19570829,203,112
19570830,196,117
19570831,210,107
19570901,224,117
19570902,225,131
19570903,189,134
19570904,168,131
19570905,223,156
19570906,227,118
19570907,244,138
19570908,256,135
19570909,264,156
19570910,239,170
19570911,249,156
19570912,260,125
19570913,166,115
19570914,171,120
19570915,182,91
19570916,168,109
19570917,183,71
19570918,207,120
19570919,221,121
19570920,232,132
19570921,233,132
19570922,239,133
19570923,227,142
19570924,255,170
19570925,197,101
19570926,141,101
19570927,156,90
19570928,181,61
19570929,196,91
19570930,160,73
19571001,86,57
19571002,105,56
19571003,121,83
19571004,154,43
19571005,135,69
19571006,145,53
19571007,147,48
19571008,167,67
19571009,175,89
19571010,180,113
19571011,165,109
19571012,170,94
19571013,157,123
19571014,179,85
19571015,179,80
19571016,168,87
19571017,146,60
19571018,150,51
19571019,229,107
19571020,207,131
19571021,139,102
19571022,114,102
19571023,140,104
19571024,127,63
19571025,133,58
19571026,143,57
19571027,132,105
19571028,126,103
19571029,148,100
19571030,154,87
19571031,128,54
19571101,158,46
19571102,150,72
19571103,139,100
19571104,168,66
19571105,191,86
19571106,216,114
19571107,153,127
19571108,136,119
19571109,161,107
19571110,144,104
19571111,155,103
19571112,119,81
19571113,88,66
19571114,95,58
19571115,75,47
19571116,69,49
19571117,63,52
19571118,57,40
19571119,40,29
19571120,42,21
19571121,33,23
19571122,39,27
19571123,52,31
19571124,63,3
19571125,66,2
19571126,93,33
19571127,96,23
19571128,76,13
19571129,92,2
19571130,55,-26
19571201,-5,-32
19571202,11,-54
19571203,59,-1
19571204,29,-26
19571205,22,-31
19571206,45,-11
19571207,35,-26
19571208,83,-7
19571209,130,76
19571210,96,51
19571211,62,31
19571212,149,45
19571213,165,109
19571214,135,84
19571215,86,41
19571216,41,11
19571217,18,5
19571218,29,6
19571219,42,-1
19571220,33,21
19571221,27,2
19571222,5,-22
19571223,-10,-30
19571224,41,-38
19571225,88,-4
19571226,69,-15
19571227,-6,-22
19571228,-8,-25
19571229,6,-9
19571230,-1,-16
19571231,26,-13
19580101,14,-11
19580102,8,-26
19580103,6,-25
19580104,5,-38
19580105,-18,-38
19580106,32,-26
19580107,106,9
19580108,54,-4
19580109,67,-11
19580110,93,38
19580111,54,0
19580112,100,45
19580113,71,40
19580114,85,44
19580115,65,34
19580116,40,25
19580117,63,24
19580118,58,5
19580119,65,-7
19580120,126,24
19580121,95,-19
19580122,-18,-85
19580123,-25,-83
19580124,-55,-79
19580125,-37,-89
19580126,-54,-109
19580127,-95,-133
19580128,-61,-124
19580129,-63,-131
19580130,-38,-130
19580131,-8,-113
19580201,-5,-89
19580202,-10,-77
19580203,-13,-87
19580204,8,-87
19580205,79,-20
19580206,111,66
19580207,130,18
19580208,47,18
19580209,156,44
19580210,147,74
19580211,150,97
19580212,175,105
19580213,181,105
19580214,175,76
19580215,167,75
19580216,179,71
19580217,155,100
19580218,126,-12
19580219,9,-13
19580220,27,-72
19580221,64,-22
19580222,84,11
19580223,44,-46
19580224,105,17
19580225,130,65
19580226,164,96
19580227,109,13
19580228,17,-12
19580301,28,-20
19580302,59,-31
19580303,54,-1
19580304,46,6
19580305,58,-21
19580306,97,-20
19580307,56,-2
19580308,29,8
19580309,66,-13
19580310,45,6
19580311,65,-5
19580312,51,4
19580313,53,-27
19580314,84,7
19580315,42,-13
19580316,69,-23
19580317,66,-4
19580318,72,11
19580319,84,21
19580320,118,-16
19580321,74,-8
19580322,2,-23
19580323,21,-32
19580324,42,-27
19580325,66,-30
19580326,89,13
19580327,136,46
19580328,160,70
19580329,178,74
19580330,147,97
19580331,117,44
19580401,82,-6
19580402,91,14
19580403,149,49
19580404,166,94
19580405,179,89
19580406,130,73
19580407,104,51
19580408,84,35
19580409,93,15
19580410,113,10
19580411,86,15
19580412,97,27
19580413,134,72
19580414,123,79
19580415,98,59
19580416,170,40
19580417,97,59
19580418,104,52
19580419,135,50
19580420,195,57
19580421,215,83
19580422,213,100
19580423,145,68
19580424,153,78
19580425,175,55
19580426,183,87
19580427,196,61
19580428,148,50
19580429,162,58
19580430,154,99
19580501,173,73
19580502,200,120
19580503,238,85
19580504,226,109
19580505,197,71
19580506,238,122
19580507,250,120
19580508,270,142
19580509,288,161
19580510,296,167
19580511,310,180
19580512,310,173
19580513,282,171
19580514,308,171
19580515,289,160
19580516,232,150
19580517,179,113
19580518,200,113
19580519,233,100
19580520,240,136
19580521,263,152
19580522,242,144
19580523,268,157
19580524,272,155
19580525,294,156
19580526,300,170
19580527,323,172
19580528,298,193
19580529,231,150
19580530,239,152
19580531,270,166
19580601,261,151
19580602,296,164
19580603,320,165
19580604,241,173
19580605,203,141
19580606,249,120
19580607,246,154
19580608,251,149
19580609,290,142
19580610,232,160
19580611,173,139
19580612,156,118
19580613,136,118
19580614,176,123
19580615,230,115
19580616,248,114
19580617,261,133
19580618,280,140
19580619,269,150
19580620,270,162
19580621,227,181
19580622,187,152
19580623,225,152
19580624,264,154
19580625,252,150
19580626,271,143
19580627,235,145
19580628,163,124
19580629,279,156
19580630,277,165
19580701,269,148
19580702,279,165
19580703,300,177
19580704,285,162
19580705,266,159
19580706,263,163
19580707,284,161
19580708,258,172
19580709,248,160
19580710,263,147
19580711,290,163
19580712,302,177
19580713,320,191
19580714,312,204
19580715,327,208
19580716,347,212
19580717,291,168
19580718,254,165
19580719,272,162
19580720,297,163
19580721,266,188
19580722,296,180
19580723,228,151
19580724,226,135
19580725,239,132
19580726,253,124
19580727,287,153
19580728,302,180
19580729,326,190
19580730,294,192
19580731,323,209
19580801,338,222
19580802,343,248
19580803,289,195
19580804,208,159
19580805,255,131
19580806,266,143
19580807,298,158
19580808,244,158
19580809,277,138
19580810,300,168
19580811,304,196
19580812,320,214
19580813,253,188
19580814,257,156
19580815,303,145
19580816,312,187
19580817,300,197
19580818,322,204
19580819,341,191
19580820,277,195
19580821,283,156
19580822,264,169
19580823,281,172
19580824,268,154
19580825,280,150
19580826,212,145
19580827,237,123
19580828,252,126
19580829,257,146
19580830,262,142
19580831,239,151
19580901,246,155
19580902,240,150
19580903,206,166
19580904,217,129
19580905,236,113
19580906,254,124
19580907,275,123
19580908,296,123
19580909,270,147
19580910,221,153
19580911,218,139
19580912,196,139
19580913,217,113
19580914,220,117
19580915,226,113
19580916,251,110
19580917,252,147
19580918,244,165
19580919,219,165
19580920,229,134
19580921,270,135
19580922,268,177
19580923,198,124
19580924,218,109
19580925,244,126
19580926,185,119
19580927,191,98
19580928,171,96
19580929,176,70
19580930,221,79
19581001,200,142
19581002,194,158
19581003,228,144
19581004,230,105
19581005,231,145
19581006,192,141
19581007,190,128
19581008,202,148
19581009,199,163
19581010,210,159
19581011,204,133
19581012,216,123
19581013,203,114
19581014,165,96
19581015,188,103
19581016,158,87
19581017,136,46
19581018,149,50
19581019,108,37
19581020,103,18
19581021,111,67
19581022,92,67
19581023,109,45
19581024,127,41
19581025,145,70
19581026,141,40
19581027,132,77
19581028,116,56
19581029,111,76
19581030,101,48
19581031,131,32
19581101,112,67
19581102,102,56
19581103,104,28
19581104,104,43
19581105,120,54
19581106,73,25
19581107,92,58
19581108,101,71
19581109,93,79
19581110,101,76
19581111,96,73
19581112,138,93
19581113,136,98
19581114,123,92
19581115,114,91
19581116,103,81
19581117,99,81
19581118,102,85
19581119,93,49
19581120,68,44
19581121,64,46
19581122,64,43
19581123,56,43
19581124,52,36
19581125,41,24
19581126,39,26
19581127,30,17
19581128,35,22
19581129,29,16
19581130,55,22
19581201,59,36
19581202,45,-4
19581203,-2,-25
19581204,7,-37
19581205,15,-22
19581206,17,-53
19581207,13,-44
19581208,-9,-59
19581209,-1,-67
19581210,36,-5
19581211,64,-13
19581212,90,38
19581213,101,7
19581214,158,100
19581215,102,49
19581216,84,46
19581217,152,67
19581218,118,70
19581219,130,57
19581220,110,67
19581221,149,77
19581222,130,80
19581223,109,65
19581224,121,89
19581225,93,60
19581226,75,56
19581227,83,46
19581228,115,46
19581229,78,45
19581230,96,29
19581231,129,46
19590101,104,62
19590102,78,36
19590103,57,10
19590104,40,1
19590105,28,-18
19590106,54,-41
19590107,87,45
19590108,82,10
19590109,18,-3
19590110,-3,-60
19590111,-31,-82
19590112,-6,-80
19590113,6,-28
19590114,27,-47
19590115,62,8
19590116,13,-34
19590117,9,-33
19590118,-9,-97
19590119,0,-76
19590120,80,-43
19590121,125,60
19590122,127,81
19590123,116,80
19590124,133,45
19590125,66,13
19590126,51,-4
19590127,38,-4
19590128,36,-1
19590129,46,-4
19590130,43,6
19590131,43,-20
19590201,19,-1
19590202,35,-1
19590203,10,-5
19590204,9,-33
19590205,0,-56
19590206,-35,-64
19590207,-42,-54
19590208,-41,-53
19590209,-30,-56
19590210,-26,-46
19590211,-29,-40
19590212,-28,-40
19590213,-28,-58
19590214,-7,-81
19590215,23,-85
19590216,42,-48
19590217,40,-22
19590218,60,-10
19590219,86,-18
19590220,108,-6
19590221,126,48
19590222,59,-10
19590223,51,-12
19590224,115,-15
19590225,137,19
19590226,140,24
19590227,150,32
19590228,153,35
19590301,154,35
19590302,155,60
19590303,167,48
19590304,156,84
19590305,180,112
19590306,182,110
19590307,218,123
19590308,172,102
19590309,161,54
19590310,124,47
19590311,70,8
19590312,40,8
19590313,45,20
19590314,72,39
19590315,52,31
19590316,72,32
19590317,76,54
19590318,113,57
19590319,137,54
19590320,105,57
19590321,143,69
19590322,177,54
19590323,197,83
19590324,205,81
19590325,200,114
19590326,184,92
19590327,129,68
19590328,171,48
19590329,136,89
19590330,111,82
19590331,114,95
19590401,126,93
19590402,174,105
19590403,165,59
19590404,196,51
19590405,227,124
19590406,216,115
19590407,183,49
19590408,178,30
19590409,194,108
19590410,178,95
19590411,172,75
19590412,199,54
19590413,218,112
19590414,214,126
19590415,219,112
19590416,215,112
19590417,169,124
19590418,136,97
19590419,150,94
19590420,133,59
19590421,102,25
19590422,112,40
19590423,136,59
19590424,161,26
19590425,158,74
19590426,188,76
19590427,200,79
19590428,187,81
19590429,212,115
19590430,156,117
19590501,163,90
19590502,175,98
19590503,156,94
19590504,181,91
19590505,206,83
19590506,231,99
19590507,239,130
19590508,236,115
19590509,227,124
19590510,228,139
19590511,243,133
19590512,205,133
19590513,192,94
19590514,206,96
19590515,154,89
19590516,218,127
19590517,201,120
19590518,243,133
19590519,261,130
19590520,263,133
19590521,278,139
19590522,221,160
19590523,166,129
19590524,199,107
19590525,214,105
19590526,230,101
19590527,252,116
19590528,190,115
19590529,200,134
19590530,151,122
19590531,205,124
19590601,153,131
19590602,223,136
19590603,233,110
19590604,229,140
19590605,220,133
19590606,241,118
19590607,264,135
19590608,270,157
19590609,281,161
19590610,172,109
19590611,136,103
19590612,136,96
19590613,211,110
19590614,180,143
19590615,236,143
19590616,248,132
19590617,230,140
19590618,283,155
19590619,278,171
19590620,292,168
19590621,287,191
19590622,277,171
19590623,246,164
19590624,245,146
19590625,255,132
19590626,274,177
19590627,225,178
19590628,264,155
19590629,282,150
19590630,159,121
19590701,230,138
19590702,239,147
19590703,263,167
19590704,244,178
19590705,248,155
19590706,261,178
19590707,248,185
19590708,272,168
19590709,291,186
19590710,302,198
19590711,315,194
19590712,318,199
19590713,314,208
19590714,303,211
19590715,257,175
19590716,228,166
19590717,253,159
19590718,234,154
19590719,219,175
19590720,254,173
19590721,266,185
19590722,264,190
19590723,269,183
19590724,284,189
19590725,249,172
19590726,260,182
19590727,276,183
19590728,304,185
19590729,303,190
19590730,297,196
19590731,252,169
19590801,235,140
19590802,249,151
19590803,192,149
19590804,240,136
19590805,227,158
19590806,231,142
19590807,236,160
19590808,259,158
19590809,278,176
19590810,297,174
19590811,283,193
19590812,235,172
19590813,224,165
19590814,246,175
19590815,269,171
19590816,221,168
19590817,170,133
19590818,218,148
19590819,246,177
19590820,241,161
19590821,263,165
19590822,269,169
19590823,272,179
19590824,281,184
19590825,289,185
19590826,286,177
19590827,287,181
19590828,238,178
19590829,209,170
19590830,186,128
19590831,192,126
19590901,200,101
19590902,201,105
19590903,178,116
19590904,215,141
19590905,195,113
19590906,208,140
19590907,202,132
19590908,210,112
19590909,214,104
19590910,223,126
19590911,237,115
19590912,240,127
19590913,250,122
19590914,245,140
19590915,225,170
19590916,250,133
19590917,187,125
19590918,170,120
19590919,175,70
19590920,189,69
19590921,202,70
19590922,227,100
19590923,239,114
19590924,233,148
19590925,193,141
19590926,162,127
19590927,163,137
19590928,173,126
19590929,143,79
19590930,141,62
19591001,141,40
19591002,157,33
19591003,177,46
19591004,178,63
19591005,152,80
19591006,105,55
19591007,130,56
19591008,135,32
19591009,172,47
19591010,163,72
19591011,134,80
19591012,158,68
19591013,141,45
19591014,138,70
19591015,142,40
19591016,135,30
19591017,150,25
19591018,169,31
19591019,173,51
19591020,194,66
19591021,192,59
19591022,171,89
19591023,162,115
19591024,147,59
19591025,193,45
19591026,144,89
19591027,192,80
19591028,199,159
19591029,188,115
19591030,118,72
19591031,88,59
19591101,105,31
19591102,127,61
19591103,103,82
19591104,126,69
19591105,83,59
19591106,65,41
19591107,63,37
19591108,72,40
19591109,61,39
19591110,69,49
19591111,71,28
19591112,71,41
19591113,95,68
19591114,78,67
19591115,83,69
19591116,90,61
19591117,61,10
19591118,135,54
19591119,161,99
19591120,128,54
19591121,81,60
19591122,72,31
19591123,46,2
19591124,25,-9
19591125,56,-2
19591126,82,14
19591127,123,42
19591128,119,77
19591129,122,64
19591130,111,75
19591201,137,85
19591202,121,100
19591203,118,71
19591204,85,68
19591205,74,48
19591206,55,42
19591207,52,42
19591208,65,34
19591209,75,33
19591210,90,2
19591211,101,70
19591212,90,32
19591213,77,43
19591214,47,18
19591215,38,14
19591216,29,19
19591217,54,22
19591218,34,-12
19591219,49,14
19591220,30,1
19591221,48,-20
19591222,58,33
19591223,54,3
19591224,77,23
19591225,87,30
19591226,117,25
19591227,130,55
19591228,63,44
19591229,87,20
19591230,95,25
19591231,93,68
19600101,69,10
19600102,71,22
19600103,62,27
19600104,57,31
19600105,73,36
19600106,36,0
19600107,37,-17
19600108,41,12
19600109,27,-31
19600110,-8,-52
19600111,-30,-76
19600112,-47,-74
19600113,-32,-76
19600114,-44,-96
19600115,-74,-108
19600116,-68,-89
19600117,-37,-81
19600118,-29,-63
19600119,-31,-120
19600120,55,-60
19600121,53,-36
19600122,22,-39
19600123,4,-65
19600124,46,-27
19600125,92,30
19600126,125,63
19600127,136,78
19600128,160,94
19600129,171,98
19600130,103,14
19600131,36,-3
19600201,-3,-42
19600202,-31,-63
19600203,-15,-54
19600204,-22,-45
19600205,-26,-76
19600206,-33,-84
19600207,-23,-64
19600208,-23,-73
19600209,-1,-52
19600210,13,-37
19600211,80,-38
19600212,101,43
19600213,110,42
19600214,73,30
19600215,49,21
19600216,31,-16
19600217,47,-9
19600218,42,22
19600219,130,17
19600220,64,37
19600221,84,40
19600222,99,20
19600223,123,74
19600224,144,73
19600225,130,38
19600226,150,82
19600227,121,60
19600228,177,49
19600229,209,100
19600301,162,88
19600302,147,72
19600303,111,82
19600304,131,40
19600305,110,59
19600306,59,1
19600307,31,-7
19600308,10,-10
19600309,25,-12
19600310,23,-6
19600311,23,2
19600312,42,19
19600313,84,17
19600314,131,15
19600315,159,66
19600316,152,99
19600317,113,82
19600318,86,56
19600319,59,28
19600320,41,24
19600321,98,31
19600322,134,44
19600323,129,37
19600324,144,27
19600325,140,68
19600326,155,76
19600327,182,90
19600328,172,64
19600329,182,94
19600330,161,94
19600331,150,97
19600401,119,91
19600402,161,85
19600403,169,69
19600404,164,71
19600405,157,65
19600406,179,61
19600407,221,86
19600408,233,94
19600409,221,107
19600410,161,94
19600411,185,54
19600412,181,93
19600413,164,111
19600414,201,92
19600415,147,96
19600416,102,76
19600417,153,80
19600418,166,92
19600419,199,119
19600420,139,100
19600421,180,101
19600422,178,107
19600423,172,95
19600424,148,79
19600425,113,23
19600426,130,4
19600427,105,22
19600428,107,66
19600429,118,53
19600430,121,47
19600501,85,52
19600502,154,18
19600503,162,62
19600504,155,78
19600505,120,81
19600506,120,83
19600507,130,90
19600508,145,96
19600509,157,91
19600510,192,85
19600511,213,107
19600512,214,134
19600513,220,148
19600514,228,142
19600515,188,130
19600516,227,141
19600517,288,144
19600518,272,172
19600519,285,168
19600520,241,174
19600521,262,135
19600522,254,137
19600523,239,121
19600524,240,134
19600525,205,136
19600526,205,100
19600527,182,97
19600528,193,101
19600529,232,135
19600530,176,138
19600531,217,132
19600601,263,141
19600602,280,154
19600603,282,148
19600604,260,133
19600605,271,153
19600606,286,155
19600607,295,161
19600608,274,177
19600609,273,170
19600610,281,178
19600611,242,145
19600612,259,136
19600613,283,145
19600614,307,176
19600615,251,157
19600616,233,146
19600617,255,143
19600618,270,170
19600619,300,157
19600620,283,160
19600621,216,141
19600622,244,120
19600623,266,146
19600624,281,152
19600625,246,180
19600626,251,169
19600627,252,161
19600628,281,179
19600629,210,141
19600630,177,110
19600701,208,91
19600702,220,117
19600703,215,138
19600704,210,139
19600705,253,121
19600706,277,136
19600707,264,180
19600708,303,170
19600709,244,148
19600710,251,137
19600711,286,141
19600712,280,166
19600713,248,142
19600714,259,144
19600715,262,150
19600716,262,169
19600717,249,164
19600718,287,152
19600719,302,191
19600720,305,204
19600721,290,180
19600722,258,170
19600723,205,110
19600724,199,107
19600725,220,123
19600726,235,157
19600727,260,158
19600728,181,134
19600729,240,104
19600730,257,140
19600731,276,160
19600801,301,172
19600802,259,174
19600803,208,157
19600804,257,150
19600805,280,156
19600806,237,185
19600807,248,163
19600808,239,154
19600809,242,153
19600810,258,157
19600811,276,160
19600812,290,163
19600813,243,155
19600814,234,144
19600815,263,136
19600816,238,145
19600817,258,145
19600818,291,162
19600819,262,165
19600820,222,146
19600821,251,139
19600822,256,160
19600823,286,150
19600824,293,184
19600825,304,190
19600826,321,185
19600827,308,189
19600828,309,207
19600829,272,204
19600830,267,162
19600831,215,135
19600901,235,123
19600902,236,144
19600903,247,151
19600904,275,144
19600905,219,167
19600906,179,128
19600907,205,113
19600908,175,108
19600909,178,114
19600910,196,85
19600911,211,95
19600912,218,105
19600913,218,117
19600914,215,119
19600915,230,140
19600916,267,149
19600917,250,153
19600918,231,173
19600919,249,163
19600920,217,157
19600921,178,122
19600922,157,122
19600923,147,122
19600924,178,112
19600925,182,98
19600926,177,69
19600927,136,95
19600928,146,104
19600929,146,119
19600930,144,112
19601001,195,114
19601002,190,102
19601003,187,109
19601004,187,127
19601005,179,113
19601006,207,118
19601007,185,128
19601008,187,118
19601009,206,105
19601010,206,137
19601011,137,94
19601012,130,73
19601013,104,44
19601014,144,34
19601015,162,97
19601016,141,94
19601017,124,71
19601018,126,37
19601019,142,39
19601020,150,75
19601021,156,115
19601022,187,85
19601023,210,116
19601024,223,129
19601025,193,132
19601026,164,133
19601027,190,110
19601028,178,118
19601029,192,100
19601030,181,128
19601031,180,105
19601101,137,65
19601102,184,109
19601103,127,103
19601104,179,67
19601105,222,127
19601106,128,92
19601107,114,80
19601108,114,71
19601109,104,65
19601110,110,66
19601111,120,49
19601112,123,63
19601113,123,90
19601114,106,70
19601115,99,55
19601116,137,32
19601117,108,70
19601118,93,51
19601119,83,23
19601120,124,57
19601121,117,20
19601122,152,83
19601123,117,88
19601124,88,57
19601125,83,64
19601126,105,65
19601127,91,18
19601128,136,75
19601129,106,39
19601130,67,0
19601201,77,0
19601202,106,14
19601203,86,28
19601204,122,32
19601205,150,118
19601206,162,121
19601207,136,123
19601208,135,84
19601209,99,77
19601210,121,71
19601211,109,65
19601212,65,13
19601213,13,4
19601214,34,5
19601215,48,-13
19601216,54,33
19601217,44,24
19601218,50,24
19601219,81,33
19601220,103,61
19601221,116,66
19601222,68,37
19601223,53,35
19601224,44,10
19601225,38,-5
19601226,34,-14
19601227,-3,-29
19601228,5,-12
19601229,13,-5
19601230,30,6
19601231,25,-6
19610101,5,-14
19610102,24,3
19610103,87,-6
19610104,117,55
19610105,69,37
19610106,50,12
19610107,51,7
19610108,58,30
19610109,52,19
19610110,49,19
19610111,60,15
19610112,56,-9
19610113,6,-21
19610114,-4,-44
19610115,-2,-16
19610116,14,-12
19610117,11,-61
19610118,-14,-65
19610119,-39,-91
19610120,-20,-99
19610121,-5,-79
19610122,19,-51
19610123,65,-15
19610124,42,1
19610125,2,-9
19610126,-2,-33
19610127,-20,-43
19610128,-26,-63
19610129,-18,-53
19610130,21,-76
19610131,85,9
19610201,80,17
19610202,60,-4
19610203,74,26
19610204,68,10
19610205,74,14
19610206,34,-6
19610207,24,-14
19610208,61,-14
19610209,52,14
19610210,114,26
19610211,94,22
19610212,83,27
19610213,115,37
19610214,82,52
19610215,105,19
19610216,114,18
19610217,94,50
19610218,109,2
19610219,92,-9
19610220,77,43
19610221,69,39
19610222,89,55
19610223,80,62
19610224,76,54
19610225,69,36
19610226,76,12
19610227,94,0
19610228,152,15
19610301,102,52
19610302,95,40
19610303,107,19
19610304,99,62
19610305,128,53
19610306,141,34
19610307,161,40
19610308,172,61
19610309,194,49
19610310,201,59
19610311,201,77
19610312,184,99
19610313,186,81
19610314,180,104
19610315,170,97
19610316,192,73
19610317,200,75
19610318,214,78
19610319,141,28
19610320,93,21
19610321,115,12
19610322,78,33
19610323,122,-3
19610324,158,28
19610325,172,49
19610326,174,51
19610327,201,61
19610328,112,47
19610329,148,8
19610330,172,74
19610331,164,111
19610401,181,100
19610402,189,89
19610403,175,113
19610404,203,92
19610405,227,89
19610406,243,114
19610407,269,125
19610408,261,156
19610409,203,126
19610410,191,116
19610411,202,97
19610412,207,143
19610413,214,92
19610414,244,91
19610415,224,120
19610416,211,110
19610417,184,113
19610418,192,136
19610419,168,123
19610420,203,121
19610421,199,104
19610422,191,109
19610423,178,106
19610424,130,97
19610425,183,103
19610426,201,89
19610427,177,109
19610428,204,100
19610429,181,111
19610430,136,114
19610501,189,101
19610502,205,107
19610503,230,110
19610504,228,108
19610505,241,122
19610506,261,136
19610507,224,148
19610508,177,108
19610509,189,84
19610510,164,80
19610511,152,80
19610512,141,83
19610513,159,76
19610514,204,82
19610515,160,109
19610516,144,100
19610517,149,75
19610518,167,59
19610519,165,103
19610520,182,114
19610521,192,107
19610522,166,114
19610523,202,118
19610524,190,119
19610525,229,107
19610526,254,116
19610527,252,134
19610528,242,143
19610529,217,136
19610530,200,101
19610531,226,106
19610601,257,135
19610602,225,131
19610603,183,135
19610604,197,138
19610605,241,134
19610606,252,156
19610607,230,147
19610608,223,146
19610609,260,146
19610610,244,144
19610611,191,144
19610612,224,136
19610613,238,136
19610614,196,145
19610615,233,126
19610616,249,149
19610617,258,153
19610618,268,157
19610619,290,161
19610620,256,195
19610621,280,170
19610622,275,180
19610623,275,179
19610624,300,182
19610625,313,189
19610626,309,196
19610627,313,207
19610628,256,177
19610629,236,155
19610630,256,142
19610701,278,163
19610702,299,175
19610703,308,182
19610704,321,197
19610705,248,146
19610706,208,145
19610707,235,124
19610708,247,137
19610709,259,156
19610710,264,139
19610711,285,177
19610712,273,178
19610713,269,173
19610714,231,135
19610715,282,157
19610716,261,157
19610717,241,144
19610718,227,138
19610719,256,134
19610720,209,155
19610721,258,136
19610722,246,167
19610723,207,150
19610724,226,150
19610725,240,143
19610726,263,144
19610727,291,156
19610728,294,177
19610729,230,120
19610730,199,117
19610731,234,105
19610801,252,123
19610802,263,166
19610803,253,152
19610804,248,154
19610805,268,146
19610806,291,162
19610807,294,183
19610808,299,197
19610809,320,207
19610810,329,215
19610811,339,206
19610812,296,208
19610813,244,167
19610814,237,135
19610815,260,144
19610816,194,129
19610817,203,103
19610818,226,135
19610819,258,122
19610820,207,120
19610821,232,93
19610822,261,136
19610823,230,145
19610824,238,129
19610825,235,158
19610826,253,137
19610827,266,146
19610828,287,157
19610829,268,176
19610830,268,162
19610831,258,162
19610901,250,162
19610902,259,142
19610903,258,133
19610904,279,137
19610905,281,156
19610906,250,172
19610907,262,155
19610908,201,131
19610909,187,128
19610910,190,134
19610911,205,129
19610912,216,103
19610913,248,122
19610914,269,143
19610915,265,175
19610916,261,192
19610917,264,147
19610918,272,144
19610919,282,145
19610920,273,165
19610921,255,154
19610922,241,140
19610923,234,124
19610924,221,90
19610925,233,99
19610926,236,108
19610927,224,126
19610928,254,121
19610929,263,140
19610930,271,148
19611001,264,153
19611002,200,147
19611003,189,144
19611004,173,143
19611005,188,132
19611006,203,133
19611007,180,118
19611008,164,131
19611009,160,121
19611010,193,86
19611011,195,100
19611012,185,88
19611013,187,114
19611014,151,86
19611015,166,66
19611016,191,58
19611017,184,99
19611018,186,143
19611019,156,105
19611020,108,80
19611021,148,57
19611022,133,97
19611023,120,90
19611024,133,99
19611025,158,85
19611026,148,76
19611027,203,102
19611028,203,118
19611029,142,100
19611030,122,108
19611031,145,92
19611101,103,42
19611102,88,54
19611103,130,50
19611104,117,26
19611105,63,8
19611106,60,19
19611107,63,48
19611108,62,37
19611109,130,27
19611110,159,103
19611111,109,78
19611112,111,60
19611113,127,102
19611114,135,62
19611115,110,77
19611116,87,64
19611117,89,66
19611118,82,12
19611119,78,10
19611120,61,0
19611121,40,-17
19611122,49,-42
19611123,120,-15
19611124,130,48
19611125,96,58
19611126,89,57
19611127,162,77
19611128,153,108
19611129,126,85
19611130,89,72
19611201,114,59
19611202,144,64
19611203,121,85
19611204,163,81
19611205,162,91
19611206,149,15
19611207,45,1
19611208,36,0
19611209,17,-32
19611210,8,-42
19611211,73,-30
19611212,109,53
19611213,118,43
19611214,56,-22
19611215,-22,-81
19611216,-9,-103
19611217,-35,-97
19611218,-24,-72
19611219,-16,-44
19611220,-5,-38
19611221,38,-58
19611222,16,-1
19611223,4,-38
19611224,-37,-67
19611225,-57,-85
19611226,-61,-90
19611227,-18,-61
19611228,-9,-30
19611229,10,-11
19611230,7,-13
19611231,113,3
19620101,119,37
19620102,39,12
19620103,12,-23
19620104,-15,-65
19620105,-48,-80
19620106,-48,-64
19620107,-6,-65
19620108,6,-69
19620109,-25,-86
19620110,48,-44
19620111,74,6
19620112,80,26
19620113,96,10
19620114,102,5
19620115,35,2
19620116,25,-16
19620117,26,-12
19620118,99,-11
19620119,108,22
19620120,52,-7
19620121,9,-16
19620122,113,-26
19620123,87,34
19620124,42,-11
19620125,64,-18
19620126,91,24
19620127,101,40
19620128,73,19
19620129,49,-45
19620130,-14,-59
19620131,-16,-46
19620201,-31,-52
19620202,-6,-45
19620203,26,-44
19620204,30,7
19620205,67,-9
19620206,70,9
19620207,86,18
19620208,72,7
19620209,58,11
19620210,62,24
19620211,54,5
19620212,73,-6
19620213,114,42
19620214,42,10
19620215,26,-7
19620216,22,-52
19620217,96,21
19620218,69,34
19620219,95,5
19620220,81,11
19620221,101,16
19620222,37,-8
19620223,-8,-27
19620224,4,-34
19620225,17,-33
19620226,12,-30
19620227,19,-3
19620228,32,-10
19620301,26,4
19620302,50,10
19620303,43,10
19620304,141,28
19620305,150,106
19620306,135,30
19620307,30,0
19620308,35,-10
19620309,42,-9
19620310,93,6
19620311,75,52
19620312,101,35
19620313,80,14
19620314,14,-20
19620315,-10,-42
19620316,2,-17
19620317,23,-33
19620318,39,-23
19620319,30,-18
19620320,37,-35
19620321,7,-23
19620322,20,-11
19620323,25,-1
19620324,22,-3
19620325,20,-2
19620326,54,9
19620327,92,-6
19620328,116,30
19620329,135,17
19620330,154,86
19620331,172,118
19620401,138,33
19620402,79,27
19620403,152,19
19620404,161,59
19620405,115,61
19620406,141,57
19620407,145,69
19620408,180,41
19620409,158,80
19620410,80,46
19620411,61,43
19620412,79,46
19620413,178,75
19620414,133,50
19620415,161,77
19620416,184,87
19620417,152,96
19620418,198,86
19620419,206,115
19620420,246,117
19620421,260,139
19620422,242,127
19620423,246,127
19620424,253,129
19620425,259,146
19620426,258,138
19620427,242,102
19620428,169,75
19620429,131,56
19620430,143,41
19620501,104,53
19620502,160,18
19620503,164,79
19620504,189,71
19620505,195,93
19620506,220,92
19620507,242,118
19620508,273,131
19620509,280,170
19620510,242,165
19620511,165,102
19620512,193,112
19620513,191,115
19620514,193,133
19620515,133,76
19620516,161,60
19620517,206,81
19620518,228,135
19620519,222,108
19620520,166,84
19620521,191,82
19620522,225,82
19620523,240,111
19620524,233,129
19620525,191,120
19620526,139,115
19620527,150,94
19620528,244,109
19620529,238,132
19620530,190,125
19620531,237,93
19620601,201,132
19620602,135,85
19620603,162,83
19620604,175,64
19620605,172,57
19620606,195,100
19620607,166,83
19620608,114,84
19620609,170,65
19620610,200,70
19620611,232,101
19620612,190,127
19620613,231,109
19620614,261,131
19620615,300,159
19620616,282,173
19620617,284,170
19620618,253,175
19620619,271,164
19620620,283,172
19620621,239,167
19620622,278,167
19620623,300,184
19620624,318,194
19620625,311,200
19620626,207,174
19620627,211,110
19620628,209,92
19620629,223,115
19620630,170,106
19620701,200,90
19620702,218,120
19620703,240,130
19620704,190,99
19620705,120,99
19620706,176,78
19620707,200,131
19620708,238,112
19620709,249,161
19620710,287,155
19620711,306,179
19620712,246,191
19620713,220,164
19620714,254,146
19620715,257,164
19620716,234,152
19620717,202,153
19620718,237,155
19620719,239,155
19620720,260,155
19620721,300,159
19620722,287,183
19620723,277,166
19620724,268,188
19620725,278,165
19620726,311,170
19620727,322,209
19620728,273,187
19620729,208,171
19620730,210,168
19620731,245,139
19620801,277,146
19620802,293,153
19620803,311,177
19620804,301,190
19620805,300,203
19620806,300,177
19620807,332,194
19620808,265,177
19620809,251,174
19620810,260,181
19620811,277,196
19620812,300,178
19620813,309,193
19620814,319,209
19620815,316,202
19620816,261,205
19620817,290,201
19620818,232,176
19620819,240,157
19620820,248,156
19620821,256,151
19620822,204,173
19620823,253,140
19620824,282,151
19620825,304,187
19620826,245,174
19620827,286,158
19620828,254,198
19620829,284,167
19620830,239,178
19620831,256,145
19620901,216,168
19620902,233,137
19620903,270,136
19620904,311,163
19620905,263,168
19620906,281,153
19620907,290,189
19620908,189,135
19620909,201,125
19620910,214,107
19620911,253,110
19620912,279,158
19620913,248,161
19620914,182,106
19620915,195,89
19620916,250,89
19620917,196,147
19620918,160,119
19620919,134,103
19620920,133,81
19620921,172,103
19620922,174,69
19620923,163,85
19620924,142,91
19620925,151,100
19620926,183,131
19620927,188,124
19620928,168,132
19620929,194,136
19620930,200,117
19621001,208,110
19621002,216,122
19621003,221,127
19621004,212,116
19621005,218,115
19621006,190,142
19621007,169,127
19621008,187,121
19621009,200,115
19621010,191,96
19621011,188,91
19621012,191,73
19621013,198,89
19621014,200,134
19621015,161,85
19621016,127,79
19621017,144,86
19621018,149,52
19621019,152,57
19621020,128,83
19621021,130,92
19621022,130,59
19621023,129,86
19621024,118,98
19621025,142,73
19621026,141,53
19621027,159,39
19621028,116,69
19621029,98,64
19621030,93,69
19621031,94,74
19621101,94,70
19621102,94,61
19621103,92,43
19621104,66,42
19621105,81,57
19621106,140,80
19621107,132,75
19621108,135,80
19621109,126,104
19621110,115,99
19621111,111,70
19621112,97,64
19621113,90,81
19621114,85,47
19621115,98,68
19621116,88,30
19621117,51,1
19621118,42,13
19621119,70,5
19621120,56,41
19621121,55,21
19621122,85,8
19621123,9,-9
19621124,-1,-18
19621125,13,-8
19621126,25,6
19621127,22,7
19621128,15,2
19621129,14,0
19621130,23,-2
19621201,47,-15
19621202,15,-14
19621203,-3,-30
19621204,8,-28
19621205,-4,-67
19621206,20,-37
19621207,-19,-65
19621208,-51,-69
19621209,-51,-71
19621210,-15,-52
19621211,5,-48
19621212,25,-52
19621213,67,12
19621214,42,7
19621215,37,6
19621216,91,32
19621217,93,37
19621218,37,9
19621219,28,-6
19621220,9,-30
19621221,-27,-62
19621222,-13,-56
19621223,-56,-104
19621224,-64,-94
19621225,-60,-72
19621226,-45,-77
19621227,-29,-68
19621228,-63,-122
19621229,-20,-95
19621230,7,-20
19621231,23,3
19630101,10,-17
19630102,3,-29
19630103,14,-8
19630104,12,-14
19630105,59,-15
19630106,68,27
19630107,54,13
19630108,28,14
19630109,32,10
19630110,10,-9
19630111,-7,-48
19630112,-47,-93
19630113,-78,-98
19630114,-70,-144
19630115,-75,-127
19630116,-83,-154
19630117,-83,-148
19630118,-90,-125
19630119,-85,-125
19630120,-61,-89
19630121,-43,-106
19630122,-71,-112
19630123,-95,-128
19630124,-67,-107
19630125,-26,-99
19630126,3,-53
19630127,1,-38
19630128,-21,-78
19630129,-70,-104
19630130,-61,-86
19630131,-42,-78
19630201,-53,-92
19630202,-69,-110
19630203,-78,-108
19630204,-53,-84
19630205,-30,-73
19630206,-21,-64
19630207,0,-37
19630208,-11,-32
19630209,-6,-24
19630210,19,-24
19630211,5,-12
19630212,13,-7
19630213,22,-21
19630214,19,11
19630215,19,-16
19630216,36,-34
19630217,54,6
19630218,8,-33
19630219,79,-13
19630220,72,17
19630221,34,0
19630222,8,-33
19630223,-20,-37
19630224,1,-38
19630225,12,-37
19630226,10,-61
19630227,-9,-64
19630228,-52,-100
19630301,-50,-116
19630302,-35,-106
19630303,25,-106
19630304,32,-48
19630305,57,2
19630306,74,-30
19630307,112,-16
19630308,122,42
19630309,115,59
19630310,80,59
19630311,131,40
19630312,150,60
19630313,131,38
19630314,112,38
19630315,82,17
19630316,46,3
19630317,53,9
19630318,103,4
19630319,138,55
19630320,138,71
19630321,113,65
19630322,91,55
19630323,66,17
19630324,53,1
19630325,107,-4
19630326,143,12
19630327,154,77
19630328,121,64
19630329,128,64
19630330,158,52
19630331,146,55
19630401,117,63
19630402,63,43
19630403,57,19
19630404,90,31
19630405,136,14
19630406,162,76
19630407,135,81
19630408,124,70
19630409,180,47
19630410,182,103
19630411,193,104
19630412,175,115
19630413,189,109
19630414,146,84
19630415,175,79
19630416,214,76
19630417,234,115
19630418,208,101
19630419,211,102
19630420,229,117
19630421,226,109
19630422,240,118
19630423,235,120
19630424,237,120
19630425,200,126
19630426,184,115
19630427,182,88
19630428,181,89
19630429,191,80
19630430,225,95
19630501,190,122
19630502,228,87
19630503,221,122
19630504,122,88
19630505,100,80
19630506,178,65
19630507,198,78
19630508,195,90
19630509,216,100
19630510,236,110
19630511,241,120
19630512,225,137
19630513,234,123
19630514,242,117
19630515,208,112
19630516,248,141
19630517,243,178
19630518,210,136
19630519,215,134
19630520,171,99
19630521,184,79
19630522,196,84
19630523,206,84
19630524,205,130
19630525,212,130
19630526,240,115
19630527,263,161
19630528,270,163
19630529,213,168
19630530,235,154
19630531,237,138
19630601,180,131
19630602,199,130
19630603,203,130
19630604,229,122
19630605,242,145
19630606,250,145
19630607,253,144
19630608,262,159
19630609,273,149
19630610,240,151
19630611,220,149
19630612,242,154
19630613,262,133
19630614,247,150
19630615,209,155
19630616,224,137
19630617,234,143
19630618,256,130
19630619,208,127
19630620,168,122
19630621,288,120
19630622,319,195
19630623,310,205
19630624,284,182
19630625,298,189
19630626,299,188
19630627,319,201
19630628,327,197
19630629,305,198
19630630,304,205
19630701,331,227
19630702,283,208
19630703,274,179
19630704,287,183
19630705,286,185
19630706,289,181
19630707,305,185
19630708,294,181
19630709,255,152
19630710,262,154
19630711,281,183
19630712,230,171
19630713,280,170
19630714,230,169
19630715,258,171
19630716,283,158
19630717,288,181
19630718,304,179
19630719,311,190
19630720,318,192
19630721,308,199
19630722,304,214
19630723,318,206
19630724,315,198
19630725,318,200
19630726,326,194
19630727,257,168
19630728,218,162
19630729,226,124
19630730,239,136
19630731,268,148
19630801,295,187
19630802,301,190
19630803,318,209
19630804,348,215
19630805,302,210
19630806,325,221
19630807,336,211
19630808,260,190
19630809,221,174
19630810,248,155
19630811,277,145
19630812,290,183
19630813,281,183
19630814,282,187
19630815,310,196
19630816,251,154
19630817,268,151
19630818,230,154
19630819,234,109
19630820,258,137
19630821,250,141
19630822,220,109
19630823,249,111
19630824,264,148
19630825,270,180
19630826,273,195
19630827,299,178
19630828,250,187
19630829,211,147
19630830,167,133
19630831,175,124
19630901,233,115
19630902,258,143
19630903,273,155
19630904,240,178
19630905,247,180
19630906,228,166
19630907,198,169
19630908,178,149
19630909,172,141
19630910,222,138
19630911,224,134
19630912,233,148
19630913,240,150
19630914,236,147
19630915,244,152
19630916,240,144
19630917,245,145
19630918,248,154
19630919,249,155
19630920,236,157
19630921,238,141
19630922,224,156
19630923,234,151
19630924,209,119
19630925,218,141
19630926,157,105
19630927,194,88
19630928,170,100
19630929,156,75
19630930,172,66
19631001,155,82
19631002,183,116
19631003,229,117
19631004,181,135
19631005,161,104
19631006,157,70
19631007,171,72
19631008,137,114
19631009,138,98
19631010,157,65
19631011,149,84
19631012,171,66
19631013,181,57
19631014,204,87
19631015,147,96
19631016,133,54
19631017,136,38
19631018,164,50
19631019,155,89
19631020,145,52
19631021,138,30
19631022,168,50
19631023,176,77
19631024,133,82
19631025,142,107
19631026,131,63
19631027,101,77
19631028,113,74
19631029,92,71
19631030,99,78
19631031,104,83
19631101,120,68
19631102,160,111
19631103,201,128
19631104,210,153
19631105,200,131
19631106,210,120
19631107,190,116
19631108,172,90
19631109,179,102
19631110,176,97
19631111,200,150
19631112,205,149
19631113,171,90
19631114,127,61
19631115,120,95
19631116,250,103
19631117,202,80
19631118,115,36
19631119,165,56
19631120,171,110
19631121,149,49
19631122,111,32
19631123,128,57
19631124,125,14
19631125,142,80
19631126,164,109
19631127,119,94
19631128,103,82
19631129,89,53
19631130,60,30
19631201,55,29
19631202,32,19
19631203,20,-1
19631204,46,9
19631205,33,20
19631206,26,1
19631207,20,-14
19631208,9,-34
19631209,23,-11
19631210,17,-43
19631211,5,-30
19631212,-19,-40
19631213,9,-27
19631214,-23,-52
19631215,-42,-54
19631216,-45,-56
19631217,-25,-67
19631218,-63,-137
19631219,-89,-130
19631220,-47,-95
19631221,-19,-55
19631222,-25,-48
19631223,-35,-62
19631224,-48,-87
19631225,-47,-69
19631226,-7,-48
19631227,13,-18
19631228,31,-16
19631229,-9,-25
19631230,-22,-37
19631231,-30,-51
19640101,-37,-57
19640102,-11,-60
19640103,32,-49
19640104,11,-26
19640105,-18,-86
19640106,-43,-56
19640107,-47,-62
19640108,-38,-58
19640109,-44,-69
19640110,-61,-70
19640111,-61,-70
19640112,-39,-67
19640113,-60,-79
19640114,-45,-86
19640115,-18,-47
19640116,-23,-69
19640117,-34,-88
19640118,-63,-132
19640119,-53,-128
19640120,-51,-136
19640121,-57,-131
19640122,-27,-134
19640123,10,-91
19640124,-13,-100
19640125,-2,-94
19640126,10,-92
19640127,19,-98
19640128,26,-20
19640129,-8,-82
19640130,-5,-39
19640131,-8,-78
19640201,27,-66
19640202,32,-41
19640203,53,11
19640204,67,-18
19640205,59,-9
19640206,51,-28
19640207,33,-47
19640208,-2,-58
19640209,57,-59
19640210,45,-3
19640211,76,-15
19640212,62,18
19640213,35,-26
19640214,-4,-36
19640215,7,-29
19640216,6,-29
19640217,64,-12
19640218,85,41
19640219,53,34
19640220,71,-24
19640221,11,-56
19640222,-3,-50
19640223,9,-59
19640224,31,-57
19640225,85,5
19640226,138,23
19640227,147,61
19640228,98,45
19640229,59,27
19640301,74,10
19640302,60,-5
19640303,25,0
19640304,16,-3
19640305,23,4
19640306,20,-19
19640307,4,-28
19640308,-1,-36
19640309,10,-20
19640310,24,-6
19640311,41,4
19640312,44,-31
19640313,65,19
19640314,37,9
19640315,37,17
19640316,19,-15
19640317,7,-32
19640318,-4,-19
19640319,29,-20
19640320,128,1
19640321,119,60
19640322,90,63
19640323,152,54
19640324,161,57
19640325,172,52
19640326,171,89
19640327,143,85
19640328,122,74
19640329,125,95
19640330,180,101
19640331,137,93
19640401,180,86
19640402,205,99
19640403,199,113
19640404,170,110
19640405,130,96
19640406,109,76
19640407,110,80
19640408,81,36
19640409,134,19
19640410,188,78
19640411,184,100
19640412,182,93
19640413,192,79
19640414,190,107
19640415,178,70
19640416,193,95
19640417,205,112
19640418,216,98
19640419,200,113
19640420,218,105
19640421,190,121
19640422,190,109
19640423,203,89
19640424,143,68
19640425,93,70
19640426,146,82
19640427,160,46
19640428,174,56
19640429,216,76
19640430,171,100
19640501,179,66
19640502,189,86
19640503,209,109
19640504,211,126
19640505,162,88
19640506,181,74
19640507,209,91
19640508,208,130
19640509,206,135
19640510,155,113
19640511,214,89
19640512,228,123
19640513,246,147
19640514,263,145
19640515,190,136
19640516,164,108
19640517,195,113
19640518,215,97
19640519,223,113
19640520,190,131
19640521,187,123
19640522,181,98
19640523,211,106
19640524,232,120
19640525,235,129
19640526,205,150
19640527,202,121
19640528,237,139
19640529,191,153
19640530,216,154
19640531,242,151
19640601,262,149
19640602,267,170
19640603,260,168
19640604,260,178
19640605,278,162
19640606,289,182
19640607,281,193
19640608,263,174
19640609,229,162
19640610,210,153
19640611,252,151
19640612,285,153
19640613,300,189
19640614,289,186
19640615,284,187
19640616,219,165
19640617,239,166
19640618,227,173
19640619,245,178
19640620,269,170
19640621,288,186
19640622,293,198
19640623,247,174
19640624,236,175
19640625,199,161
19640626,246,164
19640627,285,181
19640628,251,185
19640629,245,169
19640630,218,142
19640701,221,131
19640702,214,136
19640703,239,136
19640704,271,142
19640705,226,156
19640706,228,151
19640707,238,179
19640708,261,150
19640709,294,157
19640710,225,139
19640711,186,137
19640712,189,150
19640713,252,143
19640714,281,161
19640715,291,194
19640716,292,188
19640717,296,186
19640718,294,207
19640719,295,194
19640720,302,195
19640721,299,193
19640722,316,204
19640723,285,185
19640724,249,175
19640725,247,178
19640726,259,175
19640727,269,170
19640728,279,176
19640729,261,189
19640730,286,187
19640731,280,189
19640801,283,170
19640802,200,135
19640803,206,112
19640804,230,133
19640805,260,136
19640806,267,161
19640807,288,162
19640808,301,173
19640809,220,158
19640810,200,150
19640811,203,148
19640812,230,133
19640813,246,158
19640814,245,156
19640815,232,152
19640816,253,187
19640817,268,162
19640818,272,165
19640819,233,147
19640820,213,149
19640821,240,153
19640822,257,163
19640823,219,148
19640824,203,148
19640825,227,133
19640826,248,139
19640827,266,164
19640828,272,175
19640829,271,171
19640830,235,172
19640831,172,83
19640901,169,126
19640902,142,117
19640903,208,133
19640904,226,131
19640905,245,130
19640906,210,162
19640907,182,110
19640908,209,111
19640909,215,149
19640910,246,138
19640911,244,150
19640912,253,151
19640913,219,154
19640914,218,128
19640915,264,131
19640916,273,160
19640917,249,167
19640918,191,141
19640919,203,152
19640920,211,108
19640921,181,108
19640922,159,74
19640923,160,91
19640924,196,106
19640925,189,104
19640926,198,108
19640927,197,91
19640928,195,125
19640929,203,114
19640930,215,93
19641001,190,138
19641002,184,118
19641003,167,118
19641004,155,115
19641005,167,69
19641006,184,90
19641007,184,71
19641008,196,94
19641009,149,89
19641010,197,80
19641011,167,106
19641012,145,99
19641013,174,108
19641014,108,76
19641015,161,59
19641016,154,97
19641017,135,88
19641018,116,79
19641019,122,79
19641020,99,72
19641021,92,59
19641022,97,70
19641023,134,73
19641024,128,102
19641025,102,67
19641026,75,59
19641027,97,74
19641028,128,93
19641029,126,100
19641030,129,99
19641031,110,87
19641101,101,50
19641102,82,65
19641103,95,63
19641104,84,64
19641105,91,72
19641106,99,74
19641107,91,68
19641108,69,51
19641109,62,34
19641110,67,47
19641111,86,59
19641112,94,76
19641113,106,54
19641114,100,7
19641115,134,51
19641116,126,82
19641117,155,86
19641118,139,80
19641119,103,53
19641120,132,60
19641121,140,71
19641122,136,70
19641123,101,64
19641124,103,20
19641125,161,81
19641126,155,77
19641127,91,49
19641128,92,63
19641129,175,78
19641130,139,70
19641201,70,39
19641202,39,17
19641203,21,-4
19641204,25,-14
19641205,29,-55
19641206,25,-37
19641207,47,15
19641208,15,-10
19641209,-9,-25
19641210,-15,-27
19641211,-3,-18
19641212,3,-7
19641213,-3,-15
19641214,30,-20
19641215,77,19
19641216,73,52
19641217,61,51
19641218,63,52
19641219,61,50
19641220,62,21
19641221,24,13
19641222,24,13
19641223,19,6
19641224,28,12
19641225,20,9
19641226,12,-8
19641227,2,-20
19641228,21,-37
19641229,47,5
19641230,14,-10
19641231,13,-42
19650101,50,-33
19650102,67,37
19650103,43,6
19650104,48,25
19650105,26,-4
19650106,14,-20
19650107,4,-13
19650108,32,-15
19650109,86,26
19650110,73,5
19650111,57,9
19650112,33,-1
19650113,17,-12
19650114,25,6
19650115,36,14
19650116,17,-3
19650117,48,-13
19650118,65,9
19650119,21,-3
19650120,39,6
19650121,29,-23
19650122,32,-4
19650123,20,1
19650124,53,7
19650125,33,-14
19650126,22,-28
19650127,10,-6
19650128,20,2
19650129,49,13
19650130,114,31
19650131,162,100
19650201,131,6
19650202,32,2
19650203,32,-21
19650204,32,-4
19650205,50,-12
19650206,34,-50
19650207,-29,-61
19650208,20,-61
19650209,-8,-56
19650210,-17,-72
19650211,8,-56
19650212,36,-34
19650213,31,-53
19650214,41,-11
19650215,42,12
19650216,32,-2
19650217,12,-37
19650218,-8,-19
19650219,3,-31
19650220,-9,-33
19650221,-4,-42
19650222,33,-71
19650223,30,-36
19650224,36,-22
19650225,34,-23
19650226,16,-21
19650227,39,-10
19650228,59,-21
19650301,61,-4
19650302,127,42
19650303,92,33
19650304,44,-8
19650305,99,19
19650306,63,36
19650307,45,-6
19650308,12,-5
19650309,42,-16
19650310,39,-19
19650311,64,-24
19650312,100,-17
19650313,116,28
19650314,149,49
19650315,162,50
19650316,155,55
19650317,120,82
19650318,153,36
19650319,155,50
19650320,151,98
19650321,182,47
19650322,122,64
19650323,100,27
19650324,131,78
19650325,160,52
19650326,141,58
19650327,136,88
19650328,147,45
19650329,133,91
19650330,175,95
19650331,134,87
19650401,118,52
19650402,152,27
19650403,205,40
19650404,217,79
19650405,218,105
19650406,201,109
19650407,205,108
19650408,181,104
19650409,148,104
19650410,105,82
19650411,146,76
19650412,128,78
19650413,131,77
19650414,103,62
19650415,109,70
19650416,141,76
19650417,130,84
19650418,115,64
19650419,83,71
19650420,94,50
19650421,130,52
19650422,89,58
19650423,155,58
19650424,180,52
19650425,166,77
19650426,125,71
19650427,135,59
19650428,150,77
19650429,128,60
19650430,181,53
19650501,176,70
19650502,199,72
19650503,181,93
19650504,209,100
19650505,147,95
19650506,183,92
19650507,190,101
19650508,212,98
19650509,220,90
19650510,172,104
19650511,161,73
19650512,170,110
19650513,194,131
19650514,186,111
19650515,213,123
19650516,261,148
19650517,263,168
19650518,272,170
19650519,260,151
19650520,166,100
19650521,124,80
19650522,116,80
19650523,177,97
19650524,217,107
19650525,235,128
19650526,193,100
19650527,176,131
19650528,151,125
19650529,170,105
19650530,217,133
19650531,208,132
19650601,212,108
19650602,218,106
19650603,187,140
19650604,201,136
19650605,189,148
19650606,226,148
19650607,229,152
19650608,224,133
19650609,185,108
19650610,145,109
19650611,206,119
19650612,235,139
19650613,248,132
19650614,220,159
19650615,229,143
19650616,255,141
19650617,214,131
19650618,235,122
19650619,278,145
19650620,282,171
19650621,287,178
19650622,304,201
19650623,294,203
19650624,301,180
19650625,317,204
19650626,331,211
19650627,328,214
19650628,275,171
19650629,249,141
19650630,273,155
19650701,299,162
19650702,292,187
19650703,245,168
19650704,233,167
19650705,172,123
19650706,215,103
19650707,250,123
19650708,278,154
19650709,229,121
19650710,198,119
19650711,226,107
19650712,257,130
19650713,291,160
19650714,300,186
19650715,306,188
19650716,299,186
19650717,246,176
19650718,268,187
19650719,258,196
19650720,276,192
19650721,287,190
19650722,277,178
19650723,269,160
19650724,282,179
19650725,311,190
19650726,263,176
19650727,228,127
19650728,250,142
19650729,269,153
19650730,258,167
19650731,287,172
19650801,210,158
19650802,221,130
19650803,227,119
19650804,246,126
19650805,266,153
19650806,278,165
19650807,301,193
19650808,313,177
19650809,277,200
19650810,222,167
19650811,206,143
19650812,217,143
19650813,231,115
19650814,233,157
19650815,202,110
19650816,223,119
19650817,240,140
19650818,241,158
19650819,250,162
19650820,267,168
19650821,265,162
19650822,271,162
19650823,243,175
19650824,178,157
19650825,174,143
19650826,193,122
19650827,211,131
19650828,201,123
19650829,204,95
19650830,189,121
19650831,180,117
19650901,203,152
19650902,226,176
19650903,258,165
19650904,216,148
19650905,235,130
19650906,210,153
19650907,213,129
19650908,236,123
19650909,240,145
19650910,265,165
19650911,215,155
19650912,196,123
19650913,185,130
19650914,220,108
19650915,217,139
19650916,224,141
19650917,219,131
19650918,236,113
19650919,182,113
19650920,143,105
19650921,175,130
19650922,198,116
19650923,205,124
19650924,194,104
19650925,208,146
19650926,236,132
19650927,231,136
19650928,199,160
19650929,210,128
19650930,217,113
19651001,235,124
19651002,238,121
19651003,214,135
19651004,223,153
19651005,199,130
19651006,181,135
19651007,192,133
19651008,186,102
19651009,146,123
19651010,136,91
19651011,135,58
19651012,145,52
19651013,133,49
19651014,139,24
19651015,152,30
19651016,176,46
19651017,150,101
19651018,136,45
19651019,132,61
19651020,120,96
19651021,110,66
19651022,111,40
19651023,118,29
19651024,113,30
19651025,109,20
19651026,110,1
19651027,123,5
19651028,140,20
19651029,178,63
19651030,143,105
19651031,175,65
19651101,188,118
19651102,212,151
19651103,154,128
19651104,142,72
19651105,72,59
19651106,99,43
19651107,74,6
19651108,76,30
19651109,65,55
19651110,66,53
19651111,85,53
19651112,66,25
19651113,25,3
19651114,9,-4
19651115,5,-33
19651116,2,-12
19651117,-7,-14
19651118,13,-9
19651119,19,-3
19651120,117,15
19651121,190,90
19651122,90,24
19651123,24,-28
19651124,-10,-39
19651125,-22,-83
19651126,63,-43
19651127,114,47
19651128,118,28
19651129,57,-10
19651130,114,19
19651201,45,7
19651202,18,-9
19651203,34,-17
19651204,49,8
19651205,59,27
19651206,123,54
19651207,103,56
19651208,56,8
19651209,33,8
19651210,79,7
19651211,64,40
19651212,57,-10
19651213,46,3
19651214,72,13
19651215,39,-9
19651216,28,-16
19651217,40,7
19651218,115,35
19651219,132,67
19651220,124,61
19651221,117,85
19651222,91,24
19651223,26,-9
19651224,43,7
19651225,26,5
19651226,21,-9
19651227,65,3
19651228,108,61
19651229,79,7
19651230,12,4
19651231,32,6
19660101,18,-7
19660102,90,7
19660103,83,46
19660104,56,7
19660105,27,-26
19660106,-19,-40
19660107,5,-37
19660108,-8,-37
19660109,-20,-54
19660110,-29,-55
19660111,-47,-52
19660112,-38,-48
19660113,-31,-52
19660114,-27,-88
19660115,-46,-96
19660116,-33,-53
19660117,-24,-50
19660118,-37,-52
19660119,-36,-67
19660120,-35,-86
19660121,-40,-96
19660122,13,-60
19660123,52,-12
19660124,58,8
19660125,56,0
19660126,32,-13
19660127,6,-14
19660128,16,-22
19660129,46,-9
19660130,18,-31
19660131,14,-37
19660201,59,-31
19660202,75,-5
19660203,52,-11
19660204,84,26
19660205,65,-9
19660206,112,35
19660207,120,57
19660208,110,44
19660209,130,90
19660210,120,78
19660211,128,68
19660212,110,76
19660213,123,40
19660214,102,70
19660215,70,51
19660216,96,36
19660217,139,58
19660218,145,69
19660219,130,46
19660220,127,97
19660221,179,95
19660222,170,92
19660223,124,87
19660224,134,80
19660225,160,25
19660226,156,95
19660227,158,94
19660228,178,58
19660301,132,88
19660302,145,69
19660303,89,63
19660304,92,66
19660305,104,50
19660306,109,78
19660307,124,49
19660308,131,57
19660309,137,37
19660310,123,66
19660311,144,20
19660312,110,26
19660313,102,10
19660314,61,9
19660315,66,-9
19660316,52,5
19660317,44,-6
19660318,89,20
19660319,101,19
19660320,63,6
19660321,107,-21
19660322,158,10
19660323,147,47
19660324,153,75
19660325,101,13
19660326,97,14
19660327,116,5
19660328,154,27
19660329,71,10
19660330,90,24
19660331,136,0
19660401,153,50
19660402,165,49
19660403,177,65
19660404,170,62
19660405,182,80
19660406,196,76
19660407,209,76
19660408,185,106
19660409,191,116
19660410,150,109
19660411,182,109
19660412,129,99
19660413,179,78
19660414,204,82
19660415,169,92
19660416,167,66
19660417,153,110
19660418,210,90
19660419,212,109
19660420,232,127
19660421,163,114
19660422,117,74
19660423,126,78
19660424,178,73
19660425,218,100
19660426,216,97
19660427,221,128
19660428,196,137
19660429,223,149
19660430,216,133
19660501,220,146
19660502,237,111
19660503,246,124
19660504,268,126
19660505,254,145
19660506,236,153
19660507,218,129
19660508,129,98
19660509,157,93
19660510,150,91
19660511,118,91
19660512,207,79
19660513,229,94
19660514,233,122
19660515,245,142
19660516,244,160
19660517,226,150
19660518,220,110
19660519,224,111
19660520,233,123
19660521,197,130
19660522,238,126
19660523,266,137
19660524,226,125
19660525,230,94
19660526,196,125
19660527,178,109
19660528,167,98
19660529,186,84
19660530,198,94
19660531,192,123
19660601,193,116
19660602,210,105
19660603,211,140
19660604,222,118
19660605,238,123
19660606,255,126
19660607,267,164
19660608,273,172
19660609,247,170
19660610,277,161
19660611,288,180
19660612,291,198
19660613,273,200
19660614,255,196
19660615,239,188
19660616,243,181
19660617,276,192
19660618,295,185
19660619,298,181
19660620,239,160
19660621,240,153
19660622,253,148
19660623,290,185
19660624,296,173
19660625,218,122
19660626,230,140
19660627,220,143
19660628,256,146
19660629,180,120
19660630,227,118
19660701,237,159
19660702,246,147
19660703,278,145
19660704,298,165
19660705,305,174
19660706,256,194
19660707,262,171
19660708,222,134
19660709,225,121
19660710,245,137
19660711,265,147
19660712,235,181
19660713,282,157
19660714,307,186
19660715,249,138
19660716,234,135
19660717,230,157
19660718,253,178
19660719,235,175
19660720,245,135
19660721,252,148
19660722,212,148
19660723,203,151
19660724,210,162
19660725,260,163
19660726,204,163
19660727,224,135
19660728,196,164
19660729,214,145
19660730,258,137
19660731,234,148
19660801,247,155
19660802,260,168
19660803,268,178
19660804,288,184
19660805,258,184
19660806,223,161
19660807,226,125
19660808,242,143
19660809,213,165
19660810,238,137
19660811,275,144
19660812,296,185
19660813,300,187
19660814,292,193
19660815,295,197
19660816,250,142
19660817,203,138
19660818,245,175
19660819,250,170
19660820,251,163
19660821,227,155
19660822,251,167
19660823,228,166
19660824,187,147
19660825,147,117
19660826,152,117
19660827,206,76
19660828,210,119
19660829,201,159
19660830,210,121
19660831,195,149
19660901,221,136
19660902,240,128
19660903,247,170
19660904,245,154
19660905,251,150
19660906,220,150
19660907,236,158
19660908,259,146
19660909,236,146
19660910,245,159
19660911,257,170
19660912,264,178
19660913,277,162
19660914,217,144
19660915,205,109
19660916,192,147
19660917,175,135
19660918,199,146
19660919,177,132
19660920,180,110
19660921,179,94
19660922,200,99
19660923,195,102
19660924,196,129
19660925,200,97
19660926,185,139
19660927,212,106
19660928,195,119
19660929,209,118
19660930,216,139
19661001,200,141
19661002,213,136
19661003,234,132
19661004,242,144
19661005,236,149
19661006,239,140
19661007,233,159
19661008,216,161
19661009,219,158
19661010,223,157
19661011,225,141
19661012,199,159
19661013,213,139
19661014,222,134
19661015,231,142
19661016,223,131
19661017,212,139
19661018,187,151
19661019,204,118
19661020,188,123
19661021,192,102
19661022,172,103
19661023,181,84
19661024,216,116
19661025,190,145
19661026,216,134
19661027,155,118
19661028,125,94
19661029,108,71
19661030,72,47
19661031,47,20
19661101,39,23
19661102,63,36
19661103,93,61
19661104,170,85
19661105,156,97
19661106,140,51
19661107,163,84
19661108,130,63
19661109,64,41
19661110,135,45
19661111,135,60
19661112,60,42
19661113,49,21
19661114,57,4
19661115,61,-3
19661116,27,-15
19661117,33,16
19661118,40,16
19661119,39,22
19661120,44,26
19661121,37,20
19661122,47,28
19661123,53,44
19661124,63,28
19661125,57,22
19661126,39,-9
19661127,43,-4
19661128,-4,-35
19661129,9,-22
19661130,20,-10
19661201,34,-11
19661202,139,17
19661203,122,58
19661204,83,46
19661205,67,4
19661206,20,3
19661207,21,8
19661208,40,21
19661209,25,-6
19661210,18,-2
19661211,59,-2
19661212,47,-5
19661213,79,19
19661214,68,33
19661215,46,21
19661216,41,2
19661217,14,-11
19661218,30,1
19661219,64,18
19661220,70,30
19661221,70,20
19661222,35,-10
19661223,16,-18
19661224,20,-34
19661225,73,3
19661226,7,-30
19661227,-1,-33
19661228,43,-7
19661229,43,20
19661230,46,17
19661231,53,26
19670101,54,7
19670102,43,20
19670103,30,-10
19670104,19,-34
19670105,-13,-59
19670106,-7,-23
19670107,-12,-36
19670108,-19,-39
19670109,-37,-63
19670110,-54,-103
19670111,-84,-156
19670112,3,-96
19670113,3,-79
19670114,25,-60
19670115,41,-12
19670116,26,-29
19670117,-11,-70
19670118,-23,-84
19670119,-25,-84
19670120,-4,-51
19670121,52,-36
19670122,84,5
19670123,61,25
19670124,39,15
19670125,38,8
19670126,54,-5
19670127,99,18
19670128,54,6
19670129,103,5
19670130,103,36
19670131,60,7
19670201,31,11
19670202,100,-8
19670203,109,39
19670204,114,30
19670205,79,40
19670206,82,16
19670207,74,-8
19670208,37,-6
19670209,25,-10
19670210,24,-16
19670211,15,-19
19670212,28,-40
19670213,3,-47
19670214,17,-54
19670215,17,-53
19670216,27,-47
19670217,42,-14
19670218,57,12
19670219,69,6
19670220,49,-2
19670221,127,18
19670222,130,36
19670223,151,27
19670224,127,49
19670225,143,21
19670226,144,65
19670227,163,95
19670228,133,86
19670301,121,69
19670302,86,42
19670303,119,17
19670304,154,58
19670305,140,42
19670306,124,88
19670307,113,80
19670308,128,71
19670309,164,105
19670310,175,125
19670311,153,116
19670312,137,73
19670313,128,59
19670314,84,54
19670315,103,18
19670316,144,8
19670317,94,23
19670318,90,14
19670319,119,23
19670320,100,26
19670321,112,39
19670322,159,49
19670323,191,73
19670324,117,64
19670325,147,18
19670326,186,71
19670327,123,82
19670328,144,82
19670329,128,33
19670330,87,49
19670331,93,39
19670401,117,67
19670402,116,54
19670403,114,16
19670404,135,66
19670405,113,64
19670406,118,57
19670407,105,36
19670408,98,71
19670409,179,80
19670410,208,130
19670411,211,99
19670412,227,108
19670413,215,136
19670414,155,112
19670415,139,108
19670416,180,126
19670417,204,94
19670418,227,91
19670419,138,35
19670420,179,33
19670421,185,65
19670422,129,51
19670423,120,53
19670424,87,40
19670425,105,42
19670426,99,41
19670427,97,47
19670428,125,64
19670429,166,90
19670430,207,64
19670501,226,86
19670502,170,115
19670503,186,103
19670504,152,92
19670505,163,56
19670506,216,72
19670507,209,107
19670508,232,113
19670509,233,136
19670510,235,148
19670511,237,146
19670512,247,137
19670513,257,138
19670514,273,155
19670515,273,166
19670516,216,175
19670517,209,156
19670518,230,134
19670519,178,132
19670520,208,96
19670521,218,136
19670522,227,147
19670523,237,112
19670524,187,107
19670525,194,94
19670526,150,111
19670527,226,87
19670528,246,143
19670529,249,164
19670530,243,184
19670531,184,110
19670601,174,100
19670602,208,122
19670603,222,124
19670604,224,126
19670605,239,116
19670606,234,163
19670607,277,161
19670608,252,170
19670609,190,145
19670610,156,125
19670611,172,98
19670612,162,106
19670613,122,100
19670614,180,83
19670615,215,80
19670616,211,128
19670617,232,134
19670618,232,147
19670619,230,147
19670620,244,141
19670621,235,151
19670622,241,154
19670623,266,149
19670624,292,175
19670625,293,181
19670626,301,193
19670627,312,199
19670628,296,195
19670629,249,171
19670630,273,194
19670701,295,200
19670702,308,198
19670703,304,205
19670704,275,171
19670705,233,171
19670706,244,161
19670707,259,154
19670708,265,183
19670709,219,163
19670710,197,123
19670711,234,176
19670712,258,153
19670713,279,176
19670714,297,182
19670715,301,190
19670716,273,190
19670717,281,189
19670718,261,181
19670719,274,179
19670720,284,178
19670721,293,216
19670722,302,193
19670723,323,213
19670724,291,200
19670725,274,185
19670726,240,187
19670727,267,174
19670728,286,190
19670729,292,181
19670730,286,192
19670731,312,200
19670801,310,194
19670802,312,205
19670803,309,199
19670804,301,194
19670805,332,197
19670806,199,149
19670807,200,150
19670808,247,164
19670809,281,161
19670810,313,195
19670811,235,186
19670812,252,157
19670813,203,144
19670814,193,138
19670815,252,115
19670816,281,155
19670817,290,179
19670818,255,176
19670819,264,160
19670820,265,167
19670821,241,177
19670822,229,152
19670823,244,140
19670824,262,141
19670825,242,170
19670826,246,166
19670827,255,166
19670828,241,150
19670829,251,150
19670830,253,165
19670831,261,161
19670901,262,157
19670902,270,164
19670903,282,159
19670904,295,170
19670905,233,172
19670906,271,160
19670907,254,163
19670908,268,161
19670909,187,156
19670910,184,155
19670911,184,140
19670912,158,119
19670913,191,111
19670914,209,123
19670915,194,144
19670916,159,132
19670917,175,132
19670918,213,129
19670919,211,121
19670920,199,129
19670921,204,135
19670922,221,132
19670923,185,124
19670924,200,96
19670925,224,113
19670926,251,122
19670927,254,154
19670928,243,150
19670929,220,148
19670930,209,123
19671001,218,129
19671002,209,150
19671003,180,145
19671004,212,143
19671005,164,85
19671006,153,73
19671007,168,74
19671008,202,90
19671009,200,117
19671010,225,124
19671011,213,119
19671012,193,107
19671013,223,114
19671014,208,131
19671015,230,125
19671016,227,144
19671017,226,141
19671018,182,79
19671019,126,47
19671020,117,26
19671021,127,26
19671022,182,32
19671023,167,63
19671024,139,49
19671025,161,56
19671026,132,71
19671027,106,70
19671028,118,82
19671029,133,87
19671030,120,88
19671031,127,51
19671101,113,62
19671102,104,69
19671103,135,46
19671104,123,76
19671105,186,77
19671106,168,82
19671107,134,50
19671108,126,76
19671109,104,84
19671110,114,83
19671111,100,44
19671112,78,23
19671113,113,26
19671114,156,16
19671115,170,68
19671116,188,134
19671117,161,48
19671118,66,8
19671119,43,13
19671120,64,-10
19671121,54,-14
19671122,60,-27
19671123,79,-5
19671124,63,18
19671125,55,15
19671126,45,-2
19671127,96,22
19671128,77,16
19671129,30,7
19671130,45,7
19671201,81,15
19671202,45,2
19671203,58,-31
19671204,87,-2
19671205,87,27
19671206,116,46
19671207,99,-8
19671208,12,-9
19671209,3,-28
19671210,-3,-31
19671211,-4,-29
19671212,-9,-40
19671213,-19,-67
19671214,9,-46
19671215,5,-69
19671216,-60,-94
19671217,-23,-96
19671218,-49,-90
19671219,-16,-112
19671220,37,-35
19671221,-26,-78
19671222,60,-35
19671223,93,35
19671224,121,84
19671225,101,71
19671226,77,51
19671227,77,12
19671228,24,-14
19671229,2,-24
19671230,18,-9
19671231,12,0
19680101,9,-10
19680102,3,-21
19680103,-6,-45
19680104,2,-87
19680105,8,-42
19680106,79,-19
19680107,49,-33
19680108,-4,-88
19680109,-48,-113
19680110,-57,-80
19680111,-79,-129
19680112,-50,-165
19680113,-49,-82
19680114,-8,-151
19680115,59,-10
19680116,97,55
19680117,83,21
19680118,75,27
19680119,61,-3
19680120,46,30
19680121,46,-3
19680122,38,-30
19680123,26,-25
19680124,19,-36
19680125,50,-6
19680126,40,-44
19680127,45,-25
19680128,46,-25
19680129,78,17
19680130,86,-6
19680131,88,7
19680201,113,-10
19680202,109,16
19680203,56,-8
19680204,7,-16
19680205,14,-2
19680206,12,-3
19680207,25,-5
19680208,59,9
19680209,116,14
19680210,102,44
19680211,44,-9
19680212,36,12
19680213,35,23
19680214,65,26
19680215,81,48
19680216,81,29
19680217,30,0
19680218,52,-10
19680219,64,-20
19680220,72,-3
19680221,102,51
19680222,138,75
19680223,153,99
19680224,163,91
19680225,161,73
19680226,73,-6
19680227,34,-9
19680228,52,-19
19680229,34,-10
19680301,49,15
19680302,36,-16
19680303,33,-30
19680304,70,-14
19680305,78,-2
19680306,90,40
19680307,94,5
19680308,99,17
19680309,116,1
19680310,79,33
19680311,55,-12
19680312,38,-21
19680313,88,-24
19680314,92,-8
19680315,132,16
19680316,138,58
19680317,128,56
19680318,158,89
19680319,140,91
19680320,158,49
19680321,168,93
19680322,135,83
19680323,142,81
19680324,181,52
19680325,197,74
19680326,157,69
19680327,185,69
19680328,195,81
19680329,207,87
19680330,234,90
19680331,236,105
19680401,203,130
19680402,214,112
19680403,180,103
19680404,144,31
19680405,211,55
19680406,249,153
19680407,210,135
19680408,152,66
19680409,100,38
19680410,121,-2
19680411,114,44
19680412,122,37
19680413,141,59
19680414,183,48
19680415,157,100
19680416,184,105
19680417,190,78
19680418,204,110
19680419,226,110
19680420,230,109
19680421,237,104
19680422,246,107
19680423,262,110
19680424,280,117
19680425,243,142
19680426,237,114
19680427,225,104
19680428,190,140
19680429,222,126
19680430,188,114
19680501,203,89
19680502,216,115
19680503,216,140
19680504,254,131
19680505,290,143
19680506,248,167
19680507,194,131
19680508,199,106
19680509,220,110
19680510,250,110
19680511,263,134
19680512,275,179
19680513,248,122
19680514,195,104
19680515,207,130
19680516,224,110
19680517,242,99
19680518,106,77
19680519,96,53
19680520,153,40
19680521,199,102
19680522,206,113
19680523,226,106
19680524,182,115
19680525,243,131
19680526,204,150
19680527,248,154
19680528,244,159
19680529,239,160
19680530,206,150
19680531,164,126
19680601,185,125
19680602,185,127
19680603,231,119
19680604,232,182
19680605,259,184
19680606,271,166
19680607,246,163
19680608,267,160
19680609,177,132
19680610,174,117
19680611,182,90
19680612,175,112
19680613,198,148
19680614,242,165
19680615,242,174
19680616,256,150
19680617,262,143
19680618,271,172
19680619,276,166
19680620,251,171
19680621,235,140
19680622,234,113
19680623,256,142
19680624,222,157
19680625,245,158
19680626,276,147
19680627,286,171
19680628,307,177
19680629,311,191
19680630,266,202
19680701,269,198
19680702,276,192
19680703,275,176
19680704,290,211
19680705,307,184
19680706,326,196
19680707,319,198
19680708,340,202
19680709,327,217
19680710,311,213
19680711,372,214
19680712,294,181
19680713,269,158
19680714,302,181
19680715,312,179
19680716,245,133
19680717,219,145
19680718,177,141
19680719,232,143
19680720,218,148
19680721,165,115
19680722,194,111
19680723,234,103
19680724,249,149
19680725,210,149
19680726,233,140
19680727,219,113
19680728,218,125
19680729,250,158
19680730,256,140
19680731,260,152
19680801,289,173
19680802,295,180
19680803,248,183
19680804,253,179
19680805,271,167
19680806,274,191
19680807,220,184
19680808,246,167
19680809,235,167
19680810,258,154
19680811,240,169
19680812,231,166
19680813,243,150
19680814,203,150
19680815,238,130
19680816,257,161
19680817,265,156
19680818,217,135
19680819,195,116
19680820,203,102
19680821,213,116
19680822,229,147
19680823,216,143
19680824,222,119
19680825,222,158
19680826,244,156
19680827,243,154
19680828,253,156
19680829,241,170
19680830,221,167
19680831,224,154
19680901,210,152
19680902,236,125
19680903,244,144
19680904,264,151
19680905,204,134
19680906,185,143
19680907,220,149
19680908,241,150
19680909,220,153
19680910,212,136
19680911,201,142
19680912,170,137
19680913,206,130
19680914,197,126
19680915,258,140
19680916,265,168
19680917,223,150
19680918,182,144
19680919,188,134
19680920,194,101
19680921,195,102
19680922,202,120
19680923,162,97
19680924,144,104
19680925,185,93
19680926,180,69
19680927,177,111
19680928,186,104
19680929,185,107
19680930,150,107
19681001,162,70
19681002,139,103
19681003,162,106
19681004,171,120
19681005,214,125
19681006,199,124
19681007,219,104
19681008,212,122
19681009,216,128
19681010,194,133
19681011,208,124
19681012,205,139
19681013,221,110
19681014,213,119
19681015,209,120
19681016,178,118
19681017,165,97
19681018,156,64
19681019,142,79
19681020,113,52
19681021,110,24
19681022,108,24
19681023,115,14
19681024,141,12
19681025,129,40
19681026,103,76
19681027,109,71
19681028,123,85
19681029,145,91
19681030,168,61
19681031,198,73
19681101,199,123
19681102,199,116
19681103,206,124
19681104,175,118
19681105,138,111
19681106,129,102
19681107,135,104
19681108,128,79
19681109,144,91
19681110,107,91
19681111,108,91
19681112,97,71
19681113,78,56
19681114,59,12
19681115,18,4
19681116,23,3
19681117,64,19
19681118,86,31
19681119,62,22
19681120,42,24
19681121,58,23
19681122,78,17
19681123,68,32
19681124,61,34
19681125,104,33
19681126,82,28
19681127,52,0
19681128,15,-7
19681129,15,-5
19681130,11,-14
19681201,11,0
19681202,26,1
19681203,28,15
19681204,27,19
19681205,22,3
19681206,10,-1
19681207,2,-7
19681208,-1,-16
19681209,-4,-24
19681210,-1,-23
19681211,-15,-30
19681212,-24,-35
19681213,-22,-37
19681214,-20,-35
19681215,-2,-32
19681216,-24,-35
19681217,2,-31
19681218,82,-13
19681219,74,23
19681220,43,-12
19681221,-2,-22
19681222,46,-11
19681223,54,7
19681224,47,6
19681225,12,-19
19681226,5,-45
19681227,-31,-73
19681228,-56,-91
19681229,-53,-91
19681230,-45,-61
19681231,-42,-72
19690101,-72,-150
19690102,-62,-137
19690103,-29,-72
19690104,-4,-37
19690105,-13,-28
19690106,-24,-45
19690107,-36,-50
19690108,-42,-57
19690109,-42,-57
19690110,-34,-72
19690111,-55,-128
19690112,-82,-114
19690113,-18,-85
19690114,64,-42
19690115,64,25
19690116,62,13
19690117,61,16
19690118,32,19
19690119,40,6
19690120,46,23
19690121,40,-23
19690122,7,-36
19690123,9,-23
19690124,52,-8
19690125,49,5
19690126,37,12
19690127,26,5
19690128,15,-9
19690129,84,0
19690130,71,23
19690131,49,-6
19690201,90,20
19690202,110,30
19690203,82,9
19690204,9,-9
19690205,2,-28
19690206,-10,-35
19690207,-6,-30
19690208,32,-47
19690209,24,-17
19690210,-2,-56
19690211,-17,-87
19690212,3,-102
19690213,20,-12
19690214,23,-7
19690215,19,-15
19690216,27,-25
19690217,-13,-42
19690218,12,-45
19690219,40,-10
19690220,68,26
19690221,65,30
19690222,50,10
19690223,75,25
19690224,52,24
19690225,42,20
19690226,47,23
19690227,75,26
19690228,72,33
19690301,54,32
19690302,50,20
19690303,56,26
19690304,48,26
19690305,31,5
19690306,34,9
19690307,21,-5
19690308,56,-15
19690309,97,-27
19690310,104,26
19690311,126,11
19690312,152,44
19690313,147,101
19690314,160,94
19690315,125,106
19690316,113,82
19690317,82,60
19690318,66,50
19690319,54,19
19690320,27,18
19690321,53,15
19690322,50,19
19690323,63,7
19690324,60,26
19690325,38,13
19690326,33,12
19690327,58,19
19690328,67,28
19690329,70,20
19690330,76,8
19690331,135,5
19690401,152,76
19690402,106,53
19690403,77,47
19690404,67,42
19690405,120,63
19690406,156,93
19690407,170,74
19690408,181,77
19690409,139,46
19690410,180,31
19690411,208,42
19690412,231,127
19690413,157,37
19690414,84,36
19690415,130,51
19690416,182,35
19690417,100,35
19690418,95,20
19690419,109,15
19690420,92,2
19690421,163,33
19690422,184,90
19690423,147,90
19690424,175,64
19690425,225,91
19690426,255,107
19690427,276,133
19690428,278,143
19690429,264,155
19690430,244,157
19690501,236,150
19690502,248,110
19690503,257,140
19690504,279,154
19690505,276,153
19690506,234,161
19690507,206,125
19690508,152,119
19690509,203,120
19690510,188,110
19690511,207,89
19690512,246,105
19690513,267,139
19690514,296,148
19690515,291,167
19690516,292,164
19690517,230,143
19690518,207,103
19690519,206,90
19690520,119,49
19690521,131,74
19690522,191,70
19690523,213,95
19690524,227,126
19690525,253,152
19690526,242,139
19690527,246,155
19690528,265,160
19690529,288,160
19690530,268,186
19690531,250,174
19690601,223,132
19690602,196,130
19690603,200,138
19690604,197,118
19690605,172,113
19690606,172,108
19690607,202,126
19690608,188,129
19690609,235,129
19690610,244,143
19690611,239,161
19690612,227,161
19690613,221,149
19690614,255,144
19690615,265,170
19690616,276,191
19690617,270,202
19690618,271,165
19690619,259,165
19690620,223,151
19690621,236,145
19690622,258,154
19690623,266,169
19690624,289,189
19690625,257,174
19690626,184,132
19690627,221,156
19690628,237,143
19690629,210,156
19690630,172,132
19690701,217,101
19690702,249,114
19690703,267,152
19690704,281,166
19690705,292,184
19690706,286,178
19690707,279,168
19690708,228,121
19690709,198,105
19690710,166,119
19690711,189,121
19690712,180,125
19690713,242,125
19690714,242,167
19690715,247,148
19690716,260,145
19690717,272,150
19690718,304,161
19690719,280,166
19690720,282,209
19690721,260,201
19690722,258,188
19690723,274,177
19690724,280,190
19690725,294,184
19690726,301,189
19690727,314,199
19690728,312,208
19690729,271,210
19690730,257,184
19690731,248,175
19690801,257,188
19690802,283,186
19690803,282,178
19690804,297,189
19690805,264,187
19690806,281,168
19690807,289,176
19690808,212,164
19690809,246,149
19690810,242,140
19690811,222,159
19690812,261,161
19690813,284,164
19690814,302,201
19690815,286,204
19690816,230,176
19690817,232,164
19690818,236,164
19690819,203,155
19690820,241,146
19690821,263,148
19690822,167,125
19690823,199,125
19690824,172,133
19690825,158,132
19690826,143,115
19690827,171,104
19690828,153,107
19690829,190,113
19690830,214,130
19690831,225,136
19690901,243,151
19690902,240,161
19690903,254,178
19690904,230,183
19690905,223,165
19690906,209,167
19690907,224,145
19690908,221,155
19690909,223,151
19690910,228,155
19690911,198,153
19690912,224,179
19690913,213,155
19690914,228,131
19690915,216,146
19690916,234,148
19690917,198,154
19690918,206,135
19690919,177,106
19690920,153,105
19690921,183,66
19690922,202,88
19690923,219,105
19690924,202,122
19690925,200,114
19690926,214,122
19690927,202,116
19690928,160,126
19690929,186,88
19690930,203,100
19691001,193,139
19691002,160,100
19691003,158,82
19691004,179,69
19691005,183,89
19691006,187,97
19691007,171,96
19691008,178,92
19691009,159,77
19691010,174,70
19691011,177,89
19691012,173,70
19691013,168,74
19691014,154,63
19691015,178,92
19691016,171,85
19691017,188,97
19691018,168,92
19691019,110,51
19691020,106,56
19691021,86,53
19691022,95,54
19691023,89,57
19691024,131,54
19691025,125,98
19691026,141,83
19691027,154,80
19691028,147,52
19691029,148,51
19691030,140,84
19691031,133,25
19691101,156,47
19691102,168,71
19691103,175,70
19691104,170,81
19691105,149,61
19691106,86,29
19691107,77,23
19691108,66,32
19691109,124,48
19691110,167,91
19691111,150,61
19691112,189,140
19691113,218,166
19691114,212,140
19691115,171,115
19691116,155,87
19691117,139,68
19691118,116,63
19691119,109,29
19691120,141,58
19691121,131,84
19691122,163,72
19691123,166,76
19691124,138,86
19691125,150,82
19691126,115,52
19691127,54,17
19691128,56,-20
19691129,81,33
19691130,33,-2
19691201,20,-4
19691202,-4,-37
19691203,9,-42
19691204,33,-29
19691205,32,-8
19691206,-2,-24
19691207,-1,-30
19691208,-5,-28
19691209,5,-10
19691210,10,-8
19691211,25,6
19691212,30,2
19691213,8,1
19691214,11,-1
19691215,3,-5
19691216,23,-5
19691217,9,-41
19691218,8,-54
19691219,22,-28
19691220,-28,-57
19691221,-49,-76
19691222,-76,-138
19691223,-55,-100
19691224,-36,-68
19691225,-27,-43
19691226,-26,-36
19691227,0,-29
19691228,-8,-21
19691229,-5,-32
19691230,-3,-19
19691231,-4,-18
19700101,-3,-21
19700102,-6,-39
19700103,-30,-54
19700104,46,-50
19700105,100,22
19700106,109,0
19700107,9,0
19700108,0,-54
19700109,-10,-44
19700110,-9,-30
19700111,31,-21
19700112,47,24
19700113,27,13
19700114,31,5
19700115,78,3
19700116,68,48
19700117,59,4
19700118,4,-26
19700119,-26,-41
19700120,-22,-44
19700121,-24,-35
19700122,-15,-34
19700123,-20,-28
19700124,-20,-40
19700125,-2,-28
19700126,12,-12
19700127,87,-7
19700128,87,26
19700129,35,2
19700130,13,-11
19700131,14,-9
19700201,-3,-30
19700202,-4,-52
19700203,66,-34
19700204,65,13
19700205,104,35
19700206,131,66
19700207,83,7
19700208,104,10
19700209,140,33
19700210,114,6
19700211,27,-9
19700212,31,-24
19700213,36,2
19700214,44,-6
19700215,20,-9
19700216,-9,-45
19700217,2,-57
19700218,-2,-31
19700219,29,-19
19700220,24,-57
19700221,39,-23
19700222,79,-1
19700223,104,40
19700224,73,12
19700225,44,7
19700226,52,13
19700227,14,-25
19700228,15,-12
19700301,21,-22
19700302,41,-42
19700303,38,9
19700304,76,24
19700305,54,15
19700306,71,17
19700307,27,9
19700308,48,-20
19700309,46,4
19700310,55,21
19700311,72,31
19700312,45,4
19700313,85,4
19700314,63,32
19700315,35,16
19700316,66,13
19700317,51,27
19700318,106,6
19700319,69,29
19700320,106,20
19700321,147,21
19700322,158,27
19700323,160,64
19700324,183,88
19700325,181,104
19700326,121,99
19700327,110,91
19700328,91,25
19700329,103,-5
19700330,137,10
19700331,147,75
19700401,149,58
19700402,137,35
19700403,72,15
19700404,107,-1
19700405,87,25
19700406,94,43
19700407,134,40
19700408,99,56
19700409,145,75
19700410,156,76
19700411,104,51
19700412,131,46
19700413,157,43
19700414,118,72
19700415,112,69
19700416,138,51
19700417,178,60
19700418,248,125
19700419,258,122
19700420,219,136
19700421,160,78
19700422,180,53
19700423,248,91
19700424,242,138
19700425,210,120
19700426,228,128
19700427,178,87
19700428,126,78
19700429,110,64
19700430,94,25
19700501,90,16
19700502,106,20
19700503,143,39
19700504,176,46
19700505,136,87
19700506,161,77
19700507,185,108
19700508,223,115
19700509,215,93
19700510,230,128
19700511,205,128
19700512,192,119
19700513,218,123
19700514,238,143
19700515,209,134
19700516,217,121
19700517,180,125
19700518,191,128
19700519,208,137
19700520,229,109
19700521,217,147
19700522,164,88
19700523,169,90
19700524,167,63
19700525,198,78
19700526,204,98
19700527,160,113
19700528,170,80
19700529,218,83
19700530,207,110
19700531,192,123
19700601,210,119
19700602,173,120
19700603,178,87
19700604,193,100
19700605,216,94
19700606,242,123
19700607,224,153
19700608,228,162
19700609,240,156
19700610,260,164
19700611,250,158
19700612,268,161
19700613,289,176
19700614,218,186
19700615,268,159
19700616,288,184
19700617,295,184
19700618,237,168
19700619,217,152
19700620,254,162
19700621,285,173
19700622,294,188
19700623,305,186
19700624,281,186
19700625,270,186
19700626,281,199
19700627,289,195
19700628,305,200
19700629,263,172
19700630,245,165
19700701,196,130
19700702,243,121
19700703,211,130
19700704,152,127
19700705,224,120
19700706,247,142
19700707,258,169
19700708,280,181
19700709,295,183
19700710,288,185
19700711,301,194
19700712,290,203
19700713,289,205
19700714,305,194
19700715,299,116
19700716,153,96
19700717,180,113
19700718,202,133
19700719,252,116
19700720,240,143
19700721,270,187
19700722,296,173
19700723,303,190
19700724,300,189
19700725,279,158
19700726,231,124
19700727,265,135
19700728,280,186
19700729,288,200
19700730,280,191
19700731,288,199
19700801,289,196
19700802,277,185
19700803,272,187
19700804,291,185
19700805,302,187
19700806,320,200
19700807,320,205
19700808,282,188
19700809,241,140
19700810,208,162
19700811,220,162
19700812,230,148
19700813,230,166
19700814,269,165
19700815,284,196
19700816,260,169
19700817,260,191
19700818,218,153
19700819,244,159
19700820,274,185
19700821,261,204
19700822,218,154
19700823,212,147
19700824,170,141
19700825,228,142
19700826,221,133
19700827,232,133
19700828,228,154
19700829,251,165
19700830,211,166
19700831,215,170
19700901,240,151
19700902,240,166
19700903,255,145
19700904,244,162
19700905,240,142
19700906,224,177
19700907,193,141
19700908,243,119
19700909,266,176
19700910,282,180
19700911,296,186
19700912,276,185
19700913,222,179
19700914,223,156
19700915,232,138
19700916,256,139
19700917,161,132
19700918,182,136
19700919,211,128
19700920,224,129
19700921,183,148
19700922,166,118
19700923,178,102
19700924,175,82
19700925,179,77
19700926,194,95
19700927,147,97
19700928,155,59
19700929,135,62
19700930,155,38
19701001,135,89
19701002,163,69
19701003,129,84
19701004,161,58
19701005,150,60
19701006,210,80
19701007,209,118
19701008,229,117
19701009,229,128
19701010,226,134
19701011,205,128
19701012,160,119
19701013,139,110
19701014,141,113
19701015,118,65
19701016,96,36
19701017,90,26
19701018,102,49
19701019,110,9
19701020,169,32
19701021,120,33
19701022,86,57
19701023,92,22
19701024,91,37
19701025,123,17
19701026,142,38
19701027,145,52
19701028,125,87
19701029,173,74
19701030,153,65
19701031,178,111
19701101,180,72
19701102,163,89
19701103,182,93
19701104,199,130
19701105,151,108
19701106,133,67
19701107,82,32
19701108,72,47
19701109,102,56
19701110,130,55
19701111,117,53
19701112,161,54
19701113,158,96
19701114,191,86
19701115,157,84
19701116,93,57
19701117,81,18
19701118,148,65
19701119,170,115
19701120,149,97
19701121,105,61
19701122,105,66
19701123,107,67
19701124,78,52
19701125,89,57
19701126,89,47
19701127,49,-1
19701128,60,39
19701129,134,26
19701130,140,96
19701201,131,73
19701202,109,49
19701203,87,37
19701204,104,52
19701205,79,22
19701206,90,38
19701207,61,3
19701208,59,30
19701209,32,-12
19701210,25,3
19701211,48,5
19701212,25,-1
19701213,-1,-14
19701214,-8,-19
19701215,18,-14
19701216,41,-28
19701217,25,12
19701218,13,-8
19701219,6,-27
19701220,-2,-35
19701221,-22,-46
19701222,23,-36
19701223,-6,-29
19701224,-14,-45
19701225,21,-44
19701226,3,-44
19701227,-20,-48
19701228,3,-35
19701229,42,-1
19701230,45,10
19701231,45,-6
19710101,-6,-42
19710102,-42,-64
19710103,-47,-64
19710104,-32,-102
19710105,-37,-54
19710106,-27,-52
19710107,0,-31
19710108,3,-19
19710109,13,-39
19710110,-17,-87
19710111,2,-22
19710112,-12,-48
19710113,-25,-71
19710114,-44,-81
19710115,-18,-53
19710116,0,-38
19710117,9,-10
19710118,6,-6
19710119,22,-6
19710120,92,17
19710121,73,49
19710122,100,46
19710123,74,14
19710124,96,49
19710125,77,45
19710126,102,35
19710127,114,53
19710128,80,49
19710129,66,23
19710130,84,22
19710131,108,48
19710201,114,58
19710202,69,-2
19710203,21,-35
19710204,39,7
19710205,58,9
19710206,54,35
19710207,57,25
19710208,75,24
19710209,108,19
19710210,106,47
19710211,99,39
19710212,78,3
19710213,118,4
19710214,122,53
19710215,84,29
19710216,82,29
19710217,92,53
19710218,108,40
19710219,92,43
19710220,94,56
19710221,92,53
19710222,89,17
19710223,95,11
19710224,73,34
19710225,78,3
19710226,97,-14
19710227,-12,-55
19710228,12,-79
19710301,-10,-39
19710302,-3,-42
19710303,-5,-53
19710304,-25,-73
19710305,-46,-97
19710306,-50,-85
19710307,-15,-66
19710308,8,-78
19710309,-2,-19
19710310,60,-21
19710311,67,-17
19710312,30,-7
19710313,97,-24
19710314,105,19
19710315,108,34
19710316,107,33
19710317,92,53
19710318,127,51
19710319,156,80
19710320,195,101
19710321,174,95
19710322,161,79
19710323,82,52
19710324,88,39
19710325,121,16
19710326,80,51
19710327,71,50
19710328,98,59
19710329,95,51
19710330,77,45
19710331,81,53
19710401,102,74
19710402,150,66
19710403,149,86
19710404,157,87
19710405,171,95
19710406,188,89
19710407,209,83
19710408,206,81
19710409,207,108
19710410,196,116
19710411,161,120
19710412,152,95
19710413,156,94
19710414,162,38
19710415,135,40
19710416,199,44
19710417,181,88
19710418,163,83
19710419,193,67
19710420,206,110
19710421,206,88
19710422,233,98
19710423,225,116
19710424,195,116
19710425,168,98
19710426,142,97
19710427,179,89
19710428,158,60
19710429,141,45
19710430,111,80
19710501,143,86
19710502,151,107
19710503,128,102
19710504,180,102
19710505,175,96
19710506,195,90
19710507,203,96
19710508,190,112
19710509,205,95
19710510,226,109
19710511,245,161
19710512,260,142
19710513,245,140
19710514,255,135
19710515,266,145
19710516,278,147
19710517,275,147
19710518,283,152
19710519,288,161
19710520,279,154
19710521,263,166
19710522,254,156
19710523,211,139
19710524,219,136
19710525,234,140
19710526,247,140
19710527,216,132
19710528,203,94
19710529,210,102
19710530,183,128
19710531,202,150
19710601,193,152
19710602,233,151
19710603,251,153
19710604,264,155
19710605,272,153
19710606,250,159
19710607,241,143
19710608,223,148
19710609,228,149
19710610,229,158
19710611,241,135
19710612,205,111
19710613,213,114
19710614,246,103
19710615,267,143
19710616,225,140
19710617,218,140
19710618,184,134
19710619,197,105
19710620,213,161
19710621,266,137
19710622,255,164
19710623,243,189
19710624,255,172
19710625,218,168
19710626,266,156
19710627,275,162
19710628,241,144
19710629,198,133
19710630,208,97
19710701,200,136
19710702,238,131
19710703,254,129
19710704,264,148
19710705,263,178
19710706,261,179
19710707,282,188
19710708,283,195
19710709,290,162
19710710,308,178
19710711,305,194
19710712,313,194
19710713,313,198
19710714,221,160
19710715,266,144
19710716,297,175
19710717,307,190
19710718,286,190
19710719,231,146
19710720,240,166
19710721,230,161
19710722,247,138
19710723,250,145
19710724,272,160
19710725,283,175
19710726,298,169
19710727,304,184
19710728,305,185
19710729,285,179
19710730,266,177
19710731,242,203
19710801,246,180
19710802,289,186
19710803,304,203
19710804,300,210
19710805,292,205
19710806,306,223
19710807,340,217
19710808,306,190
19710809,251,156
19710810,261,161
19710811,286,158
19710812,276,173
19710813,250,149
19710814,286,171
19710815,305,187
19710816,301,176
19710817,249,174
19710818,241,152
19710819,262,156
19710820,279,175
19710821,281,173
19710822,258,190
19710823,268,173
19710824,249,171
19710825,207,140
19710826,254,148
19710827,230,163
19710828,247,143
19710829,245,153
19710830,264,155
19710831,223,154
19710901,217,136
19710902,233,142
19710903,234,150
19710904,236,131
19710905,246,138
19710906,207,147
19710907,193,104
19710908,167,116
19710909,156,83
19710910,188,73
19710911,169,132
19710912,189,108
19710913,175,102
19710914,177,101
19710915,159,98
19710916,123,98
19710917,125,77
19710918,151,63
19710919,162,69
19710920,187,65
19710921,200,88
19710922,205,98
19710923,208,101
19710924,207,100
19710925,194,129
19710926,204,108
19710927,209,114
19710928,200,125
19710929,151,136
19710930,153,116
19711001,180,130
19711002,183,92
19711003,186,87
19711004,196,85
19711005,148,85
19711006,128,47
19711007,152,19
19711008,193,46
19711009,197,59
19711010,192,90
19711011,187,79
19711012,192,81
19711013,200,109
19711014,208,112
19711015,159,77
19711016,77,54
19711017,91,28
19711018,100,52
19711019,147,25
19711020,197,51
19711021,166,68
19711022,176,65
19711023,276,146
19711024,197,106
19711025,228,82
19711026,202,109
19711027,128,55
19711028,86,27
19711029,84,1
19711030,62,5
19711031,72,-12
19711101,102,-16
19711102,110,46
19711103,128,85
19711104,146,31
19711105,161,34
19711106,186,103
19711107,188,105
19711108,182,110
19711109,193,128
19711110,162,130
19711111,160,91
19711112,110,77
19711113,87,66
19711114,84,53
19711115,103,57
19711116,84,20
19711117,134,27
19711118,117,52
19711119,158,25
19711120,25,5
19711121,5,-51
19711122,15,-23
19711123,15,-13
19711124,-13,-55
19711125,8,-43
19711126,6,-58
19711127,-13,-57
19711128,14,-40
19711129,20,6
19711130,26,11
19711201,20,11
19711202,28,4
19711203,50,17
19711204,43,16
19711205,45,-13
19711206,78,16
19711207,85,48
19711208,67,22
19711209,37,-27
19711210,1,-44
19711211,34,-35
19711212,83,-6
19711213,81,10
19711214,56,4
19711215,55,-14
19711216,89,3
19711217,77,2
19711218,56,-11
19711219,20,-34
19711220,8,-41
19711221,60,0
19711222,72,-3
19711223,90,-7
19711224,85,21
19711225,33,-19
19711226,-1,-24
19711227,-14,-33
19711228,-23,-41
19711229,7,-33
19711230,15,-2
19711231,26,8
19720101,26,7
19720102,18,-3
19720103,24,-4
19720104,32,20
19720105,40,14
19720106,33,23
19720107,33,26
19720108,46,17
19720109,34,10
19720110,37,2
19720111,31,4
19720112,19,-6
19720113,1,-36
19720114,-21,-40
19720115,-38,-52
19720116,-44,-61
19720117,-50,-95
19720118,-48,-84
19720119,-33,-51
19720120,-18,-49
19720121,3,-18
19720122,20,-7
19720123,-4,-17
19720124,-7,-26
19720125,-10,-28
19720126,3,-14
19720127,10,-24
19720128,22,6
19720129,15,4
19720130,12,-17
19720131,-6,-28
19720201,-7,-29
19720202,5,-17
19720203,-5,-23
19720204,-18,-30
19720205,-8,-32
19720206,7,-19
19720207,117,2
19720208,122,73
19720209,86,59
19720210,65,36
19720211,76,20
19720212,82,27
19720213,78,39
19720214,73,35
19720215,73,60
19720216,80,0
19720217,110,1
19720218,129,39
19720219,96,68
19720220,117,49
19720221,114,52
19720222,79,48
19720223,100,47
19720224,86,40
19720225,79,54
19720226,72,51
19720227,81,59
19720228,87,77
19720229,128,75
19720301,91,67
19720302,79,68
19720303,90,64
19720304,108,62
19720305,86,32
19720306,90,59
19720307,143,64
19720308,167,89
19720309,177,88
19720310,160,90
19720311,125,49
19720312,49,-14
19720313,21,-34
19720314,78,-20
19720315,126,4
19720316,158,31
19720317,182,108
19720318,178,78
19720319,159,73
19720320,155,40
19720321,182,50
19720322,187,78
19720323,193,79
19720324,206,84
19720325,150,35
19720326,214,39
19720327,150,93
19720328,171,67
19720329,119,19
19720330,182,64
19720331,203,80
19720401,193,107
19720402,148,79
19720403,246,102
19720404,231,135
19720405,174,133
19720406,136,81
19720407,206,52
19720408,239,81
19720409,165,99
19720410,172,77
19720411,152,96
19720412,137,104
19720413,132,104
19720414,114,90
19720415,126,90
19720416,120,97
19720417,146,81
19720418,122,80
19720419,147,89
19720420,132,104
19720421,130,109
19720422,153,93
19720423,189,61
19720424,144,91
19720425,91,23
19720426,102,33
19720427,164,24
19720428,121,71
19720429,142,37
19720430,178,59
19720501,209,92
19720502,223,99
19720503,174,116
19720504,129,97
19720505,151,107
19720506,192,103
19720507,195,107
19720508,202,112
19720509,219,113
19720510,222,128
19720511,144,97
19720512,190,67
19720513,143,106
19720514,170,107
19720515,166,125
19720516,173,110
19720517,208,78
19720518,186,90
19720519,222,133
19720520,210,128
19720521,198,111
19720522,224,102
19720523,239,121
19720524,266,138
19720525,255,165
19720526,276,174
19720527,255,108
19720528,178,85
19720529,214,90
19720530,262,124
19720531,235,155
19720601,171,124
19720602,145,114
19720603,204,120
19720604,242,123
19720605,259,151
19720606,280,177
19720607,284,201
19720608,292,188
19720609,228,164
19720610,271,152
19720611,275,147
19720612,252,165
19720613,247,150
19720614,246,147
19720615,271,154
19720616,265,176
19720617,232,160
19720618,207,136
19720619,266,119
19720620,259,158
19720621,265,166
19720622,287,179
19720623,287,157
19720624,204,133
19720625,218,118
19720626,257,120
19720627,273,159
19720628,265,188
19720629,282,190
19720630,263,180
19720701,219,162
19720702,222,168
19720703,234,169
19720704,244,168
19720705,256,173
19720706,260,166
19720707,263,179
19720708,284,179
19720709,318,186
19720710,314,215
19720711,275,137
19720712,168,123
19720713,152,135
19720714,190,147
19720715,243,154
19720716,283,175
19720717,293,188
19720718,295,188
19720719,281,186
19720720,288,196
19720721,285,184
19720722,283,198
19720723,267,200
19720724,272,196
19720725,258,195
19720726,243,190
19720727,242,176
19720728,228,156
19720729,254,168
19720730,242,160
19720731,237,187
19720801,242,166
19720802,256,165
19720803,208,151
19720804,225,149
19720805,235,138
19720806,251,155
19720807,267,159
19720808,279,175
19720809,297,182
19720810,286,198
19720811,299,206
19720812,287,208
19720813,296,201
19720814,308,223
19720815,312,231
19720816,309,206
19720817,246,174
19720818,205,161
19720819,173,114
19720820,160,119
19720821,169,126
19720822,205,117
19720823,201,110
19720824,216,115
19720825,220,132
19720826,201,141
19720827,222,141
19720828,234,158
19720829,214,155
19720830,182,155
19720831,205,145
19720901,199,110
19720902,196,116
19720903,210,125
19720904,229,133
19720905,233,138
19720906,246,138
19720907,245,135
19720908,265,149
19720909,219,179
19720910,241,169
19720911,188,101
19720912,165,78
19720913,172,85
19720914,171,78
19720915,144,82
19720916,142,102
19720917,132,107
19720918,125,107
19720919,147,112
19720920,174,106
19720921,179,88
19720922,183,86
19720923,169,87
19720924,157,104
19720925,138,58
19720926,141,61
19720927,144,98
19720928,158,74
19720929,147,90
19720930,154,99
19721001,147,97
19721002,119,84
19721003,117,68
19721004,101,52
19721005,131,72
19721006,131,102
19721007,116,97
19721008,124,93
19721009,128,87
19721010,133,88
19721011,170,69
19721012,218,137
19721013,226,150
19721014,150,88
19721015,149,44
19721016,139,80
19721017,140,80
19721018,146,28
19721019,95,40
19721020,116,0
19721021,92,34
19721022,88,-2
19721023,136,40
19721024,154,64
19721025,147,51
19721026,156,58
19721027,167,104
19721028,153,99
19721029,139,122
19721030,142,113
19721031,150,102
19721101,120,65
19721102,84,54
19721103,138,43
19721104,98,44
19721105,92,34
19721106,149,25
19721107,145,49
19721108,123,28
19721109,133,60
19721110,93,34
19721111,157,55
19721112,123,29
19721113,128,20
19721114,151,119
19721115,148,9
19721116,24,-2
19721117,130,-8
19721118,192,10
19721119,10,-18
19721120,33,-19
19721121,107,30
19721122,92,58
19721123,91,60
19721124,60,34
19721125,63,21
19721126,48,-4
19721127,40,-20
19721128,66,-18
19721129,90,6
19721130,70,13
19721201,92,47
19721202,78,63
19721203,89,56
19721204,153,75
19721205,135,79
19721206,92,39
19721207,39,-3
19721208,35,0
19721209,122,18
19721210,112,47
19721211,48,22
19721212,54,28
19721213,41,34
19721214,42,35
19721215,38,21
19721216,23,7
19721217,7,-3
19721218,1,-9
19721219,37,-4
19721220,34,11
19721221,11,-22
19721222,-9,-28
19721223,-9,-52
19721224,-21,-38
19721225,-31,-42
19721226,-17,-37
19721227,-6,-20
19721228,-6,-30
19721229,-16,-53
19721230,-8,-56
19721231,-12,-52
19730101,-6,-31
19730102,6,-16
19730103,14,-12
19730104,14,1
19730105,40,7
19730106,26,0
19730107,16,-18
19730108,9,-10
19730109,3,-5
19730110,3,-6
19730111,14,-5
19730112,33,9
19730113,33,-13
19730114,-2,-50
19730115,41,-46
19730116,31,-8
19730117,7,-21
19730118,21,-9
19730119,20,7
19730120,20,7
19730121,12,6
19730122,24,-4
19730123,31,14
19730124,23,9
19730125,19,-1
19730126,-1,-41
19730127,-33,-80
19730128,9,-52
19730129,43,-35
19730130,29,-34
19730131,58,-9
19730201,46,14
19730202,21,9
19730203,32,12
19730204,30,-14
19730205,75,-9
19730206,32,-20
19730207,71,-17
19730208,125,7
19730209,121,40
19730210,95,37
19730211,57,10
19730212,44,-1
19730213,63,-10
19730214,90,53
19730215,70,31
19730216,58,16
19730217,50,20
19730218,57,-13
19730219,58,-13
19730220,61,-5
19730221,77,18
19730222,85,38
19730223,73,23
19730224,61,4
19730225,45,-11
19730226,32,-7
19730227,27,-16
19730228,40,-14
19730301,62,9
19730302,84,-8
19730303,108,43
19730304,70,25
19730305,98,45
19730306,131,12
19730307,123,63
19730308,64,30
19730309,44,12
19730310,41,-4
19730311,44,7
19730312,74,-16
19730313,50,12
19730314,31,-3
19730315,37,5
19730316,43,11
19730317,89,5
19730318,86,-6
19730319,112,29
19730320,115,29
19730321,130,6
19730322,139,30
19730323,169,30
19730324,173,45
19730325,174,87
19730326,174,108
19730327,187,105
19730328,168,86
19730329,119,80
19730330,138,91
19730331,183,59
19730401,178,111
19730402,202,79
19730403,133,37
19730404,99,60
19730405,133,57
19730406,167,36
19730407,203,73
19730408,93,57
19730409,137,47
19730410,158,93
19730411,109,64
19730412,125,46
19730413,68,28
19730414,74,20
19730415,94,24
19730416,112,53
19730417,160,75
19730418,114,63
19730419,128,44
19730420,78,40
19730421,85,36
19730422,127,24
19730423,150,38
19730424,118,74
19730425,102,81
19730426,151,73
19730427,180,74
19730428,203,62
19730429,192,118
19730430,227,116
19730501,244,113
19730502,266,141
19730503,266,156
19730504,265,147
19730505,291,156
19730506,301,177
19730507,255,164
19730508,233,131
19730509,184,105
19730510,185,79
19730511,234,91
19730512,150,91
19730513,194,66
19730514,218,80
19730515,253,99
19730516,135,77
19730517,163,95
19730518,153,81
19730519,233,107
19730520,242,164
19730521,246,146
19730522,264,167
19730523,278,144
19730524,248,158
19730525,213,136
19730526,204,120
19730527,226,105
19730528,232,109
19730529,252,127
19730530,243,155
19730531,233,136
19730601,282,154
19730602,286,158
19730603,258,175
19730604,215,182
19730605,249,149
19730606,244,167
19730607,196,151
19730608,203,124
19730609,221,154
19730610,249,148
19730611,262,167
19730612,249,187
19730613,273,171
19730614,256,171
19730615,213,110
19730616,191,137
19730617,221,124
19730618,204,147
19730619,232,142
19730620,253,130
19730621,204,159
19730622,179,155
19730623,245,154
19730624,184,140
19730625,224,141
19730626,263,154
19730627,288,152
19730628,305,174
19730629,306,181
19730630,246,163
19730701,244,164
19730702,263,174
19730703,285,202
19730704,286,212
19730705,287,194
19730706,289,171
19730707,283,205
19730708,281,170
19730709,273,192
19730710,251,185
19730711,262,164
19730712,279,159
19730713,219,171
19730714,263,147
19730715,281,196
19730716,290,213
19730717,329,197
19730718,301,199
19730719,284,170
19730720,272,151
19730721,303,173
19730722,304,177
19730723,253,143
19730724,254,146
19730725,207,116
19730726,221,140
19730727,230,133
19730728,233,119
19730729,180,157
19730730,233,143
19730731,242,146
19730801,274,156
19730802,272,166
19730803,241,171
19730804,247,164
19730805,260,160
19730806,280,173
19730807,303,186
19730808,247,164
19730809,254,141
19730810,255,147
19730811,272,149
19730812,273,160
19730813,273,169
19730814,250,174
19730815,250,146
19730816,251,154
19730817,269,154
19730818,291,155
19730819,304,171
19730820,314,169
19730821,287,191
19730822,225,193
19730823,229,190
19730824,284,180
19730825,265,168
19730826,226,179
19730827,215,182
19730828,184,155
19730829,188,152
19730830,217,162
19730831,230,134
19730901,220,165
19730902,246,136
19730903,271,137
19730904,286,160
19730905,287,162
19730906,292,175
19730907,290,174
19730908,292,164
19730909,298,168
19730910,276,171
19730911,200,147
19730912,198,104
19730913,201,101
19730914,207,107
19730915,190,113
19730916,209,102
19730917,181,152
19730918,224,158
19730919,176,141
19730920,188,133
19730921,239,123
19730922,188,129
19730923,186,107
19730924,220,150
19730925,178,109
19730926,141,111
19730927,128,102
19730928,161,86
19730929,180,72
19730930,160,72
19731001,142,110
19731002,166,122
19731003,161,128
19731004,176,128
19731005,192,110
19731006,188,94
19731007,181,67
19731008,155,101
19731009,187,137
19731010,180,90
19731011,166,59
19731012,147,55
19731013,62,42
19731014,117,55
19731015,176,71
19731016,193,108
19731017,229,119
19731018,190,66
19731019,127,49
19731020,126,30
19731021,130,90
19731022,139,66
19731023,109,36
19731024,81,35
19731025,67,11
19731026,84,7
19731027,91,17
19731028,96,4
19731029,100,2
19731030,104,16
19731031,113,35
19731101,74,13
19731102,58,-25
19731103,75,-32
19731104,84,-19
19731105,162,68
19731106,193,49
19731107,49,1
19731108,46,-12
19731109,65,1
19731110,99,30
19731111,63,-8
19731112,90,8
19731113,105,-4
19731114,89,63
19731115,71,30
19731116,112,58
19731117,96,46
19731118,74,34
19731119,118,-6
19731120,122,77
19731121,93,9
19731122,70,10
19731123,108,-6
19731124,133,53
19731125,137,70
19731126,70,10
19731127,15,-8
19731128,-8,-41
19731129,4,-44
19731130,16,-29
19731201,-25,-73
19731202,-31,-82
19731203,-37,-71
19731204,-48,-104
19731205,13,-65
19731206,42,-21
19731207,65,20
19731208,94,-11
19731209,112,3
19731210,3,-34
19731211,-20,-62
19731212,-28,-86
19731213,1,-48
19731214,71,-8
19731215,45,17
19731216,35,-21
19731217,72,17
19731218,67,30
19731219,32,2
19731220,105,13
19731221,136,68
19731222,135,82
19731223,115,63
19731224,121,79
19731225,119,89
19731226,103,56
19731227,61,49
19731228,55,37
19731229,38,26
19731230,33,23
19731231,29,13
19740101,25,6
19740102,27,10
19740103,23,14
19740104,22,11
19740105,30,11
19740106,42,22
19740107,40,22
19740108,44,25
19740109,32,18
19740110,18,-4
19740111,14,-5
19740112,53,-4
19740113,24,-14
19740114,14,-6
19740115,17,-5
19740116,35,5
19740117,39,9
19740118,44,7
19740119,72,32
19740120,148,64
19740121,79,17
19740122,39,-21
19740123,38,-12
19740124,8,-10
19740125,34,-14
19740126,13,-9
19740127,23,-20
19740128,37,7
19740129,28,6
19740130,33,5
19740131,71,17
19740201,96,57
19740202,134,70
19740203,113,67
19740204,90,57
19740205,79,45
19740206,115,54
19740207,107,10
19740208,94,26
19740209,118,26
19740210,135,57
19740211,149,41
19740212,148,95
19740213,105,49
19740214,91,59
19740215,94,66
19740216,92,53
19740217,102,74
19740218,111,69
19740219,114,60
19740220,96,48
19740221,78,51
19740222,81,38
19740223,69,48
19740224,57,46
19740225,59,44
19740226,44,18
19740227,58,20
19740228,56,0
19740301,53,5
19740302,51,14
19740303,51,11
19740304,60,18
19740305,75,52
19740306,61,25
19740307,49,29
19740308,32,15
19740309,32,13
19740310,31,12
19740311,49,22
19740312,56,24
19740313,87,34
19740314,110,4
19740315,108,67
19740316,131,42
19740317,160,49
19740318,183,74
19740319,201,129
19740320,199,101
19740321,225,88
19740322,231,102
19740323,202,117
19740324,214,91
19740325,181,131
19740326,186,77
19740327,198,103
19740328,195,100
19740329,196,83
19740330,160,95
19740331,140,69
19740401,110,74
19740402,141,79
19740403,153,57
19740404,167,49
19740405,171,62
19740406,177,94
19740407,170,75
19740408,170,103
19740409,186,82
19740410,208,67
19740411,147,87
19740412,165,92
19740413,136,113
19740414,113,31
19740415,128,43
19740416,115,62
19740417,108,36
19740418,101,51
19740419,135,72
19740420,169,77
19740421,152,72
19740422,153,54
19740423,162,51
19740424,164,70
19740425,115,81
19740426,127,80
19740427,168,52
19740428,167,95
19740429,196,106
19740430,183,109
19740501,159,108
19740502,190,120
19740503,195,122
19740504,129,96
19740505,132,91
19740506,142,102
19740507,134,100
19740508,142,82
19740509,164,102
19740510,197,73
19740511,200,102
19740512,205,119
19740513,211,102
19740514,239,108
19740515,174,94
19740516,176,96
19740517,181,102
19740518,195,96
19740519,220,135
19740520,252,134
19740521,227,137
19740522,256,130
19740523,189,109
19740524,142,112
19740525,165,104
19740526,221,87
19740527,245,118
19740528,243,127
19740529,216,125
19740530,245,147
19740531,238,150
19740601,193,161
19740602,220,143
19740603,235,122
19740604,271,130
19740605,257,155
19740606,259,172
19740607,192,114
19740608,189,100
19740609,233,90
19740610,163,101
19740611,197,91
19740612,197,83
19740613,171,88
19740614,227,114
19740615,225,133
19740616,244,140
19740617,257,141
19740618,250,148
19740619,222,149
19740620,232,131
19740621,200,138
19740622,225,119
19740623,265,135
19740624,210,151
19740625,242,143
19740626,275,142
19740627,268,170
19740628,246,174
19740629,225,158
19740630,248,148
19740701,284,150
19740702,253,176
19740703,267,168
19740704,226,164
19740705,247,171
19740706,294,165
19740707,235,148
19740708,221,124
19740709,242,129
19740710,252,165
19740711,273,174
19740712,306,185
19740713,314,186
19740714,320,187
19740715,250,192
19740716,289,157
19740717,326,192
19740718,252,164
19740719,200,146
19740720,199,150
19740721,209,130
19740722,226,145
19740723,241,173
19740724,288,157
19740725,216,132
19740726,229,132
19740727,256,129
19740728,280,158
19740729,295,177
19740730,302,179
19740731,299,196
19740801,302,198
19740802,301,206
19740803,312,214
19740804,332,218
19740805,300,195
19740806,247,170
19740807,243,139
19740808,274,147
19740809,241,167
19740810,256,148
19740811,208,121
19740812,237,120
19740813,252,113
19740814,280,142
19740815,304,176
19740816,321,201
19740817,317,211
19740818,305,198
19740819,315,203
19740820,306,207
19740821,295,216
19740822,260,185
19740823,256,171
19740824,241,166
19740825,230,187
19740826,212,171
19740827,244,156
19740828,205,173
19740829,240,154
19740830,245,151
19740831,232,138
19740901,244,172
19740902,264,162
19740903,273,166
19740904,215,139
19740905,211,105
19740906,239,124
19740907,201,142
19740908,219,116
19740909,234,133
19740910,251,140
19740911,197,148
19740912,225,164
19740913,228,168
19740914,245,142
19740915,249,157
19740916,237,175
19740917,228,150
19740918,235,147
19740919,231,152
19740920,188,153
19740921,162,132
19740922,174,125
19740923,155,116
19740924,180,115
19740925,162,97
19740926,147,93
19740927,168,63
19740928,211,76
19740929,184,111
19740930,112,92
19741001,113,81
19741002,88,56
19741003,135,46
19741004,116,75
19741005,85,75
19741006,86,62
19741007,73,28
19741008,127,66
19741009,100,55
19741010,140,64
19741011,104,58
19741012,99,69
19741013,97,75
19741014,101,64
19741015,73,43
19741016,67,49
19741017,116,17
19741018,134,36
19741019,124,40
19741020,151,83
19741021,83,41
19741022,116,37
19741023,130,38
19741024,133,67
19741025,144,49
19741026,132,73
19741027,112,37
19741028,86,51
19741029,71,34
19741030,97,10
19741031,66,11
19741101,98,40
19741102,106,0
19741103,128,26
19741104,92,34
19741105,73,56
19741106,62,54
19741107,60,49
19741108,70,48
19741109,89,32
19741110,84,-2
19741111,41,16
19741112,118,8
19741113,141,72
19741114,147,85
19741115,171,108
19741116,189,110
19741117,162,112
19741118,169,99
19741119,136,69
19741120,91,52
19741121,102,42
19741122,83,54
19741123,101,57
19741124,97,77
19741125,88,60
19741126,82,46
19741127,77,30
19741128,62,6
19741129,30,3
19741130,50,-5
19741201,112,17
19741202,112,39
19741203,124,59
19741204,102,43
19741205,66,9
19741206,58,33
19741207,41,11
19741208,102,39
19741209,113,75
19741210,85,34
19741211,55,44
19741212,64,12
19741213,26,-12
19741214,42,-6
19741215,26,-38
19741216,28,-22
19741217,88,-14
19741218,85,24
19741219,24,-15
19741220,99,-8
19741221,106,38
19741222,86,8
19741223,18,-26
19741224,-4,-20
19741225,86,-9
19741226,95,12
19741227,101,40
19741228,87,44
19741229,138,87
19741230,95,54
19741231,54,15
19750101,38,0
19750102,60,7
19750103,58,26
19750104,33,-19
19750105,3,-23
19750106,106,-4
19750107,108,42
19750108,81,21
19750109,27,-2
19750110,47,-28
19750111,73,-20
19750112,102,42
19750113,100,32
19750114,77,7
19750115,114,39
19750116,106,48
19750117,120,55
19750118,126,81
19750119,126,58
19750120,96,55
19750121,80,36
19750122,58,31
19750123,89,28
19750124,99,55
19750125,109,33
19750126,112,67
19750127,85,50
19750128,67,47
19750129,104,28
19750130,76,48
19750131,77,38
19750201,49,15
19750202,62,40
19750203,56,27
19750204,27,15
19750205,20,-5
19750206,37,-29
19750207,67,-26
19750208,48,0
19750209,29,-28
19750210,61,-36
19750211,107,9
19750212,114,66
19750213,113,46
19750214,90,27
19750215,74,17
19750216,54,6
19750217,14,-33
19750218,25,-45
19750219,41,-31
19750220,32,10
19750221,42,13
19750222,66,14
19750223,66,-12
19750224,79,-2
19750225,61,-3
19750226,56,9
19750227,49,-12
19750228,109,-32
19750301,127,-8
19750302,148,53
19750303,155,84
19750304,152,73
19750305,114,77
19750306,142,48
19750307,137,81
19750308,173,83
19750309,155,79
19750310,140,89
19750311,143,93
19750312,110,70
19750313,131,44
19750314,120,75
19750315,120,51
19750316,134,27
19750317,110,51
19750318,82,11
19750319,139,76
19750320,137,74
19750321,102,40
19750322,58,10
19750323,30,0
19750324,71,1
19750325,86,-1
19750326,132,38
19750327,138,78
19750328,146,94
19750329,131,15
19750330,70,25
19750331,92,39
19750401,63,35
19750402,62,50
19750403,111,41
19750404,157,80
19750405,165,97
19750406,207,112
19750407,196,109
19750408,138,92
19750409,166,76
19750410,116,57
19750411,124,40
19750412,136,38
19750413,176,82
19750414,190,105
19750415,188,104
19750416,135,100
19750417,158,82
19750418,138,63
19750419,162,82
19750420,172,66
19750421,203,94
19750422,177,128
19750423,173,104
19750424,191,133
19750425,155,102
19750426,124,52
19750427,140,78
19750428,174,75
19750429,199,67
19750430,213,80
19750501,178,96
19750502,198,103
19750503,216,110
19750504,165,123
19750505,169,121
19750506,190,126
19750507,231,154
19750508,180,129
19750509,199,104
19750510,205,82
19750511,221,97
19750512,219,141
19750513,183,129
19750514,232,126
19750515,231,144
19750516,258,139
19750517,247,147
19750518,266,161
19750519,274,178
19750520,253,173
19750521,253,164
19750522,253,166
19750523,199,134
19750524,139,116
19750525,209,128
19750526,190,130
19750527,160,146
19750528,206,141
19750529,246,136
19750530,235,161
19750531,250,140
19750601,230,154
19750602,163,91
19750603,135,115
19750604,173,111
19750605,171,116
19750606,171,120
19750607,185,127
19750608,172,127
19750609,200,119
19750610,191,132
19750611,203,143
19750612,246,168
19750613,263,167
19750614,283,172
19750615,293,184
19750616,219,170
19750617,204,162
19750618,223,162
19750619,197,135
19750620,187,157
19750621,224,164
19750622,255,171
19750623,279,200
19750624,244,168
19750625,249,153
19750626,245,187
19750627,265,171
19750628,275,189
19750629,224,161
19750630,211,143
19750701,143,103
19750702,195,114
19750703,254,172
19750704,270,164
19750705,232,169
19750706,225,173
19750707,265,168
19750708,283,183
19750709,286,198
19750710,288,188
19750711,263,176
19750712,224,176
19750713,235,165
19750714,283,176
19750715,308,192
19750716,273,201
19750717,284,184
19750718,305,195
19750719,259,168
19750720,257,160
19750721,277,168
19750722,250,174
19750723,273,165
19750724,293,180
19750725,245,160
19750726,224,133
19750727,234,130
19750728,249,135
19750729,267,154
19750730,267,179
19750731,264,195
19750801,272,177
19750802,275,180
19750803,250,173
19750804,267,183
19750805,250,167
19750806,261,161
19750807,253,156
19750808,240,165
19750809,256,166
19750810,275,175
19750811,277,180
19750812,264,178
19750813,231,161
19750814,231,159
19750815,257,152
19750816,252,178
19750817,259,170
19750818,240,179
19750819,235,164
19750820,245,143
19750821,250,148
19750822,248,155
19750823,266,150
19750824,245,178
19750825,208,159
19750826,197,152
19750827,215,163
19750828,197,152
19750829,199,159
19750830,225,155
19750831,235,158
19750901,256,153
19750902,252,166
19750903,239,173
19750904,249,167
19750905,250,162
19750906,247,156
19750907,190,158
19750908,211,149
19750909,210,121
19750910,220,126
19750911,221,157
19750912,232,162
19750913,175,123
19750914,198,97
19750915,243,139
19750916,276,166
19750917,283,181
19750918,267,198
19750919,239,166
19750920,240,147
19750921,242,150
19750922,236,144
19750923,228,159
19750924,223,145
19750925,238,144
19750926,243,145
19750927,204,154
19750928,260,160
19750929,265,155
19750930,240,162
19751001,245,155
19751002,211,173
19751003,215,133
19751004,183,144
19751005,175,112
19751006,173,92
19751007,182,82
19751008,173,98
19751009,129,84
19751010,126,72
19751011,99,70
19751012,91,56
19751013,85,75
19751014,103,75
19751015,103,70
19751016,116,62
19751017,116,105
19751018,115,77
19751019,131,94
19751020,109,100
19751021,126,74
19751022,117,91
19751023,150,82
19751024,143,93
19751025,133,60
19751026,129,32
19751027,145,23
19751028,152,36
19751029,150,40
19751030,115,29
19751031,86,30
19751101,69,43
19751102,107,65
19751103,98,81
19751104,104,86
19751105,104,80
19751106,90,76
19751107,100,75
19751108,110,72
19751109,84,54
19751110,68,55
19751111,68,58
19751112,78,49
19751113,81,49
19751114,66,48
19751115,76,42
19751116,60,18
19751117,43,15
19751118,88,43
19751119,129,53
19751120,93,47
19751121,96,1
19751122,43,-18
19751123,22,-8
19751124,15,-21
19751125,2,-51
19751126,15,-66
19751127,43,-20
19751128,55,28
19751129,66,21
19751130,80,36
19751201,97,60
19751202,60,50
19751203,68,53
19751204,68,40
19751205,60,33
19751206,107,24
19751207,71,24
19751208,63,0
19751209,68,28
19751210,56,29
19751211,47,-1
19751212,36,-1
19751213,20,-2
19751214,15,7
19751215,20,2
19751216,21,5
19751217,51,20
19751218,45,-8
19751219,8,-33
19751220,2,-62
19751221,11,-10
19751222,53,-21
19751223,40,-13
19751224,10,-19
19751225,3,-17
19751226,0,-28
19751227,43,-11
19751228,61,-3
19751229,37,-21
19751230,-10,-29
19751231,-12,-20
19760101,5,-37
19760102,108,-2
19760103,105,28
19760104,87,32
19760105,56,2
19760106,95,34
19760107,39,10
19760108,29,-29
19760109,59,-27
19760110,31,-8
19760111,62,-14
19760112,110,18
19760113,118,26
19760114,100,34
19760115,114,31
19760116,31,-17
19760117,30,-32
19760118,18,-10
19760119,59,-9
19760120,68,-1
19760121,104,51
19760122,98,-18
19760123,111,7
19760124,82,10
19760125,14,-6
19760126,8,-20
19760127,9,-16
19760128,2,-30
19760129,-8,-46
19760130,-23,-94
19760131,-24,-45
19760201,-31,-49
19760202,-14,-37
19760203,9,-15
19760204,17,3
19760205,24,3
19760206,25,13
19760207,17,-31
19760208,-1,-36
19760209,-6,-86
19760210,34,-16
19760211,12,-4
19760212,7,-13
19760213,-10,-38
19760214,27,-20
19760215,46,18
19760216,47,23
19760217,45,24
19760218,24,-2
19760219,32,-3
19760220,35,10
19760221,32,19
19760222,42,10
19760223,73,21
19760224,50,-19
19760225,45,0
19760226,109,-3
19760227,117,27
19760228,107,34
19760229,116,20
19760301,170,22
19760302,170,51
19760303,100,30
19760304,55,-1
19760305,16,-22
19760306,3,-43
19760307,-15,-25
19760308,-14,-55
19760309,11,-19
19760310,17,-7
19760311,13,-36
19760312,19,-64
19760313,15,-43
19760314,25,-16
19760315,57,16
19760316,53,27
19760317,84,36
19760318,103,-4
19760319,157,23
19760320,119,20
19760321,34,-26
19760322,53,-38
19760323,22,-2
19760324,45,12
19760325,87,8
19760326,154,18
19760327,180,38
19760328,127,60
19760329,149,75
19760330,181,38
19760331,171,100
19760401,214,72
19760402,230,90
19760403,248,91
19760404,239,116
19760405,234,101
19760406,238,98
19760407,159,91
19760408,99,66
19760409,90,58
19760410,98,49
19760411,122,52
19760412,159,73
19760413,174,86
19760414,171,76
19760415,188,78
19760416,184,102
19760417,178,91
19760418,204,86
19760419,209,82
19760420,224,106
19760421,212,121
19760422,176,98
19760423,100,56
19760424,145,68
19760425,175,95
19760426,102,63
19760427,160,48
19760428,105,20
19760429,73,26
19760430,118,18
19760501,124,27
19760502,140,60
19760503,171,85
19760504,222,67
19760505,231,108
19760506,254,129
19760507,258,150
19760508,253,155
19760509,228,142
19760510,193,149
19760511,240,127
19760512,247,124
19760513,244,131
19760514,185,68
19760515,202,78
19760516,237,100
19760517,245,134
19760518,249,135
19760519,254,139
19760520,266,144
19760521,239,139
19760522,168,107
19760523,148,84
19760524,158,104
19760525,206,130
19760526,236,133
19760527,168,95
19760528,202,86
19760529,237,102
19760530,257,121
19760531,175,130
19760601,173,112
19760602,180,101
19760603,188,87
19760604,177,112
19760605,166,118
19760606,182,128
19760607,162,129
19760608,240,126
19760609,258,169
19760610,237,157
19760611,246,143
19760612,231,160
19760613,276,154
19760614,247,161
19760615,271,163
19760616,246,128
19760617,201,122
19760618,241,105
19760619,270,133
19760620,280,148
19760621,287,167
19760622,296,192
19760623,263,167
19760624,265,160
19760625,270,161
19760626,276,170
19760627,264,161
19760628,267,157
19760629,295,177
19760630,300,194
19760701,295,180
19760702,296,179
19760703,295,185
19760704,302,169
19760705,308,198
19760706,255,194
19760707,256,166
19760708,278,177
19760709,289,167
19760710,277,184
19760711,265,181
19760712,285,184
19760713,299,191
19760714,274,207
19760715,298,171
19760716,302,175
19760717,313,196
19760718,318,207
19760719,328,208
19760720,332,203
19760721,268,180
19760722,236,172
19760723,200,158
19760724,212,175
19760725,200,164
19760726,208,156
19760727,186,154
19760728,195,161
19760729,230,151
19760730,238,120
19760731,267,143
19760801,200,135
19760802,205,120
19760803,236,117
19760804,242,123
19760805,199,118
19760806,212,111
19760807,238,113
19760808,229,151
19760809,200,148
19760810,230,144
19760811,200,162
19760812,244,141
19760813,216,154
19760814,225,138
19760815,240,132
19760816,216,162
19760817,184,161
19760818,231,154
19760819,229,180
19760820,222,150
19760821,180,133
19760822,159,112
19760823,198,129
19760824,217,110
19760825,220,120
19760826,240,127
19760827,241,120
19760828,245,131
19760829,250,150
19760830,237,168
19760831,223,151
19760901,230,142
19760902,221,143
19760903,233,119
19760904,135,106
19760905,177,102
19760906,173,106
19760907,187,89
19760908,205,88
19760909,211,91
19760910,196,122
19760911,174,101
19760912,229,95
19760913,228,123
19760914,221,144
19760915,181,140
19760916,150,125
19760917,179,120
19760918,164,102
19760919,197,142
19760920,169,101
19760921,169,117
19760922,152,96
19760923,174,120
19760924,175,74
19760925,219,106
19760926,188,147
19760927,221,129
19760928,248,153
19760929,247,173
19760930,212,160
19761001,190,156
19761002,199,146
19761003,222,131
19761004,231,160
19761005,180,139
19761006,189,130
19761007,194,87
19761008,190,97
19761009,217,96
19761010,223,121
19761011,211,103
19761012,234,126
19761013,209,146
19761014,194,123
19761015,180,137
19761016,155,121
19761017,129,75
19761018,75,51
19761019,76,57
19761020,84,65
19761021,92,65
19761022,103,34
19761023,83,22
19761024,68,5
19761025,52,27
19761026,49,35
19761027,51,30
19761028,66,40
19761029,88,56
19761030,129,59
19761031,179,101
19761101,137,80
19761102,152,62
19761103,147,65
19761104,126,94
19761105,156,105
19761106,141,119
19761107,131,104
19761108,159,86
19761109,150,73
19761110,175,75
19761111,146,98
19761112,133,108
19761113,128,106
19761114,115,87
19761115,108,85
19761116,100,71
19761117,88,66
19761118,74,62
19761119,77,52
19761120,60,33
19761121,57,40
19761122,56,39
19761123,55,14
19761124,39,-12
19761125,61,5
19761126,53,4
19761127,96,-5
19761128,84,23
19761129,107,3
19761130,97,23
19761201,129,95
19761202,132,55
19761203,90,36
19761204,57,21
19761205,38,8
19761206,14,-2
19761207,90,8
19761208,104,49
19761209,86,17
19761210,101,29
19761211,46,-2
19761212,21,-30
19761213,16,-26
19761214,-4,-35
19761215,-28,-55
19761216,-9,-31
19761217,14,-13
19761218,27,6
19761219,58,26
19761220,58,44
19761221,57,42
19761222,52,24
19761223,26,6
19761224,9,-5
19761225,14,-8
19761226,23,-20
19761227,-8,-59
19761228,-16,-67
19761229,-2,-29
19761230,-15,-60
19761231,-48,-112
19770101,54,-58
19770102,40,18
19770103,29,15
19770104,15,2
19770105,2,-9
19770106,19,-3
19770107,18,-4
19770108,19,-8
19770109,21,-16
19770110,53,-4
19770111,93,49
19770112,93,56
19770113,66,8
19770114,44,-4
19770115,49,23
19770116,24,0
19770117,48,-4
19770118,29,-9
19770119,-9,-39
19770120,10,-31
19770121,44,-1
19770122,55,4
19770123,127,47
19770124,99,33
19770125,52,21
19770126,121,44
19770127,102,54
19770128,54,2
19770129,82,16
19770130,119,52
19770131,78,41
19770201,43,3
19770202,10,-19
19770203,5,-49
19770204,-4,-52
19770205,28,-26
19770206,33,9
19770207,46,8
19770208,110,-6
19770209,114,58
19770210,133,71
19770211,150,95
19770212,134,81
19770213,138,71
19770214,92,52
19770215,90,34
19770216,86,17
19770217,86,22
19770218,123,17
19770219,144,69
19770220,153,91
19770221,155,114
19770222,137,89
19770223,154,101
19770224,151,60
19770225,139,72
19770226,111,75
19770227,82,6
19770228,16,-13
19770301,66,-28
19770302,79,-1
19770303,138,65
19770304,129,86
19770305,132,70
19770306,186,39
19770307,130,56
19770308,134,61
19770309,181,48
19770310,151,93
19770311,159,82
19770312,149,92
19770313,102,65
19770314,150,25
19770315,139,92
19770316,168,42
19770317,190,59
19770318,195,72
19770319,191,78
19770320,179,89
19770321,162,80
19770322,195,78
19770323,231,106
19770324,240,95
19770325,228,119
19770326,201,112
19770327,201,99
19770328,171,115
19770329,131,24
19770330,44,-8
19770331,23,-12
19770401,95,1
19770402,113,29
19770403,139,74
19770404,112,92
19770405,92,48
19770406,133,8
19770407,164,80
19770408,155,103
19770409,103,40
19770410,57,21
19770411,77,22
19770412,98,18
19770413,128,27
19770414,103,52
19770415,95,26
19770416,110,31
19770417,139,36
19770418,178,37
19770419,161,57
19770420,131,71
19770421,148,40
19770422,195,54
19770423,208,127
19770424,158,106
19770425,156,41
19770426,212,86
19770427,245,87
19770428,189,125
19770429,267,124
19770430,265,133
19770501,267,133
19770502,234,135
19770503,251,132
19770504,268,152
19770505,241,161
19770506,204,99
19770507,202,100
19770508,152,107
19770509,156,98
19770510,192,108
19770511,217,89
19770512,245,107
19770513,227,141
19770514,215,146
19770515,179,117
19770516,201,112
19770517,217,103
19770518,184,129
19770519,222,176
19770520,271,167
19770521,270,159
19770522,213,143
19770523,143,104
19770524,205,93
19770525,231,101
19770526,203,134
19770527,162,82
19770528,184,63
19770529,215,86
19770530,250,100
19770531,181,104
19770601,174,94
19770602,191,92
19770603,194,85
19770604,198,105
19770605,226,129
19770606,237,136
19770607,242,139
19770608,268,147
19770609,292,163
19770610,304,160
19770611,300,190
19770612,295,205
19770613,315,205
19770614,304,201
19770615,266,171
19770616,224,173
19770617,258,164
19770618,297,186
19770619,299,193
19770620,279,178
19770621,264,180
19770622,221,144
19770623,236,136
19770624,257,151
19770625,264,151
19770626,250,142
19770627,201,153
19770628,236,132
19770629,266,150
19770630,242,160
19770701,232,148
19770702,260,150
19770703,295,158
19770704,276,180
19770705,257,182
19770706,250,143
19770707,278,161
19770708,291,174
19770709,261,198
19770710,251,167
19770711,266,156
19770712,296,176
19770713,304,180
19770714,285,194
19770715,225,154
19770716,229,146
19770717,249,146
19770718,263,175
19770719,232,170
19770720,270,190
19770721,228,154
19770722,185,146
19770723,240,166
19770724,265,159
19770725,294,159
19770726,213,129
19770727,216,115
19770728,232,131
19770729,259,147
19770730,275,187
19770731,256,194
19770801,236,154
19770802,202,159
19770803,246,129
19770804,265,152
19770805,280,172
19770806,279,173
19770807,262,175
19770808,280,181
19770809,278,185
19770810,260,150
19770811,223,155
19770812,226,160
19770813,240,174
19770814,227,162
19770815,254,145
19770816,257,156
19770817,257,170
19770818,279,181
19770819,268,167
19770820,253,154
19770821,219,164
19770822,211,152
19770823,223,130
19770824,200,137
19770825,224,119
19770826,242,133
19770827,260,141
19770828,240,172
19770829,235,169
19770830,265,192
19770831,249,193
19770901,258,175
19770902,239,166
19770903,255,168
19770904,268,151
19770905,263,165
19770906,255,162
19770907,258,161
19770908,270,163
19770909,248,114
19770910,178,88
19770911,220,122
19770912,250,140
19770913,223,122
19770914,167,106
19770915,215,74
19770916,190,125
19770917,133,69
19770918,86,66
19770919,143,76
19770920,102,68
19770921,127,86
19770922,146,86
19770923,150,82
19770924,151,118
19770925,165,102
19770926,161,70
19770927,148,84
19770928,133,77
19770929,145,34
19770930,179,71
19771001,193,92
19771002,167,61
19771003,139,29
19771004,178,32
19771005,196,85
19771006,208,119
19771007,226,123
19771008,219,128
19771009,214,111
19771010,181,137
19771011,149,130
19771012,147,130
19771013,173,130
19771014,164,132
19771015,165,130
19771016,152,111
19771017,145,59
19771018,147,39
19771019,191,67
19771020,168,94
19771021,160,66
19771022,166,108
19771023,205,104
19771024,121,90
19771025,134,65
19771026,142,60
19771027,117,64
19771028,120,76
19771029,120,84
19771030,125,109
19771031,121,109
19771101,139,96
19771102,134,90
19771103,172,68
19771104,180,103
19771105,166,109
19771106,124,103
19771107,120,102
19771108,102,83
19771109,89,73
19771110,184,65
19771111,177,73
19771112,177,76
19771113,154,38
19771114,60,12
19771115,89,32
19771116,77,54
19771117,86,28
19771118,59,14
19771119,30,0
19771120,21,-2
19771121,94,-9
19771122,122,37
19771123,76,30
19771124,34,-1
19771125,84,7
19771126,61,22
19771127,33,5
19771128,39,14
19771129,25,-10
19771130,15,-9
19771201,4,-9
19771202,27,-3
19771203,19,5
19771204,24,-16
19771205,-16,-68
19771206,12,-68
19771207,53,12
19771208,40,-6
19771209,30,17
19771210,32,19
19771211,19,-8
19771212,-8,-28
19771213,-17,-36
19771214,-2,-43
19771215,35,-14
19771216,40,3
19771217,39,-2
19771218,10,-22
19771219,-22,-39
19771220,-28,-39
19771221,-30,-43
19771222,-16,-40
19771223,-18,-36
19771224,21,-51
19771225,111,21
19771226,77,27
19771227,79,3
19771228,81,58
19771229,65,37
19771230,58,28
19771231,81,9
19780101,66,0
19780102,72,-12
19780103,90,48
19780104,90,30
19780105,30,-26
19780106,-6,-47
19780107,22,-13
19780108,23,-26
19780109,-26,-44
19780110,-31,-44
19780111,-20,-51
19780112,78,-20
19780113,70,35
19780114,42,5
19780115,32,8
19780116,12,-2
19780117,12,-2
19780118,11,-5
19780119,0,-13
19780120,1,-8
19780121,6,-20
19780122,6,-19
19780123,10,-10
19780124,36,-3
19780125,63,32
19780126,35,-5
19780127,22,-12
19780128,43,-28
19780129,100,42
19780130,54,26
19780131,62,16
19780201,42,6
19780202,28,6
19780203,46,-3
19780204,40,23
19780205,30,12
19780206,23,8
19780207,26,-2
19780208,2,-22
19780209,-9,-33
19780210,10,-19
19780211,18,-10
19780212,89,0
19780213,47,-8
19780214,47,12
19780215,29,-13
19780216,26,-34
19780217,47,4
19780218,27,-14
19780219,-6,-38
19780220,-13,-40
19780221,-19,-103
19780222,11,-94
19780223,89,-40
19780224,111,59
19780225,108,37
19780226,151,60
19780227,108,87
19780228,126,65
19780301,111,81
19780302,159,74
19780303,175,77
19780304,169,63
19780305,129,84
19780306,118,79
19780307,79,3
19780308,73,-3
19780309,119,22
19780310,123,27
19780311,147,25
19780312,119,52
19780313,109,7
19780314,115,71
19780315,123,63
19780316,144,47
19780317,125,86
19780318,91,30
19780319,72,16
19780320,98,-11
19780321,128,67
19780322,91,47
19780323,115,20
19780324,75,12
19780325,107,38
19780326,115,34
19780327,112,36
19780328,161,64
19780329,201,57
19780330,208,76
19780331,198,78
19780401,188,98
19780402,181,91
19780403,169,78
19780404,164,107
19780405,141,94
19780406,106,57
19780407,105,23
19780408,84,23
19780409,131,32
19780410,141,72
19780411,174,93
19780412,144,53
19780413,68,40
19780414,105,29
19780415,73,40
19780416,78,42
19780417,103,15
19780418,116,42
19780419,109,62
19780420,147,66
19780421,157,83
19780422,152,99
19780423,175,79
19780424,192,88
19780425,195,73
19780426,200,80
19780427,154,93
19780428,181,83
19780429,212,90
19780430,213,130
19780501,200,113
19780502,142,100
19780503,204,105
19780504,205,103
19780505,213,93
19780506,182,130
19780507,197,125
19780508,184,102
19780509,197,120
19780510,157,98
19780511,98,33
19780512,109,19
19780513,86,53
19780514,128,65
19780515,169,50
19780516,186,90
19780517,199,81
19780518,197,107
19780519,213,135
19780520,207,119
19780521,194,131
19780522,178,134
19780523,193,110
19780524,183,132
19780525,205,124
19780526,191,130
19780527,185,100
19780528,193,115
19780529,221,107
19780530,199,133
19780531,221,123
19780601,254,145
19780602,250,152
19780603,274,152
19780604,280,145
19780605,282,160
19780606,276,150
19780607,281,169
19780608,284,180
19780609,266,161
19780610,274,173
19780611,229,145
19780612,180,139
19780613,160,104
19780614,158,105
19780615,198,85
19780616,221,112
19780617,222,145
19780618,242,149
19780619,224,136
19780620,247,134
19780621,223,159
19780622,249,133
19780623,259,141
19780624,257,144
19780625,222,125
19780626,203,122
19780627,179,137
19780628,200,132
19780629,222,103
19780630,249,125
19780701,260,153
19780702,220,162
19780703,263,133
19780704,268,156
19780705,235,132
19780706,237,116
19780707,201,142
19780708,215,140
19780709,230,105
19780710,199,135
19780711,222,142
19780712,287,164
19780713,281,183
19780714,269,186
19780715,246,154
19780716,228,151
19780717,252,181
19780718,280,177
19780719,241,140
19780720,250,134
19780721,202,123
19780722,199,101
19780723,211,113
19780724,227,124
19780725,247,133
19780726,257,150
19780727,265,158
19780728,278,165
19780729,278,171
19780730,250,180
19780731,270,163
19780801,280,174
19780802,298,201
19780803,300,191
19780804,226,180
19780805,268,173
19780806,272,172
19780807,306,181
19780808,264,170
19780809,252,137
19780810,199,140
19780811,219,125
19780812,219,129
19780813,183,126
19780814,193,143
19780815,233,128
19780816,260,145
19780817,251,164
19780818,232,170
19780819,218,150
19780820,238,131
19780821,239,137
19780822,243,151
19780823,249,143
19780824,263,157
19780825,258,169
19780826,199,144
19780827,193,111
19780828,148,117
19780829,205,111
19780830,210,118
19780831,142,112
19780901,193,71
19780902,196,92
19780903,213,107
19780904,229,116
19780905,235,138
19780906,223,149
19780907,209,149
19780908,206,139
19780909,217,136
19780910,211,152
19780911,272,154
19780912,205,112
19780913,181,106
19780914,179,100
19780915,202,101
19780916,206,115
19780917,221,125
19780918,230,114
19780919,190,132
19780920,158,97
19780921,146,67
19780922,192,78
19780923,187,121
19780924,222,140
19780925,244,152
19780926,241,155
19780927,183,117
19780928,131,94
19780929,168,63
19780930,174,114
19781001,155,83
19781002,117,94
19781003,149,113
19781004,164,120
19781005,130,85
19781006,156,50
19781007,189,107
19781008,187,107
19781009,191,115
19781010,187,102
19781011,166,85
19781012,167,75
19781013,167,103
19781014,141,89
19781015,149,92
19781016,162,83
19781017,126,57
19781018,142,71
19781019,128,100
19781020,115,92
19781021,150,87
19781022,120,48
19781023,140,60
19781024,148,76
19781025,150,49
19781026,110,75
19781027,92,57
19781028,106,38
19781029,118,64
19781030,145,74
19781031,141,99
19781101,127,49
19781102,112,51
19781103,73,49
19781104,92,70
19781105,83,52
19781106,60,44
19781107,61,52
19781108,53,41
19781109,41,33
19781110,33,21
19781111,24,14
19781112,14,2
19781113,9,-4
19781114,12,-4
19781115,15,-7
19781116,3,-19
19781117,30,-15
19781118,17,-9
19781119,21,1
19781120,13,-17
19781121,7,-12
19781122,3,-10
19781123,5,-20
19781124,-2,-22
19781125,1,-26
19781126,16,-20
19781127,16,5
19781128,18,-4
19781129,27,5
19781130,58,-4
19781201,3,-44
19781202,26,-20
19781203,19,-10
19781204,-7,-43
19781205,6,-34
19781206,-34,-68
19781207,-47,-60
19781208,-45,-64
19781209,0,-52
19781210,7,-14
19781211,20,-3
19781212,100,17
19781213,108,78
19781214,95,51
19781215,53,3
19781216,105,6
19781217,83,58
19781218,70,-26
19781219,-26,-47
19781220,3,-35
19781221,25,-31
19781222,10,-14
19781223,10,-5
19781224,12,-2
19781225,32,2
19781226,50,19
19781227,85,7
19781228,109,59
19781229,131,66
19781230,131,73
19781231,134,73
19790101,117,-78
19790102,-39,-89
19790103,-40,-93
19790104,-36,-98
19790105,-37,-68
19790106,-53,-99
19790107,-43,-108
19790108,-36,-107
19790109,44,-47
19790110,27,6
19790111,48,-4
19790112,15,-23
19790113,-10,-35
19790114,30,-51
19790115,28,-22
19790116,12,-18
19790117,-18,-45
19790118,-20,-40
19790119,-11,-61
19790120,-34,-91
19790121,4,-34
19790122,23,-4
19790123,83,19
19790124,45,26
19790125,31,13
19790126,35,5
19790127,123,1
19790128,162,112
19790129,140,9
19790130,72,9
19790131,69,25
19790201,36,-11
19790202,104,30
19790203,111,74
19790204,74,49
19790205,78,54
19790206,80,33
19790207,33,-6
19790208,78,13
19790209,59,28
19790210,59,23
19790211,23,5
19790212,23,2
19790213,52,15
19790214,75,31
19790215,78,56
19790216,77,59
19790217,60,6
19790218,9,-1
19790219,32,3
19790220,32,6
19790221,38,-11
19790222,34,-29
19790223,53,-24
19790224,58,-13
19790225,30,1
19790226,1,-15
19790227,18,-9
19790228,3,-16
19790301,83,-15
19790302,96,8
19790303,104,14
19790304,127,6
19790305,126,32
19790306,95,53
19790307,134,56
19790308,98,32
19790309,84,0
19790310,92,53
19790311,80,18
19790312,124,58
19790313,157,63
19790314,156,115
19790315,188,108
19790316,169,85
19790317,143,56
19790318,138,70
19790319,157,74
19790320,176,67
19790321,126,72
19790322,94,67
19790323,146,59
19790324,108,64
19790325,145,42
19790326,162,112
19790327,126,88
19790328,161,81
19790329,120,65
19790330,100,41
19790331,152,72
19790401,121,55
19790402,129,73
19790403,151,40
19790404,119,65
19790405,137,43
19790406,106,63
19790407,122,47
19790408,126,34
19790409,141,41
19790410,159,54
19790411,175,77
19790412,161,70
19790413,178,73
19790414,197,80
19790415,223,85
19790416,211,101
19790417,136,121
19790418,127,52
19790419,102,31
19790420,115,40
19790421,142,37
19790422,167,85
19790423,193,53
19790424,173,114
19790425,178,108
19790426,181,82
19790427,163,97
19790428,109,83
19790429,146,75
19790430,166,68
19790501,149,108
19790502,180,108
19790503,152,54
19790504,133,49
19790505,156,61
19790506,141,27
19790507,136,95
19790508,153,83
19790509,183,82
19790510,206,90
19790511,201,133
19790512,181,115
19790513,204,136
19790514,207,139
19790515,228,109
19790516,242,116
19790517,249,127
19790518,255,130
19790519,283,136
19790520,300,169
19790521,260,174
19790522,252,146
19790523,271,158
19790524,293,173
19790525,272,158
19790526,271,149
19790527,277,148
19790528,249,174
19790529,266,183
19790530,259,187
19790531,277,170
19790601,301,190
19790602,302,193
19790603,310,203
19790604,303,201
19790605,308,194
19790606,310,205
19790607,294,188
19790608,264,191
19790609,263,172
19790610,279,176
19790611,295,185
19790612,268,196
19790613,294,185
19790614,234,170
19790615,263,154
19790616,215,143
19790617,191,129
19790618,184,125
19790619,194,135
19790620,179,152
19790621,180,146
19790622,234,145
19790623,203,155
19790624,259,158
19790625,280,183
19790626,293,200
19790627,293,205
19790628,294,187
19790629,251,178
19790630,277,167
19790701,218,151
19790702,196,121
19790703,130,115
19790704,204,129
19790705,215,153
19790706,225,128
19790707,254,158
19790708,227,138
19790709,227,116
19790710,239,154
19790711,236,161
19790712,255,168
19790713,280,183
19790714,256,181
19790715,246,181
19790716,258,164
19790717,202,153
19790718,253,151
19790719,290,166
19790720,290,195
19790721,285,193
19790722,236,147
19790723,199,138
19790724,220,132
19790725,249,150
19790726,270,154
19790727,263,172
19790728,235,157
19790729,263,156
19790730,287,182
19790731,306,194
19790801,321,210
19790802,304,204
19790803,312,212
19790804,283,167
19790805,244,148
19790806,256,164
19790807,269,179
19790808,279,182
19790809,252,186
19790810,199,147
19790811,197,145
19790812,210,132
19790813,228,136
19790814,243,171
19790815,267,170
19790816,279,186
19790817,257,191
19790818,236,167
19790819,192,156
19790820,219,143
19790821,230,142
19790822,251,157
19790823,259,153
19790824,254,154
19790825,172,123
19790826,171,83
19790827,200,126
19790828,211,146
19790829,192,147
19790830,199,113
19790831,211,120
19790901,228,124
19790902,236,125
19790903,249,134
19790904,199,140
19790905,169,116
19790906,200,140
19790907,224,117
19790908,237,136
19790909,244,145
19790910,249,154
19790911,243,164
19790912,248,155
19790913,257,154
19790914,251,157
19790915,208,130
19790916,154,89
19790917,167,59
19790918,226,82
19790919,236,137
19790920,233,136
19790921,246,140
19790922,215,161
19790923,183,133
19790924,153,132
19790925,133,100
19790926,144,100
19790927,174,97
19790928,183,127
19790929,160,134
19790930,165,128
19791001,189,134
19791002,149,98
19791003,133,77
19791004,135,38
19791005,180,51
19791006,147,67
19791007,102,75
19791008,101,69
19791009,126,83
19791010,109,86
19791011,145,71
19791012,188,93
19791013,212,139
19791014,233,148
19791015,208,136
19791016,231,126
19791017,213,132
19791018,186,141
19791019,147,89
19791020,144,60
19791021,146,30
19791022,146,75
19791023,106,67
19791024,117,51
19791025,93,33
19791026,74,6
19791027,47,-4
19791028,86,37
19791029,75,47
19791030,60,54
19791031,96,55
19791101,84,30
19791102,109,38
19791103,102,65
19791104,70,46
19791105,65,39
19791106,100,34
19791107,128,50
19791108,138,71
19791109,177,102
19791110,146,39
19791111,64,28
19791112,58,15
19791113,85,-4
19791114,101,71
19791115,115,63
19791116,115,84
19791117,108,70
19791118,107,80
19791119,97,66
19791120,66,49
19791121,77,47
19791122,70,54
19791123,59,42
19791124,56,37
19791125,64,26
19791126,62,5
19791127,60,5
19791128,76,37
19791129,99,18
19791130,178,36
19791201,147,54
19791202,127,62
19791203,99,25
19791204,106,8
19791205,113,21
19791206,114,22
19791207,136,62
19791208,127,60
19791209,116,55
19791210,126,52
19791211,153,93
19791212,104,23
19791213,29,-10
19791214,96,-14
19791215,97,53
19791216,81,38
19791217,61,11
19791218,84,10
19791219,35,6
19791220,39,13
19791221,35,4
19791222,67,26
19791223,67,34
19791224,64,40
19791225,65,47
19791226,47,34
19791227,34,10
19791228,24,10
19791229,26,17
19791230,32,-7
19791231,11,-7
19800101,49,-6
19800102,32,-5
19800103,23,-27
19800104,-3,-50
19800105,13,-62
19800106,32,-30
19800107,-19,-48
19800108,-4,-37
19800109,24,-20
19800110,7,-20
19800111,-9,-37
19800112,-34,-50
19800113,-25,-83
19800114,-51,-93
19800115,-58,-109
19800116,-32,-63
19800117,-5,-44
19800118,-4,-19
19800119,-8,-23
19800120,-16,-32
19800121,0,-22
19800122,4,-10
19800123,79,1
19800124,55,19
19800125,75,15
19800126,15,-20
19800127,37,-8
19800128,29,-37
19800129,43,-21
19800130,87,-8
19800131,120,62
19800201,120,64
19800202,83,30
19800203,97,49
19800204,141,30
19800205,89,56
19800206,133,43
19800207,99,68
19800208,117,62
19800209,86,14
19800210,142,7
19800211,82,42
19800212,99,24
19800213,91,35
19800214,50,8
19800215,34,4
19800216,39,-34
19800217,63,-6
19800218,38,17
19800219,34,16
19800220,60,6
19800221,57,5
19800222,69,3
19800223,38,-1
19800224,52,5
19800225,84,-32
19800226,88,-10
19800227,32,-25
19800228,21,-33
19800229,44,-31
19800301,107,-18
19800302,122,0
19800303,99,5
19800304,56,-38
19800305,77,-22
19800306,83,15
19800307,79,35
19800308,119,42
19800309,75,7
19800310,97,32
19800311,91,23
19800312,104,38
19800313,126,33
19800314,113,38
19800315,92,23
19800316,54,20
19800317,99,31
19800318,102,15
19800319,132,19
19800320,126,60
19800321,92,29
19800322,85,16
19800323,70,47
19800324,73,40
19800325,127,61
19800326,131,62
19800327,162,53
19800328,196,98
19800329,182,110
19800330,149,75
19800331,147,41
19800401,171,76
19800402,206,75
19800403,117,59
19800404,92,50
19800405,88,47
19800406,90,29
19800407,83,47
19800408,114,45
19800409,110,49
19800410,118,55
19800411,114,52
19800412,127,54
19800413,151,48
19800414,196,52
19800415,206,61
19800416,209,85
19800417,221,115
19800418,211,100
19800419,170,105
19800420,135,7
19800421,61,12
19800422,83,31
19800423,134,56
19800424,120,57
19800425,93,47
19800426,130,47
19800427,157,75
19800428,135,86
19800429,154,70
19800430,171,71
19800501,163,129
19800502,190,139
19800503,152,104
19800504,183,103
19800505,156,69
19800506,116,68
19800507,195,71
19800508,224,129
19800509,201,106
19800510,138,90
19800511,153,88
19800512,182,103
19800513,190,87
19800514,173,83
19800515,132,73
19800516,99,66
19800517,141,88
19800518,154,84
19800519,160,97
19800520,203,110
19800521,215,113
19800522,195,112
19800523,143,102
19800524,166,119
19800525,199,111
19800526,229,94
19800527,225,115
19800528,220,154
19800529,223,126
19800530,202,126
19800531,152,121
19800601,194,120
19800602,197,129
19800603,233,125
19800604,222,151
19800605,233,156
19800606,227,164
19800607,239,150
19800608,189,137
19800609,203,148
19800610,234,160
19800611,245,144
19800612,279,151
19800613,295,174
19800614,308,193
19800615,293,193
19800616,255,174
19800617,269,170
19800618,227,142
19800619,206,131
19800620,249,132
19800621,210,140
19800622,243,154
19800623,237,152
19800624,234,179
19800625,244,151
19800626,192,140
19800627,158,128
19800628,223,110
19800629,213,131
19800630,211,111
19800701,234,123
19800702,193,131
19800703,230,104
19800704,231,130
19800705,222,138
19800706,267,146
19800707,214,167
19800708,270,161
19800709,292,183
19800710,260,167
19800711,242,141
19800712,202,145
19800713,231,147
19800714,257,150
19800715,277,164
19800716,290,187
19800717,190,149
19800718,213,161
19800719,237,142
19800720,284,158
19800721,232,136
19800722,209,122
19800723,269,127
19800724,274,157
19800725,283,174
19800726,283,178
19800727,233,199
19800728,290,176
19800729,275,180
19800730,271,184
19800731,272,203
19800801,268,184
19800802,285,185
19800803,303,194
19800804,305,209
19800805,303,197
19800806,278,224
19800807,285,223
19800808,314,206
19800809,262,173
19800810,262,183
19800811,249,175
19800812,268,177
19800813,223,160
19800814,229,125
19800815,260,142
19800816,268,164
19800817,251,187
19800818,240,173
19800819,245,146
19800820,244,152
19800821,291,174
19800822,228,155
19800823,180,136
19800824,142,99
19800825,191,78
19800826,217,130
19800827,245,134
19800828,248,176
19800829,242,182
19800830,267,170
19800831,203,131
19800901,213,119
19800902,184,115
19800903,193,100
19800904,204,98
19800905,231,107
19800906,232,134
19800907,224,135
19800908,201,152
19800909,205,140
19800910,185,108
19800911,175,76
19800912,206,109
19800913,228,126
19800914,196,136
19800915,218,109
19800916,199,140
19800917,203,146
19800918,205,127
19800919,222,140
19800920,225,157
19800921,257,148
19800922,263,155
19800923,230,174
19800924,195,156
19800925,196,158
19800926,203,128
19800927,176,108
19800928,179,108
19800929,174,105
19800930,191,78
19801001,183,117
19801002,167,83
19801003,177,92
19801004,175,120
19801005,166,87
19801006,144,120
19801007,207,127
19801008,193,100
19801009,106,80
19801010,104,74
19801011,142,50
19801012,139,97
19801013,143,94
19801014,141,93
19801015,144,90
19801016,216,125
19801017,174,113
19801018,153,114
19801019,119,106
19801020,128,79
19801021,111,37
19801022,90,27
19801023,146,24
19801024,177,103
19801025,151,87
19801026,117,76
19801027,121,37
19801028,139,41
19801029,167,52
19801030,131,78
19801031,111,77
19801101,82,30
19801102,30,4
19801103,16,1
19801104,17,-5
19801105,26,15
19801106,31,15
19801107,104,20
19801108,70,21
19801109,73,27
19801110,73,21
19801111,38,-4
19801112,39,-31
19801113,39,10
19801114,57,0
19801115,92,-3
19801116,145,85
19801117,150,105
19801118,143,85
19801119,130,83
19801120,111,79
19801121,112,41
19801122,114,39
19801123,112,18
19801124,113,27
19801125,140,41
19801126,148,72
19801127,129,12
19801128,20,4
19801129,11,-10
19801130,11,-13
19801201,-13,-51
19801202,-35,-65
19801203,-18,-80
19801204,-11,-61
19801205,-30,-93
19801206,65,-56
19801207,22,-30
19801208,-7,-58
19801209,-36,-106
19801210,10,-91
19801211,92,-28
19801212,62,13
19801213,24,-28
19801214,76,-17
19801215,87,2
19801216,81,41
19801217,55,35
19801218,35,17
19801219,27,11
19801220,27,18
19801221,36,12
19801222,74,30
19801223,55,-2
19801224,92,19
19801225,55,-4
19801226,42,-7
19801227,52,27
19801228,36,19
19801229,31,-17
19801230,25,-38
19801231,28,-37
19810101,30,-27
19810102,41,-12
19810103,98,1
19810104,82,30
19810105,60,11
19810106,27,-14
19810107,7,-37
19810108,-35,-52
19810109,-21,-73
19810110,-30,-99
19810111,-10,-69
19810112,0,-57
19810113,40,-22
19810114,20,-24
19810115,10,-63
19810116,32,-27
19810117,10,-63
19810118,24,-33
19810119,15,-41
19810120,13,-26
19810121,48,-28
19810122,16,-5
19810123,19,-18
19810124,10,-57
19810125,13,-60
19810126,29,-23
19810127,22,-24
19810128,7,-34
19810129,25,-65
19810130,42,-30
19810131,38,-54
19810201,73,-20
19810202,87,-10
19810203,103,-9
19810204,84,47
19810205,72,13
19810206,52,-15
19810207,69,-8
19810208,121,13
19810209,101,12
19810210,106,52
19810211,85,9
19810212,21,-4
19810213,24,-45
19810214,9,-46
19810215,9,-73
19810216,25,-55
19810217,31,-15
19810218,15,-12
19810219,1,-25
19810220,23,-19
19810221,17,-5
19810222,12,-5
19810223,23,1
19810224,25,14
19810225,55,14
19810226,45,5
19810227,33,-26
19810228,30,-11
19810301,29,4
19810302,40,3
19810303,69,23
19810304,45,12
19810305,64,4
19810306,114,7
19810307,144,67
19810308,160,31
19810309,163,76
19810310,181,67
19810311,148,96
19810312,181,102
19810313,130,88
19810314,160,71
19810315,149,79
19810316,132,61
19810317,144,61
19810318,102,37
19810319,103,37
19810320,134,7
19810321,167,50
19810322,184,56
19810323,182,74
19810324,201,86
19810325,195,119
19810326,213,99
19810327,202,132
19810328,182,113
19810329,185,100
19810330,180,111
19810331,199,115
19810401,209,107
19810402,199,103
19810403,153,72
19810404,151,50
19810405,168,83
19810406,188,103
19810407,198,89
19810408,224,100
19810409,219,133
19810410,187,135
19810411,175,102
19810412,187,81
19810413,219,77
19810414,222,98
19810415,195,121
19810416,205,87
19810417,94,33
19810418,94,29
19810419,107,33
19810420,146,24
19810421,142,79
19810422,182,42
19810423,129,71
19810424,103,60
19810425,131,53
19810426,196,93
19810427,169,108
19810428,144,65
19810429,138,77
19810430,192,44
19810501,201,101
19810502,151,83
19810503,83,51
19810504,88,58
19810505,139,65
19810506,177,51
19810507,198,91
19810508,210,94
19810509,240,131
19810510,241,138
19810511,217,124
19810512,137,106
19810513,190,105
19810514,214,106
19810515,222,116
19810516,208,103
19810517,225,117
19810518,216,131
19810519,245,127
19810520,258,147
19810521,251,153
19810522,219,178
19810523,193,142
19810524,227,129
19810525,248,160
19810526,270,156
19810527,230,151
19810528,175,124
19810529,235,101
19810530,251,145
19810531,279,160
19810601,286,177
19810602,291,184
19810603,304,190
19810604,288,193
19810605,280,141
19810606,208,147
19810607,244,142
19810608,274,165
19810609,270,196
19810610,258,173
19810611,254,164
19810612,288,156
19810613,231,173
19810614,250,148
19810615,314,162
19810616,310,177
19810617,225,151
19810618,189,103
19810619,209,96
19810620,187,113
19810621,219,127
19810622,209,138
19810623,195,145
19810624,187,136
19810625,247,133
19810626,194,146
19810627,256,142
19810628,278,161
19810629,290,189
19810630,239,174
19810701,221,145
19810702,256,140
19810703,296,182
19810704,250,187
19810705,243,141
19810706,256,158
19810707,259,178
19810708,270,191
19810709,274,184
19810710,279,178
19810711,295,187
19810712,284,199
19810713,262,195
19810714,236,175
19810715,254,174
19810716,260,171
19810717,295,179
19810718,310,198
19810719,240,171
19810720,216,124
19810721,243,137
19810722,284,157
19810723,294,161
19810724,294,181
19810725,245,169
19810726,195,147
19810727,223,134
19810728,216,149
19810729,247,148
19810730,273,163
19810731,295,176
19810801,310,194
19810802,317,217
19810803,329,222
19810804,289,215
19810805,260,214
19810806,280,201
19810807,285,209
19810808,307,193
19810809,320,210
19810810,275,206
19810811,257,193
19810812,258,193
19810813,250,196
19810814,278,182
19810815,280,178
19810816,290,182
19810817,239,157
19810818,217,147
19810819,242,132
19810820,271,137
19810821,210,140
19810822,213,129
19810823,213,118
19810824,207,105
19810825,207,129
19810826,217,137
19810827,239,148
19810828,171,109
19810829,218,96
19810830,228,143
19810831,247,161
19810901,239,161
19810902,193,146
19810903,201,122
19810904,183,156
19810905,183,131
19810906,193,146
19810907,219,126
19810908,224,130
19810909,229,133
19810910,193,162
19810911,178,150
19810912,227,120
19810913,242,131
19810914,205,112
19810915,187,92
19810916,209,102
19810917,213,140
19810918,201,134
19810919,236,143
19810920,240,167
19810921,254,178
19810922,278,170
19810923,265,177
19810924,212,160
19810925,219,158
19810926,239,132
19810927,233,140
19810928,187,156
19810929,203,140
19810930,149,112
19811001,208,127
19811002,152,112
19811003,199,139
19811004,223,147
19811005,231,149
19811006,232,159
19811007,244,186
19811008,203,154
19811009,194,119
19811010,202,117
19811011,209,122
19811012,129,80
19811013,140,74
19811014,130,44
19811015,173,103
19811016,179,118
19811017,155,108
19811018,225,84
19811019,175,140
19811020,177,139
19811021,203,133
19811022,184,137
19811023,137,79
19811024,102,62
19811025,113,33
19811026,138,56
19811027,121,86
19811028,118,65
19811029,91,46
19811030,170,66
19811031,189,100
19811101,172,107
19811102,192,78
19811103,189,116
19811104,148,74
19811105,150,58
19811106,130,43
19811107,56,25
19811108,49,-8
19811109,49,2
19811110,47,3
19811111,57,-21
19811112,102,-2
19811113,100,59
19811114,82,25
19811115,56,23
19811116,58,33
19811117,50,8
19811118,66,-24
19811119,110,-11
19811120,125,51
19811121,140,21
19811122,147,82
19811123,147,36
19811124,158,84
19811125,122,20
19811126,37,5
19811127,52,-1
19811128,36,12
19811129,56,18
19811130,68,-12
19811201,86,27
19811202,61,12
19811203,39,5
19811204,34,-11
19811205,39,10
19811206,46,-4
19811207,66,24
19811208,120,12
19811209,126,21
19811210,53,21
19811211,53,11
19811212,61,14
19811213,18,-40
19811214,22,-52
19811215,32,-14
19811216,54,-18
19811217,16,-8
19811218,11,-7
19811219,20,-3
19811220,-3,-53
19811221,-25,-82
19811222,5,-34
19811223,2,-17
19811224,21,-30
19811225,42,19
19811226,35,0
19811227,2,-49
19811228,26,-35
19811229,80,20
19811230,105,53
19811231,157,64
19820101,128,80
19820102,81,47
19820103,74,28
19820104,121,38
19820105,109,53
19820106,124,53
19820107,107,-36
19820108,-28,-64
19820109,-36,-46
19820110,-24,-65
19820111,-28,-66
19820112,-5,-28
19820113,-17,-48
19820114,-46,-84
19820115,-54,-81
19820116,-66,-82
19820117,-67,-82
19820118,-53,-74
19820119,-53,-63
19820120,-51,-66
19820121,-37,-59
19820122,-20,-44
19820123,-5,-42
19820124,4,-13
19820125,-7,-22
19820126,-22,-34
19820127,9,-57
19820128,37,-6
19820129,35,-17
19820130,58,3
19820131,133,7
19820201,85,-7
19820202,16,-12
19820203,15,-22
19820204,26,-35
19820205,25,-38
19820206,47,-47
19820207,90,-20
19820208,102,-5
19820209,97,38
19820210,76,-4
19820211,33,2
19820212,14,1
19820213,3,-20
19820214,-6,-23
19820215,-9,-18
19820216,17,-15
19820217,67,7
19820218,45,-11
19820219,47,11
19820220,22,-19
19820221,-7,-36
19820222,-27,-46
19820223,-20,-62
19820224,13,-62
19820225,5,-17
19820226,27,0
19820227,50,4
19820228,68,-17
19820301,133,14
19820302,88,38
19820303,105,-13
19820304,142,19
19820305,96,68
19820306,69,26
19820307,43,10
19820308,66,34
19820309,65,31
19820310,124,-2
19820311,94,49
19820312,108,29
19820313,64,33
19820314,88,47
19820315,102,18
19820316,112,4
19820317,137,16
19820318,119,58
19820319,110,24
19820320,115,40
19820321,71,22
19820322,68,17
19820323,77,22
19820324,112,24
19820325,99,10
19820326,150,9
19820327,189,42
19820328,162,72
19820329,183,94
19820330,118,88
19820331,121,84
19820401,152,94
19820402,161,90
19820403,179,93
19820404,152,108
19820405,178,72
19820406,225,84
19820407,213,121
19820408,219,104
19820409,151,47
19820410,57,19
19820411,122,5
19820412,97,52
19820413,59,17
19820414,35,20
19820415,100,22
19820416,112,58
19820417,145,58
19820418,148,72
19820419,116,50
19820420,130,36
19820421,121,39
19820422,95,42
19820423,84,37
19820424,135,6
19820425,148,45
19820426,175,80
19820427,147,38
19820428,149,77
19820429,127,58
19820430,142,57
19820501,111,63
19820502,191,78
19820503,215,83
19820504,228,104
19820505,211,120
19820506,233,122
19820507,217,118
19820508,118,86
19820509,155,92
19820510,154,132
19820511,165,129
19820512,199,106
19820513,187,113
19820514,218,126
19820515,215,118
19820516,240,124
19820517,255,137
19820518,258,149
19820519,264,149
19820520,262,142
19820521,246,160
19820522,253,133
19820523,246,157
19820524,196,130
19820525,209,108
19820526,219,143
19820527,256,151
19820528,270,170
19820529,237,160
19820530,188,140
19820531,249,152
19820601,269,146
19820602,278,168
19820603,285,179
19820604,285,155
19820605,296,180
19820606,289,168
19820607,283,178
19820608,242,178
19820609,254,176
19820610,270,194
19820611,269,180
19820612,230,175
19820613,178,127
19820614,202,111
19820615,210,124
19820616,220,107
19820617,218,164
19820618,248,159
19820619,216,149
19820620,228,130
19820621,271,155
19820622,275,176
19820623,293,188
19820624,270,193
19820625,297,205
19820626,333,226
19820627,278,159
19820628,246,144
19820629,252,150
19820630,243,145
19820701,246,147
19820702,261,161
19820703,267,172
19820704,298,182
19820705,264,177
19820706,271,175
19820707,241,186
19820708,246,174
19820709,255,186
19820710,266,171
19820711,268,192
19820712,220,188
19820713,270,183
19820714,270,184
19820715,290,196
19820716,282,190
19820717,291,200
19820718,268,203
19820719,272,189
19820720,299,201
19820721,311,212
19820722,303,205
19820723,253,191
19820724,269,196
19820725,260,183
19820726,192,175
19820727,232,179
19820728,247,152
19820729,269,169
19820730,255,192
19820731,273,190
19820801,259,172
19820802,268,178
19820803,264,190
19820804,278,197
19820805,250,177
19820806,256,179
19820807,267,185
19820808,233,172
19820809,241,169
19820810,257,186
19820811,272,183
19820812,281,180
19820813,303,184
19820814,308,196
19820815,280,189
19820816,280,197
19820817,281,188
19820818,264,163
19820819,276,163
19820820,279,182
19820821,237,124
19820822,212,122
19820823,221,122
19820824,230,132
19820825,232,148
19820826,262,141
19820827,266,156
19820828,252,170
19820829,189,159
19820830,187,143
19820831,210,119
19820901,227,160
19820902,229,164
19820903,227,178
19820904,236,145
19820905,264,152
19820906,295,178
19820907,288,172
19820908,211,167
19820909,227,170
19820910,217,170
19820911,245,164
19820912,254,171
19820913,246,158
19820914,242,157
19820915,251,156
19820916,251,157
19820917,254,152
19820918,243,147
19820919,238,142
19820920,240,148
19820921,255,161
19820922,243,171
19820923,244,147
19820924,201,140
19820925,182,127
19820926,258,141
19820927,245,146
19820928,227,154
19820929,216,161
19820930,212,153
19821001,174,158
19821002,163,149
19821003,178,138
19821004,149,111
19821005,125,108
19821006,145,117
19821007,194,110
19821008,140,110
19821009,126,92
19821010,146,94
19821011,165,70
19821012,134,98
19821013,164,70
19821014,195,103
19821015,104,88
19821016,133,85
19821017,143,53
19821018,184,83
19821019,191,110
19821020,166,112
19821021,127,96
19821022,138,93
19821023,170,99
19821024,177,128
19821025,160,122
19821026,149,110
19821027,154,100
19821028,151,119
19821029,144,114
19821030,126,86
19821031,126,66
19821101,79,48
19821102,73,51
19821103,62,30
19821104,50,27
19821105,72,32
19821106,72,10
19821107,35,-7
19821108,53,-2
19821109,154,44
19821110,153,113
19821111,145,80
19821112,102,55
19821113,155,38
19821114,147,50
19821115,76,40
19821116,72,53
19821117,54,30
19821118,57,-8
19821119,92,19
19821120,83,26
19821121,86,27
19821122,57,21
19821123,137,35
19821124,162,71
19821125,135,103
19821126,142,93
19821127,129,83
19821128,92,67
19821129,88,61
19821130,82,67
19821201,72,50
19821202,76,54
19821203,88,56
19821204,57,15
19821205,24,0
19821206,17,5
19821207,85,15
19821208,145,70
19821209,162,118
19821210,153,94
19821211,138,13
19821212,17,3
19821213,46,2
19821214,46,20
19821215,51,23
19821216,124,38
19821217,146,95
19821218,134,46
19821219,49,25
19821220,75,-1
19821221,118,35
19821222,38,8
19821223,38,4
19821224,45,27
19821225,47,16
19821226,57,21
19821227,57,-2
19821228,58,2
19821229,59,2
19821230,53,-5
19821231,22,-37
19830101,27,-22
19830102,40,-26
19830103,58,5
19830104,82,18
19830105,84,39
19830106,95,20
19830107,116,11
19830108,84,54
19830109,60,3
19830110,50,-15
19830111,57,-11
19830112,75,-8
19830113,79,-20
19830114,77,9
19830115,19,-15
19830116,101,-18
19830117,96,24
19830118,148,28
19830119,102,24
19830120,45,3
19830121,25,-28
19830122,90,2
19830123,64,5
19830124,57,12
19830125,51,-11
19830126,65,0
19830127,92,32
19830128,127,63
19830129,139,53
19830130,105,53
19830131,99,22
19830201,86,6
19830202,95,19
19830203,61,4
19830204,51,-4
19830205,35,-17
19830206,23,-5
19830207,38,8
19830208,26,-3
19830209,18,3
19830210,7,-18
19830211,9,1
19830212,37,-24
19830213,20,-18
19830214,16,3
19830215,10,-30
19830216,-30,-70
19830217,6,-74
19830218,30,-60
19830219,30,-12
19830220,30,-14
19830221,27,-39
19830222,9,-40
19830223,-9,-70
19830224,15,-90
19830225,29,-63
19830226,66,-49
19830227,88,41
19830228,91,35
19830301,97,26
19830302,54,34
19830303,69,39
19830304,58,23
19830305,80,-11
19830306,117,-2
19830307,154,41
19830308,160,53
19830309,199,39
19830310,189,65
19830311,207,76
19830312,133,36
19830313,82,0
19830314,105,-3
19830315,148,36
19830316,140,73
19830317,166,48
19830318,171,60
19830319,180,94
19830320,174,93
19830321,194,60
19830322,139,46
19830323,79,17
19830324,149,31
19830325,189,97
19830326,129,7
19830327,91,11
19830328,126,14
19830329,89,65
19830330,120,63
19830331,129,67
19830401,110,93
19830402,134,63
19830403,126,69
19830404,128,64
19830405,131,44
19830406,133,24
19830407,176,106
19830408,194,125
19830409,197,107
19830410,211,126
19830411,223,114
19830412,216,122
19830413,135,80
19830414,126,44
19830415,154,47
19830416,147,70
19830417,184,71
19830418,190,76
19830419,220,121
19830420,221,137
19830421,245,121
19830422,200,140
19830423,217,107
19830424,218,124
19830425,230,119
19830426,246,115
19830427,235,148
19830428,228,143
19830429,245,126
19830430,241,153
19830501,258,144
19830502,198,118
19830503,209,104
19830504,221,110
19830505,200,93
19830506,194,112
19830507,188,112
19830508,150,105
19830509,161,125
19830510,198,106
19830511,205,121
19830512,235,145
19830513,257,135
19830514,275,147
19830515,295,164
19830516,268,176
19830517,277,162
19830518,263,149
19830519,247,137
19830520,242,140
19830521,279,157
19830522,272,185
19830523,240,163
19830524,193,113
19830525,169,100
19830526,171,122
19830527,178,123
19830528,189,121
19830529,222,109
19830530,227,118
19830531,246,145
19830601,274,155
19830602,282,170
19830603,269,184
19830604,287,176
19830605,293,187
19830606,254,139
19830607,196,133
19830608,226,119
19830609,276,128
19830610,293,173
19830611,199,159
19830612,234,151
19830613,242,158
19830614,237,149
19830615,207,130
19830616,167,112
19830617,178,123
19830618,195,109
19830619,184,138
19830620,184,133
19830621,232,143
19830622,235,162
19830623,235,155
19830624,248,149
19830625,276,156
19830626,279,171
19830627,293,187
19830628,237,150
19830629,213,141
19830630,234,139
19830701,260,150
19830702,253,171
19830703,262,176
19830704,277,182
19830705,284,189
19830706,298,198
19830707,289,205
19830708,286,192
19830709,290,196
19830710,296,194
19830711,307,206
19830712,277,202
19830713,306,192
19830714,259,176
19830715,262,170
19830716,285,175
19830717,292,187
19830718,321,192
19830719,334,203
19830720,329,197
19830721,197,163
19830722,261,135
19830723,305,169
19830724,325,196
19830725,288,175
19830726,303,200
19830727,330,209
19830728,363,213
19830729,304,218
19830730,293,187
19830731,320,197
19830801,348,217
19830802,310,214
19830803,244,161
19830804,207,132
19830805,226,134
19830806,209,146
19830807,222,145
19830808,230,151
19830809,267,172
19830810,286,176
19830811,274,190
19830812,276,183
19830813,272,170
19830814,230,131
19830815,249,140
19830816,264,147
19830817,273,169
19830818,262,161
19830819,275,182
19830820,284,183
19830821,288,182
19830822,294,180
19830823,300,201
19830824,255,204
19830825,247,189
19830826,263,192
19830827,276,179
19830828,288,177
19830829,277,190
19830830,228,176
19830831,254,192
19830901,265,186
19830902,263,180
19830903,269,156
19830904,212,115
19830905,222,121
19830906,254,153
19830907,213,129
19830908,178,93
19830909,257,106
19830910,271,188
19830911,292,184
19830912,184,130
19830913,196,122
19830914,220,108
19830915,236,127
19830916,248,163
19830917,196,111
19830918,203,115
19830919,209,117
19830920,232,124
19830921,217,127
19830922,238,140
19830923,205,158
19830924,203,118
19830925,183,113
19830926,169,104
19830927,192,83
19830928,203,97
19830929,203,95
19830930,236,128
19831001,188,105
19831002,136,55
19831003,200,55
19831004,234,101
19831005,248,124
19831006,228,138
19831007,189,134
19831008,192,96
19831009,187,105
19831010,191,114
19831011,209,124
19831012,147,76
19831013,165,53
19831014,195,67
19831015,208,108
19831016,220,119
19831017,172,86
19831018,147,80
19831019,147,64
19831020,170,74
19831021,122,72
19831022,101,70
19831023,108,33
19831024,112,20
19831025,109,36
19831026,114,27
19831027,159,68
19831028,151,59
19831029,130,81
19831030,111,90
19831031,110,84
19831101,125,61
19831102,124,42
19831103,107,47
19831104,96,81
19831105,103,78
19831106,133,84
19831107,88,44
19831108,90,69
19831109,98,73
19831110,90,62
19831111,78,61
19831112,69,21
19831113,60,-13
19831114,20,-21
19831115,2,-53
19831116,31,-54
19831117,37,-22
19831118,50,-17
19831119,29,-30
19831120,19,-53
19831121,19,-28
19831122,19,-16
19831123,-13,-29
19831124,-24,-43
19831125,-17,-46
19831126,88,-41
19831127,153,74
19831128,122,56
19831129,102,41
19831130,59,0
19831201,8,-20
19831202,-1,-28
19831203,-20,-45
19831204,0,-28
19831205,25,-12
19831206,13,-35
19831207,23,-8
19831208,22,-33
19831209,6,-36
19831210,29,-27
19831211,50,-13
19831212,-6,-42
19831213,-25,-87
19831214,-19,-58
19831215,-21,-49
19831216,-14,-33
19831217,11,-38
19831218,42,-6
19831219,131,28
19831220,127,73
19831221,111,40
19831222,108,68
19831223,104,51
19831224,96,46
19831225,126,31
19831226,123,93
19831227,105,38
19831228,79,12
19831229,93,15
19831230,81,8
19831231,69,20
19840101,95,2
19840102,125,61
19840103,132,79
19840104,114,15
19840105,24,-3
19840106,26,-19
19840107,-5,-31
19840108,12,-33
19840109,38,5
19840110,16,-16
19840111,15,-26
19840112,-26,-66
19840113,3,-29
19840114,82,-41
19840115,82,8
19840116,21,-16
19840117,71,-15
19840118,80,13
19840119,24,-26
19840120,17,-8
19840121,16,0
19840122,2,-11
19840123,20,-6
19840124,28,-2
19840125,46,7
19840126,31,-27
19840127,24,-50
19840128,42,-20
19840129,40,9
19840130,11,-7
19840131,33,-10
19840201,76,22
19840202,37,21
19840203,32,16
19840204,55,8
19840205,53,-21
19840206,34,-12
19840207,106,-7
19840208,66,22
19840209,63,20
19840210,50,22
19840211,34,7
19840212,15,-12
19840213,-2,-31
19840214,-2,-42
19840215,-13,-49
19840216,-18,-38
19840217,-10,-33
19840218,3,-24
19840219,-1,-28
19840220,22,-17
19840221,33,-30
19840222,6,-18
19840223,15,3
19840224,27,-9
19840225,67,25
19840226,59,30
19840227,50,12
19840228,34,-10
19840229,56,13
19840301,61,42
19840302,49,18
19840303,44,25
19840304,60,25
19840305,50,16
19840306,86,4
19840307,106,23
19840308,64,32
19840309,60,13
19840310,71,18
19840311,72,9
19840312,43,5
19840313,65,22
19840314,82,45
19840315,73,44
19840316,82,40
19840317,115,14
19840318,120,34
19840319,68,16
19840320,65,-18
19840321,88,-9
19840322,111,22
19840323,122,37
19840324,132,16
19840325,176,38
19840326,151,78
19840327,165,69
19840328,164,84
19840329,182,94
19840330,131,58
19840331,133,50
19840401,141,57
19840402,118,82
19840403,138,64
19840404,78,54
19840405,123,51
19840406,143,90
19840407,170,123
19840408,161,114
19840409,129,96
19840410,128,84
19840411,135,69
19840412,145,98
19840413,120,68
19840414,172,99
19840415,199,73
19840416,203,103
19840417,152,77
19840418,128,77
19840419,143,87
19840420,157,78
19840421,181,61
19840422,180,92
19840423,223,111
19840424,155,103
19840425,170,88
19840426,201,96
19840427,162,46
19840428,121,24
19840429,136,48
19840430,106,64
19840501,135,73
19840502,219,86
19840503,224,111
19840504,241,127
19840505,241,134
19840506,247,135
19840507,226,147
19840508,172,75
19840509,95,56
19840510,78,52
19840511,96,73
19840512,117,79
19840513,143,100
19840514,168,98
19840515,182,87
19840516,215,106
19840517,207,123
19840518,222,117
19840519,235,116
19840520,265,128
19840521,213,148
19840522,203,122
19840523,177,113
19840524,211,106
19840525,200,99
19840526,198,95
19840527,213,118
19840528,173,118
19840529,196,94
19840530,174,105
19840531,231,88
19840601,221,148
19840602,267,128
19840603,268,157
19840604,225,158
19840605,235,142
19840606,211,135
19840607,175,115
19840608,211,118
19840609,234,134
19840610,239,116
19840611,238,145
19840612,191,138
19840613,217,108
19840614,279,120
19840615,219,149
19840616,201,132
19840617,225,126
19840618,236,138
19840619,266,156
19840620,283,173
19840621,293,192
19840622,237,172
19840623,267,154
19840624,154,111
19840625,190,100
19840626,239,133
19840627,254,148
19840628,285,162
19840629,226,127
19840630,200,120
19840701,223,165
19840702,288,161
19840703,211,113
19840704,192,94
19840705,202,111
19840706,208,129
19840707,178,132
19840708,226,115
19840709,251,127
19840710,286,160
19840711,306,189
19840712,341,206
19840713,321,226
19840714,266,213
19840715,283,188
19840716,210,145
19840717,193,129
19840718,226,127
19840719,242,144
19840720,232,134
19840721,260,146
19840722,282,165
19840723,274,168
19840724,221,161
19840725,241,143
19840726,211,166
19840727,206,152
19840728,220,136
19840729,221,157
19840730,279,160
19840731,305,180
19840801,306,188
19840802,250,191
19840803,271,178
19840804,277,171
19840805,290,184
19840806,239,196
19840807,214,174
19840808,225,177
19840809,245,179
19840810,251,184
19840811,236,170
19840812,254,180
19840813,227,172
19840814,233,153
19840815,246,174
19840816,237,154
19840817,224,144
19840818,241,150
19840819,226,154
19840820,219,146
19840821,228,128
19840822,239,135
19840823,255,140
19840824,224,152
19840825,227,167
19840826,240,178
19840827,215,159
19840828,215,129
19840829,228,125
19840830,243,127
19840831,252,144
19840901,269,155
19840902,282,156
19840903,286,156
19840904,278,170
19840905,284,174
19840906,219,153
19840907,231,144
19840908,216,126
19840909,173,132
19840910,213,102
19840911,195,89
19840912,225,108
19840913,228,130
19840914,251,135
19840915,220,138
19840916,210,152
19840917,213,116
19840918,205,119
19840919,223,136
19840920,213,152
19840921,176,153
19840922,157,114
19840923,186,92
19840924,189,138
19840925,138,78
19840926,166,75
19840927,179,97
19840928,194,101
19840929,207,129
19840930,205,126
19841001,212,145
19841002,185,109
19841003,169,99
19841004,189,120
19841005,241,122
19841006,193,119
19841007,149,119
19841008,156,111
19841009,161,68
19841010,155,71
19841011,180,107
19841012,169,119
19841013,165,124
19841014,162,77
19841015,172,71
19841016,152,106
19841017,127,75
19841018,182,42
19841019,192,116
19841020,186,105
19841021,149,126
19841022,144,114
19841023,193,100
19841024,166,92
19841025,192,103
19841026,207,125
19841027,160,102
19841028,107,88
19841029,134,81
19841030,131,44
19841031,122,53
19841101,85,53
19841102,106,59
19841103,84,48
19841104,74,39
19841105,58,23
19841106,85,42
19841107,154,55
19841108,178,76
19841109,178,72
19841110,188,93
19841111,115,72
19841112,88,30
19841113,50,10
19841114,39,8
19841115,16,-8
19841116,19,2
19841117,43,13
19841118,77,12
19841119,55,40
19841120,66,42
19841121,91,40
19841122,108,36
19841123,159,82
19841124,193,93
19841125,163,127
19841126,155,102
19841127,126,56
19841128,72,16
19841129,60,32
19841130,32,-1
19841201,29,3
19841202,33,12
19841203,41,32
19841204,43,24
19841205,41,32
19841206,32,17
19841207,26,13
19841208,20,10
19841209,10,-13
19841210,37,-15
19841211,80,-7
19841212,63,20
19841213,21,-6
19841214,28,11
19841215,27,7
19841216,21,7
19841217,39,12
19841218,54,38
19841219,89,23
19841220,69,31
19841221,46,14
19841222,76,12
19841223,53,-5
19841224,37,4
19841225,11,-5
19841226,12,-7
19841227,5,-13
19841228,17,-8
19841229,15,-3
19841230,3,-14
19841231,-14,-31
19850101,-24,-51
19850102,-49,-76
19850103,-40,-70
19850104,-44,-95
19850105,-52,-85
19850106,-77,-151
19850107,-94,-120
19850108,-104,-156
19850109,-92,-115
19850110,-71,-96
19850111,-66,-131
19850112,-87,-172
19850113,-48,-101
19850114,-69,-116
19850115,-44,-77
19850116,-25,-47
19850117,-30,-71
19850118,-42,-80
19850119,-18,-70
19850120,-12,-49
19850121,23,-24
19850122,99,17
19850123,140,88
19850124,132,3
19850125,6,-31
19850126,74,-30
19850127,83,51
19850128,65,1
19850129,43,1
19850130,22,-15
19850131,85,-19
19850201,107,32
19850202,134,64
19850203,110,12
19850204,36,-18
19850205,86,-12
19850206,125,45
19850207,88,20
19850208,22,-18
19850209,5,-23
19850210,12,-50
19850211,-50,-88
19850212,-83,-128
19850213,-67,-158
19850214,-38,-145
19850215,-40,-87
19850216,-22,-91
19850217,-36,-106
19850218,-35,-87
19850219,-19,-115
19850220,-8,-86
19850221,-3,-109
19850222,19,-62
19850223,-5,-36
19850224,13,-55
19850225,73,3
19850226,63,5
19850227,33,11
19850228,19,-3
19850301,26,4
19850302,48,8
19850303,52,32
19850304,96,21
19850305,141,23
19850306,140,43
19850307,148,48
19850308,89,51
19850309,59,26
19850310,64,20
19850311,36,9
19850312,31,5
19850313,39,10
19850314,45,22
19850315,52,20
19850316,68,34
19850317,38,16
19850318,64,12
19850319,42,26
19850320,108,24
19850321,88,52
19850322,90,65
19850323,109,63
19850324,121,70
19850325,146,58
19850326,172,53
19850327,158,74
19850328,123,53
19850329,107,31
19850330,176,22
19850331,179,73
19850401,196,104
19850402,230,88
19850403,188,110
19850404,217,82
19850405,220,117
19850406,185,112
19850407,179,99
19850408,195,103
19850409,243,120
19850410,211,128
19850411,177,77
19850412,132,69
19850413,165,71
19850414,121,39
19850415,115,38
19850416,111,76
19850417,113,78
19850418,103,75
19850419,150,79
19850420,162,52
19850421,191,74
19850422,221,89
19850423,221,100
19850424,150,38
19850425,144,10
19850426,98,61
19850427,78,43
19850428,121,18
19850429,120,14
19850430,162,40
19850501,201,97
19850502,190,100
19850503,103,16
19850504,148,28
19850505,112,88
19850506,120,96
19850507,145,99
19850508,180,76
19850509,206,93
19850510,210,117
19850511,233,144
19850512,248,141
19850513,264,150
19850514,279,199
19850515,272,160
19850516,250,167
19850517,250,156
19850518,249,152
19850519,250,150
19850520,237,138
19850521,236,152
19850522,239,150
19850523,235,132
19850524,233,137
19850525,254,170
19850526,250,177
19850527,276,184
19850528,270,170
19850529,250,165
19850530,237,144
19850531,228,151
19850601,235,152
19850602,257,142
19850603,202,150
19850604,237,169
19850605,282,160
19850606,302,179
19850607,297,195
19850608,251,159
19850609,168,94
19850610,223,107
19850611,181,106
19850612,216,103
19850613,220,133
19850614,223,123
19850615,198,148
19850616,204,128
19850617,149,109
19850618,194,81
19850619,199,91
19850620,164,130
19850621,213,121
19850622,250,123
19850623,190,144
19850624,222,121
19850625,240,136
19850626,242,132
19850627,199,133
19850628,200,133
19850629,238,121
19850630,270,150
19850701,261,171
19850702,197,152
19850703,220,135
19850704,232,147
19850705,241,163
19850706,241,160
19850707,253,173
19850708,251,167
19850709,236,164
19850710,219,152
19850711,232,130
19850712,262,137
19850713,275,171
19850714,280,179
19850715,295,188
19850716,298,202
19850717,275,186
19850718,270,172
19850719,304,192
19850720,305,213
19850721,262,152
19850722,239,139
19850723,285,151
19850724,270,193
19850725,279,210
19850726,304,192
19850727,316,200
19850728,317,204
19850729,336,210
19850730,322,216
19850731,259,166
19850801,250,146
19850802,225,180
19850803,264,151
19850804,236,173
19850805,280,153
19850806,286,189
19850807,215,121
19850808,229,117
19850809,240,153
19850810,275,138
19850811,267,186
19850812,298,184
19850813,301,203
19850814,305,200
19850815,307,202
19850816,304,206
19850817,294,201
19850818,245,144
19850819,241,128
19850820,282,174
19850821,260,193
19850822,288,169
19850823,287,193
19850824,298,190
19850825,322,197
19850826,254,167
19850827,190,144
19850828,181,157
19850829,226,153
19850830,246,178
19850831,257,162
19850901,272,154
19850902,248,179
19850903,274,168
19850904,222,136
19850905,228,123
19850906,226,123
19850907,195,115
19850908,172,104
19850909,168,101
19850910,175,72
19850911,202,94
19850912,219,115
19850913,191,140
19850914,195,113
19850915,208,98
19850916,206,148
19850917,221,120
19850918,249,139
19850919,270,153
19850920,269,157
19850921,267,161
19850922,267,159
19850923,273,147
19850924,264,167
19850925,254,169
19850926,217,155
19850927,202,132
19850928,219,100
19850929,215,119
19850930,201,123
19851001,210,105
19851002,247,108
19851003,253,125
19851004,247,140
19851005,238,146
19851006,240,140
19851007,226,134
19851008,196,127
19851009,185,136
19851010,177,127
19851011,198,108
19851012,220,97
19851013,168,93
19851014,145,57
19851015,157,82
19851016,118,89
19851017,134,41
19851018,144,48
19851019,127,81
19851020,120,80
19851021,122,89
19851022,110,98
19851023,110,75
19851024,114,56
19851025,120,23
19851026,108,28
19851027,58,-3
19851028,47,17
19851029,35,17
19851030,49,24
19851031,60,38
19851101,97,57
19851102,94,62
19851103,79,42
19851104,112,53
19851105,124,47
19851106,151,74
19851107,106,30
19851108,100,19
19851109,166,57
19851110,186,122
19851111,166,13
19851112,33,21
19851113,39,19
19851114,48,13
19851115,54,-12
19851116,40,-11
19851117,29,4
19851118,16,-21
19851119,15,-15
19851120,12,7
19851121,18,5
19851122,17,4
19851123,29,12
19851124,36,18
19851125,32,17
19851126,28,9
19851127,26,2
19851128,23,4
19851129,39,-12
19851130,71,-18
19851201,108,56
19851202,129,10
19851203,143,58
19851204,144,87
19851205,142,80
19851206,140,94
19851207,137,106
19851208,131,111
19851209,145,95
19851210,132,72
19851211,73,23
19851212,44,23
19851213,60,27
19851214,56,35
19851215,73,9
19851216,101,13
19851217,128,37
19851218,78,38
19851219,51,-3
19851220,28,-8
19851221,81,8
19851222,74,15
19851223,68,-13
19851224,2,-20
19851225,93,-17
19851226,109,58
19851227,82,30
19851228,114,24
19851229,175,114
19851230,143,-3
19851231,-2,-17
19860101,4,-20
19860102,8,-17
19860103,24,8
19860104,38,6
19860105,7,-36
19860106,19,-43
19860107,21,1
19860108,8,-37
19860109,18,-22
19860110,6,-26
19860111,9,-46
19860112,37,-8
19860113,25,-22
19860114,112,14
19860115,108,48
19860116,59,9
19860117,51,-4
19860118,28,-20
19860119,117,26
19860120,133,79
19860121,83,12
19860122,98,54
19860123,110,51
19860124,135,4
19860125,52,7
19860126,48,-8
19860127,27,-31
19860128,21,-41
19860129,-3,-22
19860130,15,-22
19860131,42,9
19860201,61,38
19860202,48,30
19860203,33,-10
19860204,-7,-24
19860205,-22,-56
19860206,-21,-43
19860207,-15,-38
19860208,-35,-86
19860209,-60,-77
19860210,-29,-64
19860211,-11,-43
19860212,-15,-30
19860213,-9,-44
19860214,0,-63
19860215,8,-27
19860216,8,-23
19860217,30,-23
19860218,54,-3
19860219,71,-1
19860220,22,-12
19860221,-6,-24
19860222,17,-21
19860223,22,-4
19860224,-4,-50
19860225,-31,-75
19860226,-32,-77
19860227,-24,-106
19860228,-45,-99
19860301,-43,-75
19860302,-12,-57
19860303,15,-20
19860304,19,-1
19860305,72,-25
19860306,76,-5
19860307,59,25
19860308,51,28
19860309,39,30
19860310,59,25
19860311,62,20
19860312,47,20
19860313,37,21
19860314,50,20
19860315,45,26
19860316,37,25
19860317,74,7
19860318,87,9
19860319,75,8
19860320,77,-2
19860321,88,21
19860322,83,10
19860323,87,18
19860324,117,58
19860325,149,20
19860326,80,11
19860327,145,41
19860328,188,42
19860329,199,67
19860330,164,54
19860331,190,29
19860401,133,90
19860402,179,67
19860403,199,79
19860404,205,111
19860405,183,75
19860406,179,85
19860407,240,106
19860408,247,122
19860409,222,119
19860410,132,87
19860411,90,33
19860412,33,-2
19860413,19,-5
19860414,79,-3
19860415,138,15
19860416,130,78
19860417,171,76
19860418,145,84
19860419,117,63
19860420,155,55
19860421,175,44
19860422,194,108
19860423,208,99
19860424,250,123
19860425,265,123
19860426,255,125
19860427,228,146
19860428,211,159
19860429,193,140
19860430,217,129
19860501,226,173
19860502,223,144
19860503,233,132
19860504,247,117
19860505,248,142
19860506,242,143
19860507,243,140
19860508,225,130
19860509,178,115
19860510,194,122
19860511,237,142
19860512,232,157
19860513,256,148
19860514,272,159
19860515,268,159
19860516,235,163
19860517,186,163
19860518,238,137
19860519,276,151
19860520,262,188
19860521,267,181
19860522,259,197
19860523,261,163
19860524,257,179
19860525,216,146
19860526,239,132
19860527,268,141
19860528,281,158
19860529,264,183
19860530,192,121
19860531,151,110
19860601,110,91
19860602,186,72
19860603,140,104
19860604,193,82
19860605,161,84
19860606,123,86
19860607,156,67
19860608,191,95
19860609,219,112
19860610,231,152
19860611,254,162
19860612,217,171
19860613,186,132
19860614,237,163
19860615,265,168
19860616,255,164
19860617,276,169
19860618,293,182
19860619,262,176
19860620,269,184
19860621,277,163
19860622,262,195
19860623,237,180
19860624,221,152
19860625,242,149
19860626,245,175
19860627,273,170
19860628,279,195
19860629,266,158
19860630,212,152
19860701,253,168
19860702,272,191
19860703,276,167
19860704,282,177
19860705,300,191
19860706,302,193
19860707,250,165
19860708,226,143
19860709,212,141
19860710,251,126
19860711,236,161
19860712,220,141
19860713,180,156
19860714,200,138
19860715,223,163
19860716,248,136
19860717,251,180
19860718,278,163
19860719,239,183
19860720,186,139
19860721,194,141
19860722,249,153
19860723,282,154
19860724,282,118
19860725,226,110
19860726,250,133
19860727,261,171
19860728,267,175
19860729,277,183
19860730,287,191
19860731,321,203
19860801,321,212
19860802,286,201
19860803,308,205
19860804,302,218
19860805,265,200
19860806,267,190
19860807,273,191
19860808,293,198
19860809,279,203
19860810,296,199
19860811,301,206
19860812,324,211
19860813,285,201
19860814,234,183
19860815,267,170
19860816,281,172
19860817,312,181
19860818,321,201
19860819,319,199
19860820,230,172
19860821,217,149
19860822,251,153
19860823,293,144
19860824,200,125
19860825,212,131
19860826,248,138
19860827,241,143
19860828,254,169
19860829,219,140
19860830,183,119
19860831,199,100
19860901,203,120
19860902,216,117
19860903,244,121
19860904,191,127
19860905,182,87
19860906,201,95
19860907,233,96
19860908,234,133
19860909,225,149
19860910,172,127
19860911,170,120
19860912,202,122
19860913,247,149
19860914,251,141
19860915,263,153
19860916,278,182
19860917,273,173
19860918,272,183
19860919,197,112
19860920,178,78
19860921,189,82
19860922,204,90
19860923,221,91
19860924,225,112
19860925,176,138
19860926,138,106
19860927,153,104
19860928,178,119
19860929,180,100
19860930,186,86
19861001,182,86
19861002,185,90
19861003,215,90
19861004,191,103
19861005,167,121
19861006,180,93
19861007,202,97
19861008,194,111
19861009,181,112
19861010,179,87
19861011,184,73
19861012,184,88
19861013,167,109
19861014,160,79
19861015,145,59
19861016,145,49
19861017,145,34
19861018,147,34
19861019,138,28
19861020,116,100
19861021,172,101
19861022,218,80
19861023,191,87
19861024,103,50
19861025,100,18
19861026,86,65
19861027,87,69
19861028,110,75
19861029,143,73
19861030,104,63
19861031,106,70
19861101,98,28
19861102,128,63
19861103,104,45
19861104,84,32
19861105,91,37
19861106,117,16
19861107,114,21
19861108,114,11
19861109,125,32
19861110,101,25
19861111,102,9
19861112,152,50
19861113,105,23
19861114,125,20
19861115,183,71
19861116,162,86
19861117,86,40
19861118,80,60
19861119,96,79
19861120,85,65
19861121,68,50
19861122,72,41
19861123,120,52
19861124,116,62
19861125,100,52
19861126,61,12
19861127,64,48
19861128,81,56
19861129,79,32
19861130,48,17
19861201,40,21
19861202,26,5
19861203,9,-13
19861204,17,-21
19861205,13,-17
19861206,-8,-28
19861207,-12,-25
19861208,-6,-24
19861209,-8,-19
19861210,-6,-20
19861211,-1,-17
19861212,13,-1
19861213,8,-10
19861214,15,-7
19861215,18,4
19861216,40,2
19861217,59,19
19861218,35,-9
19861219,101,21
19861220,70,11
19861221,29,-18
19861222,34,-29
19861223,8,-33
19861224,5,-61
19861225,-22,-47
19861226,-33,-82
19861227,2,-48
19861228,36,-45
19861229,104,-10
19861230,113,67
19861231,95,64
19870101,121,60
19870102,108,28
19870103,50,-12
19870104,22,-32
19870105,24,-50
19870106,40,-2
19870107,16,-38
19870108,-32,-85
19870109,12,-100
19870110,26,-14
19870111,20,-94
19870112,-80,-114
19870113,-92,-125
19870114,-94,-105
19870115,-44,-104
19870116,-8,-57
19870117,12,-35
19870118,13,-17
19870119,28,-13
19870120,15,-18
19870121,5,-38
19870122,-28,-106
19870123,20,-35
19870124,42,-3
19870125,24,-40
19870126,72,4
19870127,58,-13
19870128,24,-5
19870129,20,-6
19870130,-6,-79
19870131,-54,-123
19870201,-38,-87
19870202,-22,-66
19870203,-7,-76
19870204,8,-61
19870205,9,-50
19870206,14,-8
19870207,64,-16
19870208,50,0
19870209,124,19
19870210,111,36
19870211,121,56
19870212,139,49
19870213,110,65
19870214,88,53
19870215,56,45
19870216,58,42
19870217,46,23
19870218,55,23
19870219,55,10
19870220,65,43
19870221,95,12
19870222,94,9
19870223,87,3
19870224,30,-26
19870225,45,-38
19870226,51,-33
19870227,57,10
19870228,102,21
19870301,118,45
19870302,62,-13
19870303,-6,-72
19870304,-26,-95
19870305,4,-92
19870306,-9,-63
19870307,-6,-70
19870308,-16,-73
19870309,9,-56
19870310,-4,-55
19870311,32,-53
19870312,26,-50
19870313,28,-53
19870314,22,-53
19870315,28,-22
19870316,71,-38
19870317,98,-15
19870318,115,2
19870319,111,43
19870320,55,6
19870321,91,-15
19870322,124,5
19870323,112,54
19870324,162,12
19870325,190,56
19870326,154,87
19870327,179,94
19870328,158,107
19870329,150,46
19870330,85,52
19870331,60,24
19870401,76,27
19870402,73,25
19870403,128,30
19870404,207,75
19870405,186,92
19870406,182,95
19870407,212,71
19870408,216,94
19870409,186,112
19870410,161,114
19870411,135,85
19870412,176,66
19870413,128,87
19870414,158,80
19870415,130,69
19870416,154,51
19870417,192,102
19870418,249,85
19870419,226,120
19870420,232,108
19870421,166,98
19870422,147,83
19870423,163,55
19870424,195,60
19870425,240,78
19870426,220,137
19870427,148,70
19870428,155,55
19870429,186,56
19870430,210,78
19870501,231,94
19870502,267,117
19870503,257,145
19870504,214,126
19870505,156,82
19870506,136,95
19870507,156,78
19870508,174,94
19870509,210,86
19870510,242,89
19870511,179,83
19870512,204,106
19870513,182,114
19870514,142,72
19870515,192,59
19870516,186,108
19870517,190,90
19870518,176,135
19870519,231,112
19870520,229,115
19870521,135,84
19870522,162,50
19870523,186,69
19870524,222,104
19870525,217,136
19870526,221,120
19870527,257,120
19870528,207,137
19870529,210,126
19870530,200,134
19870531,200,105
19870601,201,120
19870602,222,114
19870603,232,117
19870604,218,166
19870605,212,126
19870606,255,103
19870607,290,153
19870608,293,171
19870609,227,156
19870610,265,155
19870611,269,160
19870612,250,150
19870613,303,183
19870614,317,192
19870615,267,190
19870616,232,136
19870617,202,109
19870618,220,90
19870619,213,94
19870620,210,135
19870621,174,143
19870622,200,137
19870623,246,142
19870624,270,138
19870625,248,157
19870626,280,168
19870627,240,167
19870628,262,182
19870629,296,169
19870630,298,191
19870701,308,203
19870702,305,223
19870703,266,184
19870704,279,182
19870705,263,182
19870706,254,162
19870707,278,159
19870708,304,166
19870709,235,172
19870710,250,156
19870711,269,149
19870712,297,155
19870713,300,188
19870714,282,187
19870715,311,202
19870716,310,199
19870717,305,195
19870718,327,202
19870719,341,214
19870720,322,220
19870721,314,204
19870722,306,185
19870723,333,198
19870724,328,209
19870725,320,212
19870726,227,136
19870727,220,108
19870728,230,144
19870729,257,168
19870730,279,175
19870731,237,163
19870801,255,146
19870802,230,171
19870803,295,164
19870804,303,181
19870805,200,119
19870806,210,93
19870807,215,147
19870808,208,145
19870809,241,151
19870810,227,167
19870811,221,173
19870812,235,159
19870813,225,166
19870814,230,125
19870815,226,167
19870816,242,158
19870817,246,175
19870818,279,168
19870819,287,190
19870820,264,186
19870821,251,170
19870822,252,162
19870823,248,144
19870824,277,152
19870825,272,185
19870826,265,180
19870827,268,152
19870828,215,169
19870829,244,141
19870830,265,155
19870831,271,160
19870901,260,180
19870902,266,182
19870903,269,180
19870904,273,179
19870905,275,179
19870906,229,164
19870907,239,155
19870908,254,137
19870909,227,155
19870910,238,145
19870911,254,145
19870912,265,163
19870913,295,188
19870914,307,203
19870915,296,195
19870916,269,216
19870917,265,177
19870918,293,176
19870919,272,197
19870920,305,187
19870921,269,196
19870922,269,184
19870923,294,173
19870924,248,163
19870925,191,157
19870926,277,170
19870927,239,108
19870928,137,97
19870929,150,98
19870930,138,60
19871001,146,60
19871002,152,64
19871003,155,86
19871004,149,78
19871005,190,74
19871006,190,112
19871007,225,142
19871008,227,136
19871009,158,116
19871010,184,110
19871011,229,132
19871012,197,154
19871013,158,93
19871014,160,72
19871015,204,100
19871016,220,144
19871017,210,141
19871018,156,109
19871019,151,101
19871020,132,117
19871021,154,107
19871022,172,126
19871023,157,130
19871024,153,118
19871025,163,132
19871026,145,92
19871027,132,92
19871028,116,78
19871029,87,35
19871030,60,42
19871031,95,30
19871101,80,8
19871102,52,23
19871103,106,48
19871104,90,60
19871105,95,42
19871106,97,9
19871107,70,0
19871108,49,13
19871109,74,16
19871110,74,64
19871111,68,55
19871112,66,35
19871113,143,56
19871114,160,26
19871115,48,27
19871116,58,13
19871117,68,22
19871118,120,16
19871119,101,34
19871120,98,63
19871121,86,27
19871122,89,32
19871123,72,2
19871124,104,57
19871125,151,66
19871126,101,53
19871127,96,73
19871128,82,55
19871129,67,52
19871130,68,59
19871201,65,51
19871202,51,29
19871203,49,27
19871204,54,31
19871205,63,22
19871206,72,56
19871207,135,48
19871208,55,-15
19871209,-12,-30
19871210,0,-33
19871211,20,-68
19871212,13,-47
19871213,-4,-44
19871214,-4,-23
19871215,5,-12
19871216,5,-2
19871217,9,-5
19871218,36,-2
19871219,121,20
19871220,70,2
19871221,98,34
19871222,120,54
19871223,79,20
19871224,64,15
19871225,44,-10
19871226,18,-20
19871227,41,-21
19871228,134,5
19871229,96,37
19871230,75,3
19871231,76,17
19880101,76,7
19880102,58,-7
19880103,120,53
19880104,136,71
19880105,122,53
19880106,143,93
19880107,138,64
19880108,79,41
19880109,74,20
19880110,56,14
19880111,32,-1
19880112,62,-2
19880113,17,-22
19880114,-7,-39
19880115,-10,-25
19880116,12,-17
19880117,47,-14
19880118,45,12
19880119,37,23
19880120,36,25
19880121,37,14
19880122,51,24
19880123,55,20
19880124,66,10
19880125,93,4
19880126,108,60
19880127,133,40
19880128,132,60
19880129,176,112
19880130,133,52
19880131,100,50
19880201,95,18
19880202,95,45
19880203,116,5
19880204,118,32
19880205,110,63
19880206,132,42
19880207,170,110
19880208,147,54
19880209,95,26
19880210,43,13
19880211,64,12
19880212,96,29
19880213,72,38
19880214,75,35
19880215,78,40
19880216,77,32
19880217,99,-17
19880218,86,10
19880219,96,18
19880220,53,10
19880221,34,-30
19880222,75,-30
19880223,95,-12
19880224,66,12
19880225,60,12
19880226,42,-9
19880227,27,6
19880228,71,15
19880229,42,6
19880301,68,-8
19880302,61,5
19880303,78,-15
19880304,103,-6
19880305,62,31
19880306,59,23
19880307,53,-6
19880308,63,5
19880309,54,16
19880310,66,15
19880311,102,0
19880312,130,16
19880313,88,26
19880314,144,15
19880315,136,34
19880316,136,78
19880317,160,91
19880318,103,22
19880319,88,-11
19880320,150,24
19880321,148,78
19880322,117,80
19880323,150,67
19880324,109,50
19880325,123,44
19880326,170,62
19880327,134,40
19880328,119,37
19880329,142,20
19880330,173,46
19880331,180,85
19880401,132,62
19880402,140,72
19880403,147,50
19880404,153,92
19880405,122,97
19880406,148,110
19880407,159,106
19880408,174,67
19880409,181,95
19880410,131,33
19880411,131,-5
19880412,219,50
19880413,188,106
19880414,135,56
19880415,131,30
19880416,151,32
19880417,156,55
19880418,204,55
19880419,230,101
19880420,230,122
19880421,198,116
19880422,196,126
19880423,233,92
19880424,92,8
19880425,110,8
19880426,160,19
19880427,186,74
19880428,157,110
19880429,157,116
19880430,157,110
19880501,212,117
19880502,220,110
19880503,196,123
19880504,205,94
19880505,215,144
19880506,246,163
19880507,232,126
19880508,221,149
19880509,219,127
19880510,230,109
19880511,193,108
19880512,194,97
19880513,178,138
19880514,185,133
19880515,174,141
19880516,225,131
19880517,247,124
19880518,250,145
19880519,240,138
19880520,225,150
19880521,169,118
19880522,172,99
19880523,180,99
19880524,204,99
19880525,224,116
19880526,232,142
19880527,226,126
19880528,234,120
19880529,252,136
19880530,245,142
19880531,260,148
19880601,196,133
19880602,220,107
19880603,250,128
19880604,285,142
19880605,213,154
19880606,230,150
19880607,228,130
19880608,242,102
19880609,269,130
19880610,268,155
19880611,270,183
19880612,261,160
19880613,190,157
19880614,254,121
19880615,256,155
19880616,242,175
19880617,194,132
19880618,237,135
19880619,256,159
19880620,229,160
19880621,245,136
19880622,243,154
19880623,242,130
19880624,204,123
19880625,224,116
19880626,218,144
19880627,250,164
19880628,265,158
19880629,275,161
19880630,291,166
19880701,299,172
19880702,282,177
19880703,285,147
19880704,311,163
19880705,324,195
19880706,336,206
19880707,326,199
19880708,300,191
19880709,286,202
19880710,276,167
19880711,291,193
19880712,257,187
19880713,286,177
19880714,282,156
19880715,185,145
19880716,227,145
19880717,244,148
19880718,270,149
19880719,273,172
19880720,266,166
19880721,302,175
19880722,320,185
19880723,338,198
19880724,351,221
19880725,294,223
19880726,311,197
19880727,334,213
19880728,285,210
19880729,304,180
19880730,264,182
19880731,274,151
19880801,295,173
19880802,324,178
19880803,341,202
19880804,226,142
19880805,215,130
19880806,253,132
19880807,265,152
19880808,276,167
19880809,292,180
19880810,294,176
19880811,318,184
19880812,340,200
19880813,320,198
19880814,332,229
19880815,339,220
19880816,326,220
19880817,288,220
19880818,280,198
19880819,294,162
19880820,336,163
19880821,258,160
19880822,186,154
19880823,175,145
19880824,226,128
19880825,230,147
19880826,226,116
19880827,212,130
19880828,253,130
19880829,275,156
19880830,231,161
19880831,254,191
19880901,264,168
19880902,255,155
19880903,232,127
19880904,260,139
19880905,266,173
19880906,254,170
19880907,204,134
19880908,218,140
19880909,217,115
19880910,230,124
19880911,242,130
19880912,256,142
19880913,192,117
19880914,128,108
19880915,134,106
19880916,184,114
19880917,164,88
19880918,189,119
19880919,188,132
19880920,168,144
19880921,184,102
19880922,192,143
19880923,196,117
19880924,226,119
19880925,226,125
19880926,222,146
19880927,228,129
19880928,232,127
19880929,242,129
19880930,242,135
19881001,208,133
19881002,157,126
19881003,176,131
19881004,177,94
19881005,172,100
19881006,138,102
19881007,180,77
19881008,155,73
19881009,163,40
19881010,196,95
19881011,208,134
19881012,210,120
19881013,214,136
19881014,190,127
19881015,176,123
19881016,185,125
19881017,186,110
19881018,165,99
19881019,205,110
19881020,154,108
19881021,108,84
19881022,90,76
19881023,105,78
19881024,112,83
19881025,112,78
19881026,105,44
19881027,83,8
19881028,102,18
19881029,123,26
19881030,106,26
19881031,71,12
19881101,107,-12
19881102,143,14
19881103,87,26
19881104,44,-2
19881105,50,4
19881106,38,-26
19881107,64,-30
19881108,80,-10
19881109,57,15
19881110,24,-1
19881111,22,-16
19881112,9,-10
19881113,48,-8
19881114,111,27
19881115,100,53
19881116,68,41
19881117,112,52
19881118,88,5
19881119,112,34
19881120,57,6
19881121,34,-9
19881122,13,-26
19881123,-8,-49
19881124,-19,-75
19881125,0,-40
19881126,18,-10
19881127,59,10
19881128,10,-27
19881129,101,-8
19881130,96,51
19881201,65,25
19881202,32,7
19881203,50,25
19881204,62,44
19881205,144,43
19881206,122,34
19881207,82,-11
19881208,51,7
19881209,24,-14
19881210,59,-15
19881211,86,14
19881212,52,13
19881213,69,35
19881214,55,8
19881215,37,-14
19881216,-10,-43
19881217,-12,-76
19881218,11,-76
19881219,70,-32
19881220,95,23
19881221,23,-3
19881222,46,-21
19881223,68,-10
19881224,104,60
19881225,107,40
19881226,92,10
19881227,79,12
19881228,42,-10
19881229,45,-10
19881230,6,-18
19881231,-4,-24
19890101,55,-17
19890102,39,-6
19890103,24,-35
19890104,-23,-53
19890105,-40,-67
19890106,52,-58
19890107,46,6
19890108,28,-5
19890109,77,7
19890110,95,1
19890111,94,35
19890112,56,-8
19890113,22,-10
19890114,12,-15
19890115,20,-22
19890116,16,-18
19890117,10,-21
19890118,2,-30
19890119,-2,-35
19890120,-15,-30
19890121,-5,-36
19890122,0,-22
19890123,34,-9
19890124,24,-1
19890125,12,2
19890126,18,0
19890127,17,2
19890128,19,6
19890129,6,-9
19890130,23,-11
19890131,57,-44
19890201,53,8
19890202,54,31
19890203,42,26
19890204,26,12
19890205,34,7
19890206,74,20
19890207,77,-12
19890208,87,-6
19890209,61,22
19890210,75,38
19890211,64,-3
19890212,0,-20
19890213,61,-10
19890214,58,-26
19890215,85,-8
19890216,106,30
19890217,107,42
19890218,125,8
19890219,150,71
19890220,174,47
19890221,136,73
19890222,73,46
19890223,98,50
19890224,177,72
19890225,147,76
19890226,134,66
19890227,66,30
19890228,135,14
19890301,140,28
19890302,137,49
19890303,94,49
19890304,132,51
19890305,146,58
19890306,144,55
19890307,149,40
19890308,164,33
19890309,128,77
19890310,145,63
19890311,136,80
19890312,142,56
19890313,145,65
19890314,114,66
19890315,120,44
19890316,150,78
19890317,169,102
19890318,170,90
19890319,90,60
19890320,102,65
19890321,104,78
19890322,146,72
19890323,168,61
19890324,132,52
19890325,176,39
19890326,171,80
19890327,192,89
19890328,215,97
19890329,256,127
19890330,240,130
19890331,261,144
19890401,228,141
19890402,172,64
19890403,134,58
19890404,210,102
19890405,178,96
19890406,144,96
19890407,177,72
19890408,193,95
19890409,214,102
19890410,217,85
19890411,226,104
19890412,228,126
19890413,174,101
19890414,172,90
19890415,128,94
19890416,200,106
19890417,160,100
19890418,162,67
19890419,174,81
19890420,200,83
19890421,183,115
19890422,195,95
19890423,138,80
19890424,178,62
19890425,160,69
19890426,200,80
19890427,173,121
19890428,149,101
19890429,112,80
19890430,108,42
19890501,89,63
19890502,107,75
19890503,153,88
19890504,193,116
19890505,224,114
19890506,234,83
19890507,162,52
19890508,190,62
19890509,204,75
19890510,242,97
19890511,242,142
19890512,244,132
19890513,234,149
19890514,203,134
19890515,150,111
19890516,142,115
19890517,166,120
19890518,187,142
19890519,196,138
19890520,200,129
19890521,204,134
19890522,219,152
19890523,202,125
19890524,215,104
19890525,226,107
19890526,220,122
19890527,237,120
19890528,250,130
19890529,236,143
19890530,260,120
19890531,212,143
19890601,184,151
19890602,234,148
19890603,246,136
19890604,212,130
19890605,230,135
19890606,195,130
19890607,226,125
19890608,200,130
19890609,244,106
19890610,260,121
19890611,260,145
19890612,242,172
19890613,202,143
19890614,194,147
19890615,224,128
19890616,160,112
19890617,156,110
19890618,162,125
19890619,240,120
19890620,210,137
19890621,210,135
19890622,262,152
19890623,235,164
19890624,217,160
19890625,234,167
19890626,268,162
19890627,280,171
19890628,266,169
19890629,244,138
19890630,222,143
19890701,274,150
19890702,278,166
19890703,261,170
19890704,265,168
19890705,264,168
19890706,282,187
19890707,295,183
19890708,306,195
19890709,320,200
19890710,294,205
19890711,304,200
19890712,278,190
19890713,254,192
19890714,253,176
19890715,213,144
19890716,244,123
19890717,226,161
19890718,252,145
19890719,232,145
19890720,256,136
19890721,278,156
19890722,263,193
19890723,284,187
19890724,304,196
19890725,288,205
19890726,224,183
19890727,266,160
19890728,254,178
19890729,253,167
19890730,277,166
19890731,278,144
19890801,180,127
19890802,208,103
19890803,200,110
19890804,243,122
19890805,266,146
19890806,257,171
19890807,282,179
19890808,289,184
19890809,249,173
19890810,251,146
19890811,254,166
19890812,280,187
19890813,266,184
19890814,290,190
19890815,302,206
19890816,306,210
19890817,305,216
19890818,282,215
19890819,254,206
19890820,250,171
19890821,275,188
19890822,280,194
19890823,289,200
19890824,270,200
19890825,280,184
19890826,234,164
19890827,220,155
19890828,191,136
19890829,186,118
19890830,168,115
19890831,208,118
19890901,227,112
19890902,210,144
19890903,176,132
19890904,152,126
19890905,196,122
19890906,204,117
19890907,205,109
19890908,195,113
19890909,172,117
19890910,186,135
19890911,222,122
19890912,200,155
19890913,175,146
19890914,158,136
19890915,200,106
19890916,240,137
19890917,250,144
19890918,250,148
19890919,253,162
19890920,258,163
19890921,250,165
19890922,237,153
19890923,221,142
19890924,220,135
19890925,220,128
19890926,220,123
19890927,204,139
19890928,170,125
19890929,162,125
19890930,160,98
19891001,176,105
19891002,180,105
19891003,140,80
19891004,142,41
19891005,145,48
19891006,151,44
19891007,130,70
19891008,108,92
19891009,127,100
19891010,128,90
19891011,146,47
19891012,161,65
19891013,178,61
19891014,168,72
19891015,132,86
19891016,145,38
19891017,162,37
19891018,176,54
19891019,178,77
19891020,178,77
19891021,190,94
19891022,198,94
19891023,200,94
19891024,214,66
19891025,204,95
19891026,200,91
19891027,186,94
19891028,158,77
19891029,180,90
19891030,182,110
19891031,182,106
19891101,190,110
19891102,190,115
19891103,202,133
19891104,185,130
19891105,165,80
19891106,129,99
19891107,124,71
19891108,121,35
19891109,115,36
19891110,126,62
19891111,115,25
19891112,74,10
19891113,40,10
19891114,42,1
19891115,76,-6
19891116,85,12
19891117,60,12
19891118,46,-11
19891119,33,-21
19891120,54,19
19891121,131,34
19891122,155,98
19891123,124,5
19891124,6,-32
19891125,28,-32
19891126,0,-50
19891127,42,-50
19891128,56,-27
19891129,29,-29
19891130,8,-57
19891201,3,-58
19891202,24,-70
19891203,26,-47
19891204,32,-50
19891205,30,-40
19891206,24,-10
19891207,-6,-44
19891208,15,-46
19891209,-5,-50
19891210,14,-49
19891211,-8,-84
19891212,30,-61
19891213,105,12
19891214,147,80
19891215,172,116
19891216,182,148
19891217,215,144
19891218,176,108
19891219,182,126
19891220,151,76
19891221,155,99
19891222,157,110
19891223,119,48
19891224,48,4
19891225,46,18
19891226,28,2
19891227,12,0
19891228,34,0
19891229,26,-16
19891230,22,-13
19891231,6,-7
19900101,8,-6
19900102,-4,-13
19900103,6,-14
19900104,27,-22
19900105,6,-52
19900106,-40,-55
19900107,-28,-58
19900108,-44,-60
19900109,-33,-69
19900110,-34,-75
19900111,-36,-59
19900112,-35,-55
19900113,-40,-55
19900114,-44,-62
19900115,-36,-57
19900116,0,-61
19900117,80,-25
19900118,90,11
19900119,56,1
19900120,38,-34
19900121,85,2
19900122,110,5
19900123,84,1
19900124,110,20
19900125,130,56
19900126,152,24
19900127,68,14
19900128,144,30
19900129,136,74
19900130,90,54
19900131,109,66
19900201,143,25
19900202,144,61
19900203,118,87
19900204,152,86
19900205,146,24
19900206,122,25
19900207,104,23
19900208,124,3
19900209,86,53
19900210,96,-2
19900211,38,6
19900212,52,7
19900213,92,15
19900214,121,25
19900215,165,67
19900216,110,33
19900217,92,34
19900218,139,11
19900219,160,62
19900220,162,55
19900221,164,52
19900222,178,66
19900223,152,61
19900224,160,37
19900225,194,34
19900226,142,93
19900227,178,60
19900228,142,27
19900301,148,50
19900302,115,31
19900303,86,12
19900304,112,0
19900305,130,13
19900306,158,20
19900307,190,99
19900308,213,51
19900309,152,115
19900310,148,78
19900311,224,56
19900312,228,76
19900313,188,117
19900314,172,80
19900315,171,91
19900316,148,81
19900317,134,40
19900318,170,38
19900319,204,55
19900320,214,65
19900321,212,89
19900322,232,90
19900323,212,106
19900324,184,114
19900325,182,60
19900326,95,42
19900327,72,50
19900328,127,50
19900329,112,72
19900330,136,72
19900331,178,79
19900401,176,82
19900402,210,72
19900403,200,95
19900404,124,85
19900405,122,80
19900406,164,86
19900407,135,110
19900408,116,70
19900409,95,43
19900410,105,49
19900411,160,22
19900412,138,56
19900413,157,56
19900414,190,48
19900415,180,92
19900416,139,87
19900417,130,93
19900418,134,80
19900419,120,75
19900420,118,69
19900421,127,76
19900422,183,64
19900423,162,95
19900424,180,92
19900425,200,80
19900426,198,83
19900427,200,89
19900428,149,79
19900429,166,66
19900430,188,63
19900501,192,126
19900502,229,117
19900503,194,133
19900504,194,121
19900505,224,86
19900506,245,102
19900507,252,127
19900508,250,125
19900509,250,133
19900510,264,132
19900511,270,132
19900512,205,157
19900513,246,126
19900514,265,137
19900515,260,150
19900516,260,164
19900517,283,163
19900518,260,163
19900519,199,146
19900520,214,142
19900521,230,145
19900522,250,152
19900523,242,136
19900524,270,166
19900525,262,181
19900526,184,114
19900527,180,119
19900528,204,95
19900529,154,106
19900530,188,90
19900531,214,92
19900601,239,117
19900602,257,128
19900603,198,136
19900604,191,111
19900605,166,119
19900606,176,132
19900607,173,139
19900608,223,149
19900609,230,130
19900610,172,110
19900611,238,102
19900612,222,150
19900613,176,135
19900614,222,143
19900615,184,143
19900616,225,141
19900617,228,140
19900618,271,137
19900619,274,154
19900620,302,160
19900621,244,172
19900622,278,174
19900623,257,163
19900624,250,151
19900625,272,155
19900626,276,166
19900627,288,182
19900628,310,190
19900629,320,202
19900630,328,199
19900701,334,205
19900702,234,190
19900703,252,165
19900704,234,176
19900705,278,129
19900706,232,131
19900707,218,119
19900708,246,131
19900709,297,165
19900710,281,159
19900711,224,130
19900712,250,170
19900713,270,156
19900714,274,175
19900715,252,140
19900716,297,155
19900717,326,180
19900718,266,168
19900719,245,141
19900720,250,154
19900721,294,153
19900722,313,178
19900723,294,193
19900724,256,188
19900725,240,166
19900726,266,142
19900727,281,156
19900728,290,184
19900729,322,177
19900730,328,190
19900731,320,218
19900801,303,249
19900802,312,200
19900803,275,201
19900804,286,172
19900805,300,169
19900806,327,170
19900807,253,162
19900808,212,144
19900809,251,153
19900810,268,141
19900811,271,169
19900812,292,176
19900813,299,174
19900814,306,176
19900815,294,181
19900816,297,179
19900817,316,162
19900818,232,132
19900819,261,130
19900820,296,154
19900821,242,148
19900822,223,130
19900823,236,150
19900824,257,135
19900825,267,136
19900826,292,156
19900827,290,174
19900828,291,209
19900829,294,179
19900830,293,178
19900831,304,172
19900901,292,180
19900902,192,156
19900903,237,124
19900904,244,150
19900905,222,143
19900906,206,125
19900907,236,109
19900908,196,109
19900909,220,104
19900910,204,124
19900911,190,127
19900912,184,125
19900913,202,87
19900914,214,88
19900915,224,112
19900916,183,111
19900917,193,75
19900918,182,117
19900919,196,94
19900920,227,124
19900921,189,130
19900922,201,118
19900923,260,129
19900924,228,124
19900925,183,120
19900926,160,130
19900927,150,96
19900928,164,71
19900929,184,66
19900930,212,94
19901001,224,151
19901002,189,124
19901003,170,90
19901004,188,120
19901005,158,106
19901006,178,82
19901007,218,106
19901008,166,94
19901009,142,82
19901010,148,44
19901011,164,46
19901012,230,86
19901013,222,134
19901014,224,125
19901015,204,125
19901016,191,114
19901017,181,104
19901018,172,108
19901019,208,135
19901020,166,138
19901021,140,77
19901022,92,47
19901023,88,6
19901024,87,8
19901025,98,31
19901026,107,81
19901027,106,68
19901028,127,76
19901029,148,57
19901030,205,122
19901031,142,93
19901101,142,66
19901102,71,48
19901103,88,61
19901104,81,58
19901105,76,14
19901106,70,25
19901107,74,4
19901108,86,15
19901109,78,40
19901110,44,4
19901111,30,9
19901112,57,12
19901113,81,37
19901114,92,55
19901115,66,48
19901116,98,55
19901117,82,22
19901118,158,64
19901119,122,63
19901120,96,55
19901121,180,72
19901122,133,67
19901123,170,102
19901124,121,72
19901125,114,46
19901126,131,98
19901127,100,68
19901128,78,52
19901129,58,32
19901130,70,29
19901201,38,-2
19901202,20,-34
19901203,28,-11
19901204,22,-27
19901205,31,-22
19901206,33,13
19901207,14,-5
19901208,8,-16
19901209,80,3
19901210,81,63
19901211,64,36
19901212,52,30
19901213,44,21
19901214,57,37
19901215,42,10
19901216,35,15
19901217,24,8
19901218,16,3
19901219,28,9
19901220,25,-8
19901221,11,-28
19901222,59,-9
19901223,64,24
19901224,40,-23
19901225,-3,-18
19901226,7,-23
19901227,38,-4
19901228,48,16
19901229,31,-24
19901230,115,9
19901231,92,73
19910101,80,62
19910102,69,0
19910103,122,35
19910104,134,70
19910105,102,43
19910106,86,24
19910107,100,4
19910108,104,77
19910109,117,57
19910110,144,70
19910111,142,94
19910112,120,93
19910113,100,59
19910114,59,16
19910115,30,-2
19910116,8,-27
19910117,12,-40
19910118,11,-62
19910119,30,-55
19910120,6,-48
19910121,-18,-55
19910122,-20,-33
19910123,-21,-45
19910124,12,-40
19910125,41,4
19910126,11,-40
19910127,15,-29
19910128,34,2
19910129,42,-38
19910130,31,-33
19910131,6,-49
19910201,-38,-94
19910202,-27,-108
19910203,-8,-90
19910204,-10,-85
19910205,-32,-87
19910206,-65,-98
19910207,-24,-81
19910208,-8,-38
19910209,34,-47
19910210,118,22
19910211,86,-6
19910212,-6,-18
19910213,16,-31
19910214,2,-88
19910215,-10,-86
19910216,47,-79
19910217,34,-21
19910218,31,-37
19910219,64,-2
19910220,77,-20
19910221,57,5
19910222,74,4
19910223,92,12
19910224,120,40
19910225,120,29
19910226,112,33
19910227,74,45
19910228,54,17
19910301,44,11
19910302,84,32
19910303,96,51
19910304,83,43
19910305,169,16
19910306,155,78
19910307,187,86
19910308,190,112
19910309,164,100
19910310,136,82
19910311,104,57
19910312,142,75
19910313,150,48
19910314,162,53
19910315,176,55
19910316,156,74
19910317,168,65
19910318,157,71
19910319,156,60
19910320,189,83
19910321,208,92
19910322,209,118
19910323,190,116
19910324,206,81
19910325,180,111
19910326,172,96
19910327,112,34
19910328,82,36
19910329,62,25
19910330,51,10
19910331,102,46
19910401,126,51
19910402,148,36
19910403,147,62
19910404,148,92
19910405,156,103
19910406,188,102
19910407,181,78
19910408,166,98
19910409,180,74
19910410,152,80
19910411,138,61
19910412,163,83
19910413,176,97
19910414,194,81
19910415,187,78
19910416,215,83
19910417,164,21
19910418,38,23
19910419,94,14
19910420,112,37
19910421,112,46
19910422,140,32
19910423,144,34
19910424,110,62
19910425,112,53
19910426,156,28
19910427,142,89
19910428,188,89
19910429,191,75
19910430,200,85
19910501,215,119
19910502,162,108
19910503,136,107
19910504,122,92
19910505,172,97
19910506,167,74
19910507,122,94
19910508,194,90
19910509,187,94
19910510,166,112
19910511,201,116
19910512,184,90
19910513,181,121
19910514,196,106
19910515,162,113
19910516,113,60
19910517,71,60
19910518,100,60
19910519,134,66
19910520,190,57
19910521,238,84
19910522,272,129
19910523,216,130
19910524,148,86
19910525,160,56
19910526,170,97
19910527,152,70
19910528,198,96
19910529,212,117
19910530,221,126
19910531,236,140
19910601,257,125
19910602,238,141
19910603,254,130
19910604,187,114
19910605,160,98
19910606,187,97
19910607,194,137
19910608,199,148
19910609,253,147
19910610,285,141
19910611,222,168
19910612,252,127
19910613,286,142
19910614,255,174
19910615,270,173
19910616,314,167
19910617,312,199
19910618,251,142
19910619,180,126
19910620,232,100
19910621,252,143
19910622,291,164
19910623,296,172
19910624,314,193
19910625,290,175
19910626,320,211
19910627,303,203
19910628,259,123
19910629,194,140
19910630,218,117
19910701,252,146
19910702,254,159
19910703,256,183
19910704,278,212
19910705,286,200
19910706,290,208
19910707,294,184
19910708,302,191
19910709,322,198
19910710,310,211
19910711,326,207
19910712,333,220
19910713,342,227
19910714,314,180
19910715,236,170
19910716,276,164
19910717,288,183
19910718,264,155
19910719,298,178
19910720,304,193
19910721,288,176
19910722,266,172
19910723,282,170
19910724,303,179
19910725,252,200
19910726,223,162
19910727,210,156
19910728,204,153
19910729,235,180
19910730,280,171
19910731,282,179
19910801,262,158
19910802,257,182
19910803,236,183
19910804,280,206
19910805,284,210
19910806,286,196
19910807,295,195
19910808,300,201
19910809,300,193
19910810,300,196
19910811,296,216
19910812,302,205
19910813,280,206
19910814,287,199
19910815,248,170
19910816,254,152
19910817,266,158
19910818,293,170
19910819,187,144
19910820,224,114
19910821,232,148
19910822,252,154
19910823,258,173
19910824,264,166
19910825,256,186
19910826,266,176
19910827,238,171
19910828,224,132
19910829,210,148
19910830,220,147
19910831,228,130
19910901,230,129
19910902,244,135
19910903,246,140
19910904,253,144
19910905,252,143
19910906,253,148
19910907,218,162
19910908,192,122
19910909,204,101
19910910,220,112
19910911,268,116
19910912,259,164
19910913,205,168
19910914,202,162
19910915,226,167
19910916,234,163
19910917,245,142
19910918,208,161
19910919,216,118
19910920,226,120
19910921,222,140
19910922,259,142
19910923,212,152
19910924,195,128
19910925,197,110
19910926,233,114
19910927,210,162
19910928,203,123
19910929,226,122
19910930,266,162
19911001,237,166
19911002,215,110
19911003,162,77
19911004,163,78
19911005,162,64
19911006,174,73
19911007,190,98
19911008,147,113
19911009,164,94
19911010,174,96
19911011,133,107
19911012,170,119
19911013,197,124
19911014,196,105
19911015,182,132
19911016,186,124
19911017,200,107
19911018,174,94
19911019,97,70
19911020,70,59
19911021,82,60
19911022,84,50
19911023,110,10
19911024,110,40
19911025,97,53
19911026,72,11
19911027,62,12
19911028,53,15
19911029,62,26
19911030,65,5
19911031,57,15
19911101,76,24
19911102,60,-14
19911103,96,12
19911104,169,75
19911105,147,64
19911106,117,63
19911107,107,54
19911108,112,22
19911109,103,30
19911110,95,38
19911111,45,-1
19911112,118,12
19911113,138,43
19911114,128,92
19911115,115,50
19911116,115,82
19911117,99,62
19911118,64,10
19911119,83,9
19911120,118,77
19911121,96,61
19911122,68,46
19911123,47,27
19911124,73,25
19911125,94,71
19911126,94,77
19911127,93,79
19911128,84,70
19911129,76,60
19911130,65,42
19911201,44,30
19911202,56,38
19911203,62,12
19911204,26,0
19911205,48,-8
19911206,37,6
19911207,29,-10
19911208,5,-42
19911209,-33,-68
19911210,-36,-97
19911211,-20,-103
19911212,-6,-88
19911213,10,-69
19911214,12,-60
19911215,16,-65
19911216,-7,-58
19911217,-22,-38
19911218,36,-56
19911219,41,-12
19911220,59,15
19911221,42,-2
19911222,48,3
19911223,62,24
19911224,24,-7
19911225,32,-24
19911226,32,-12
19911227,61,5
19911228,61,25
19911229,36,-8
19911230,50,-6
19911231,52,-23
19920101,38,-35
19920102,96,-7
19920103,81,-10
19920104,81,18
19920105,112,33
19920106,120,40
19920107,104,18
19920108,110,40
19920109,117,57
19920110,111,68
19920111,68,46
19920112,62,14
19920113,44,33
19920114,58,19
19920115,83,27
19920116,73,11
19920117,33,-11
19920118,24,-11
19920119,68,-19
19920120,44,-20
19920121,-16,-55
19920122,-17,-37
19920123,0,-25
19920124,3,-11
19920125,-4,-18
19920126,-8,-23
19920127,8,-28
19920128,6,-13
19920129,34,-28
19920130,58,-2
19920131,60,6
19920201,65,11
19920202,50,-38
19920203,80,-6
19920204,80,17
19920205,73,15
19920206,100,24
19920207,134,27
19920208,112,26
19920209,92,6
19920210,96,37
19920211,81,40
19920212,116,63
19920213,146,50
19920214,106,81
19920215,106,43
19920216,107,59
19920217,59,10
19920218,34,-17
19920219,26,-43
19920220,42,-42
19920221,70,-14
19920222,54,5
19920223,90,-6
19920224,127,17
19920225,112,7
19920226,127,26
19920227,146,15
19920228,152,28
19920229,151,32
19920301,156,34
19920302,182,41
19920303,134,75
19920304,170,67
19920305,168,62
19920306,152,62
19920307,129,64
19920308,94,28
19920309,117,17
19920310,108,24
19920311,115,4
19920312,134,55
19920313,123,48
19920314,134,44
19920315,102,33
19920316,92,29
19920317,88,31
19920318,100,9
19920319,132,17
19920320,122,45
19920321,122,62
19920322,95,42
19920323,102,39
19920324,163,93
19920325,150,69
19920326,98,14
19920327,102,19
19920328,78,32
19920329,101,14
19920330,114,46
19920331,162,55
19920401,160,90
19920402,143,71
19920403,173,56
19920404,204,127
19920405,194,114
19920406,134,70
19920407,144,56
19920408,147,52
19920409,150,74
19920410,146,72
19920411,132,44
19920412,167,46
19920413,211,59
19920414,154,83
19920415,184,62
19920416,183,93
19920417,100,68
19920418,124,51
19920419,146,49
19920420,149,77
19920421,156,45
19920422,217,62
19920423,187,116
19920424,215,85
19920425,262,105
19920426,257,127
19920427,264,150
19920428,244,154
19920429,202,114
19920430,118,91
19920501,163,106
19920502,188,100
19920503,230,122
19920504,212,111
19920505,211,109
19920506,221,150
19920507,223,116
19920508,240,128
19920509,244,147
19920510,242,125
19920511,265,149
19920512,200,114
19920513,228,104
19920514,246,125
19920515,250,176
19920516,257,145
19920517,256,138
19920518,191,124
19920519,170,102
19920520,154,94
19920521,206,113
19920522,208,126
19920523,210,136
19920524,222,143
19920525,224,145
19920526,220,124
19920527,222,121
19920528,208,140
19920529,236,109
19920530,224,126
19920531,234,128
19920601,217,165
19920602,272,164
19920603,282,183
19920604,251,157
19920605,262,154
19920606,234,144
19920607,238,126
19920608,188,142
19920609,210,136
19920610,232,148
19920611,222,131
19920612,194,151
19920613,191,141
19920614,250,158
19920615,264,177
19920616,268,149
19920617,264,160
19920618,237,162
19920619,240,163
19920620,256,182
19920621,278,162
19920622,282,162
19920623,284,197
19920624,292,168
19920625,233,184
19920626,250,178
19920627,235,160
19920628,238,176
19920629,271,156
19920630,281,145
19920701,291,162
19920702,290,154
19920703,292,170
19920704,304,174
19920705,240,158
19920706,256,162
19920707,246,173
19920708,255,170
19920709,250,172
19920710,234,171
19920711,273,155
19920712,232,168
19920713,242,160
19920714,275,172
19920715,281,163
19920716,262,185
19920717,261,175
19920718,285,168
19920719,271,188
19920720,270,170
19920721,286,173
19920722,304,178
19920723,305,206
19920724,291,196
19920725,294,187
19920726,309,185
19920727,317,195
19920728,266,218
19920729,268,175
19920730,291,175
19920731,321,190
19920801,330,210
19920802,326,219
19920803,324,213
19920804,336,215
19920805,300,186
19920806,320,198
19920807,326,209
19920808,320,208
19920809,331,212
19920810,341,212
19920811,293,209
19920812,270,207
19920813,297,181
19920814,301,189
19920815,250,194
19920816,273,166
19920817,305,170
19920818,324,190
19920819,340,211
19920820,342,209
19920821,342,211
19920822,322,212
19920823,263,194
19920824,294,196
19920825,323,187
19920826,340,194
19920827,331,210
19920828,349,211
19920829,340,204
19920830,292,211
19920831,290,165
19920901,230,137
19920902,222,114
19920903,255,125
19920904,210,120
19920905,189,92
19920906,210,85
19920907,242,78
19920908,260,170
19920909,234,143
19920910,241,146
19920911,269,158
19920912,271,177
19920913,256,157
19920914,275,153
19920915,230,154
19920916,250,139
19920917,242,142
19920918,216,168
19920919,217,114
19920920,217,113
19920921,228,113
19920922,257,129
19920923,266,136
19920924,230,144
19920925,220,138
19920926,222,106
19920927,248,136
19920928,244,166
19920929,256,150
19920930,213,154
19921001,182,128
19921002,192,102
19921003,164,116
19921004,160,139
19921005,194,145
19921006,204,139
19921007,208,126
19921008,172,135
19921009,206,97
19921010,160,124
19921011,127,111
19921012,112,90
19921013,107,50
19921014,107,22
19921015,120,25
19921016,118,77
19921017,186,110
19921018,173,46
19921019,109,37
19921020,96,65
19921021,104,84
19921022,116,59
19921023,97,30
19921024,128,65
19921025,152,50
19921026,154,98
19921027,118,75
19921028,162,69
19921029,194,54
19921030,86,50
19921031,110,71
19921101,90,75
19921102,121,68
19921103,155,82
19921104,126,68
19921105,133,88
19921106,134,56
19921107,98,51
19921108,137,30
19921109,102,53
19921110,98,17
19921111,116,76
19921112,102,45
19921113,72,18
19921114,82,11
19921115,94,10
19921116,176,90
19921117,162,95
19921118,97,38
19921119,55,-4
19921120,68,10
19921121,50,12
19921122,117,28
19921123,117,60
19921124,64,43
19921125,144,28
19921126,164,86
19921127,138,82
19921128,124,36
19921129,124,50
19921130,67,50
19921201,62,27
19921202,112,41
19921203,165,105
19921204,150,83
19921205,172,106
19921206,140,41
19921207,74,16
19921208,56,26
19921209,44,26
19921210,48,32
19921211,40,24
19921212,70,9
19921213,87,7
19921214,69,10
19921215,58,0
19921216,20,-14
19921217,21,4
19921218,30,14
19921219,23,5
19921220,7,-8
19921221,10,-13
19921222,30,4
19921223,20,-13
19921224,-10,-46
19921225,-24,-48
19921226,-16,-42
19921227,3,-83
19921228,6,-25
19921229,-8,-66
19921230,-11,-87
19921231,-36,-80
19930101,-24,-52
19930102,-50,-82
19930103,-50,-74
19930104,-36,-58
19930105,-42,-84
19930106,-76,-139
19930107,-12,-86
19930108,60,-22
19930109,51,16
19930110,30,-19
19930111,108,-18
19930112,137,90
19930113,115,85
19930114,133,59
19930115,112,48
19930116,108,19
19930117,152,35
19930118,111,35
19930119,99,16
19930120,75,-4
19930121,113,0
19930122,144,13
19930123,121,65
19930124,135,37
19930125,120,80
19930126,80,22
19930127,96,7
19930128,32,7
19930129,76,17
19930130,24,-22
19930131,-4,-57
19930201,30,-60
19930202,41,-58
19930203,68,-30
19930204,95,-21
19930205,103,-6
19930206,95,-1
19930207,73,38
19930208,84,12
19930209,70,-6
19930210,78,-8
19930211,70,-12
19930212,58,10
19930213,66,1
19930214,35,-19
19930215,44,10
19930216,37,-12
19930217,16,-54
19930218,70,-8
19930219,68,-27
19930220,94,7
19930221,62,6
19930222,32,-18
19930223,24,-46
19930224,24,-19
19930225,26,-4
19930226,38,-16
19930227,78,-34
19930228,96,0
19930301,55,16
19930302,45,12
19930303,87,8
19930304,25,-18
19930305,0,-48
19930306,41,-54
19930307,46,-12
19930308,44,5
19930309,64,1
19930310,100,-10
19930311,142,1
19930312,143,30
19930313,145,26
19930314,150,38
19930315,159,48
19930316,179,48
19930317,155,60
19930318,217,74
19930319,190,110
19930320,214,94
19930321,232,81
19930322,198,104
19930323,186,120
19930324,140,62
19930325,64,36
19930326,64,34
19930327,60,20
19930328,74,24
19930329,92,28
19930330,89,12
19930331,142,14
19930401,159,70
19930402,102,57
19930403,76,36
19930404,126,35
19930405,134,60
19930406,177,35
19930407,166,64
19930408,138,80
19930409,160,36
19930410,149,57
19930411,90,72
19930412,95,61
19930413,158,64
19930414,190,71
19930415,141,83
19930416,171,74
19930417,154,66
19930418,182,55
19930419,200,110
19930420,212,130
19930421,234,112
19930422,254,121
19930423,248,112
19930424,252,116
19930425,252,122
19930426,252,156
19930427,216,142
19930428,239,126
19930429,247,135
19930430,218,124
19930501,224,110
19930502,229,118
19930503,234,118
19930504,225,137
19930505,177,117
19930506,192,109
19930507,210,131
19930508,222,149
19930509,223,131
19930510,222,131
19930511,243,120
19930512,249,124
19930513,254,145
19930514,259,133
19930515,236,128
19930516,219,147
19930517,238,128
19930518,260,137
19930519,277,153
19930520,274,149
19930521,290,159
19930522,241,152
19930523,236,148
19930524,244,152
19930525,268,164
19930526,307,164
19930527,277,202
19930528,284,191
19930529,252,160
19930530,282,151
19930531,248,177
19930601,272,151
19930602,310,162
19930603,240,164
19930604,224,152
19930605,269,159
19930606,294,176
19930607,306,180
19930608,278,189
19930609,280,206
19930610,289,195
19930611,297,211
19930612,275,169
19930613,231,144
19930614,236,150
19930615,252,138
19930616,232,150
19930617,236,150
19930618,232,119
19930619,291,136
19930620,301,169
19930621,252,188
19930622,302,174
19930623,296,207
19930624,248,145
19930625,231,116
19930626,210,151
19930627,203,144
19930628,176,142
19930629,216,115
19930630,250,140
19930701,242,156
19930702,266,147
19930703,303,170
19930704,320,202
19930705,324,198
19930706,268,141
19930707,222,122
19930708,240,122
19930709,278,156
19930710,282,162
19930711,290,182
19930712,202,130
19930713,218,129
19930714,226,114
19930715,254,147
19930716,300,175
19930717,316,184
19930718,320,209
19930719,315,201
19930720,292,212
19930721,213,146
19930722,232,153
19930723,239,125
19930724,286,144
19930725,298,158
19930726,230,148
19930727,248,143
19930728,284,153
19930729,290,191
19930730,320,211
19930731,353,208
19930801,260,183
19930802,298,201
19930803,322,200
19930804,332,208
19930805,338,220
19930806,314,188
19930807,260,187
19930808,264,178
19930809,235,164
19930810,260,160
19930811,250,153
19930812,278,148
19930813,292,166
19930814,300,178
19930815,308,183
19930816,313,196
19930817,315,193
19930818,276,210
19930819,277,200
19930820,297,174
19930821,320,184
19930822,352,192
19930823,336,217
19930824,338,216
19930825,282,152
19930826,154,128
19930827,172,140
19930828,173,144
19930829,186,136
19930830,207,95
19930831,192,116
19930901,202,104
19930902,219,107
19930903,212,120
19930904,170,115
19930905,186,106
19930906,186,70
19930907,228,89
19930908,254,150
19930909,244,178
19930910,245,183
19930911,239,146
19930912,222,135
19930913,249,137
19930914,232,156
19930915,227,123
19930916,218,131
19930917,205,153
19930918,174,133
19930919,172,129
19930920,196,152
19930921,210,123
19930922,220,145
19930923,245,133
19930924,256,147
19930925,207,143
19930926,193,137
19930927,173,120
19930928,173,105
19930929,141,107
19930930,161,98
19931001,197,98
19931002,222,131
19931003,173,133
19931004,167,120
19931005,204,84
19931006,225,124
19931007,189,152
19931008,218,129
19931009,195,132
19931010,214,116
19931011,222,121
19931012,239,155
19931013,251,150
19931014,262,146
19931015,210,125
19931016,195,102
19931017,194,109
19931018,157,77
19931019,94,72
19931020,95,78
19931021,101,85
19931022,121,90
19931023,149,102
19931024,146,86
19931025,140,97
19931026,106,71
19931027,108,67
19931028,120,52
19931029,124,45
19931030,92,42
19931031,74,25
19931101,74,58
19931102,83,48
19931103,117,47
19931104,115,93
19931105,110,101
19931106,126,105
19931107,178,103
19931108,139,103
19931109,144,99
19931110,110,88
19931111,121,74
19931112,75,13
19931113,13,-14
19931114,40,-38
19931115,34,10
19931116,55,15
19931117,40,10
19931118,34,-17
19931119,-6,-44
19931120,-26,-45
19931121,-9,-39
19931122,17,-21
19931123,-15,-47
19931124,0,-35
19931125,12,-15
19931126,9,-30
19931127,-20,-45
19931128,-25,-46
19931129,-19,-46
19931130,14,-20
19931201,-4,-30
19931202,2,-25
19931203,27,-36
19931204,-2,-45
19931205,8,-54
19931206,53,-2
19931207,19,-31
19931208,30,-10
19931209,117,-1
19931210,92,32
19931211,66,13
19931212,34,-9
19931213,81,-15
19931214,124,66
19931215,98,43
19931216,97,43
19931217,64,7
19931218,89,22
19931219,124,31
19931220,144,96
19931221,155,92
19931222,93,34
19931223,95,4
19931224,114,34
19931225,84,9
19931226,32,-2
19931227,31,12
19931228,47,4
19931229,4,-38
19931230,3,-48
19931231,60,-22
19940101,70,36
19940102,55,22
19940103,80,4
19940104,97,14
19940105,105,65
19940106,139,57
19940107,147,71
19940108,132,83
19940109,112,63
19940110,97,48
19940111,115,61
19940112,105,56
19940113,91,31
19940114,62,23
19940115,85,37
19940116,51,11
19940117,58,21
19940118,30,0
19940119,2,-43
19940120,8,-30
19940121,40,5
19940122,42,-21
19940123,30,-39
19940124,91,4
19940125,104,20
19940126,103,58
19940127,89,8
19940128,99,31
19940129,68,17
19940130,83,16
19940131,100,25
19940201,93,6
19940202,117,32
19940203,123,76
19940204,145,84
19940205,130,39
19940206,132,84
19940207,92,49
19940208,105,59
19940209,73,46
19940210,77,41
19940211,71,29
19940212,47,4
19940213,4,-56
19940214,-47,-78
19940215,-6,-60
19940216,-19,-64
19940217,-28,-76
19940218,-10,-48
19940219,9,-25
19940220,29,-75
19940221,44,-19
19940222,65,-31
19940223,108,-6
19940224,105,67
19940225,128,42
19940226,165,28
19940227,161,88
19940228,153,96
19940301,173,85
19940302,131,90
19940303,156,73
19940304,137,74
19940305,125,30
19940306,155,22
19940307,156,85
19940308,164,97
19940309,152,97
19940310,192,73
19940311,166,107
19940312,197,70
19940313,194,120
19940314,192,102
19940315,203,113
19940316,172,98
19940317,129,57
19940318,131,31
19940319,154,47
19940320,163,96
19940321,158,63
19940322,121,70
19940323,164,69
19940324,225,96
19940325,224,136
19940326,158,76
19940327,112,45
19940328,117,24
19940329,166,45
19940330,213,72
19940331,224,90
19940401,207,107
19940402,151,53
19940403,132,50
19940404,155,66
19940405,106,60
19940406,97,71
19940407,151,42
19940408,150,34
19940409,162,58
19940410,142,60
19940411,146,54
19940412,116,41
19940413,137,51
19940414,193,86
19940415,186,78
19940416,174,112
19940417,152,106
19940418,133,86
19940419,135,61
19940420,132,51
19940421,166,98
19940422,192,99
19940423,216,91
19940424,229,95
19940425,217,90
19940426,217,108
19940427,202,110
19940428,204,125
19940429,221,127
19940430,239,116
19940501,248,117
19940502,150,81
19940503,174,89
19940504,208,71
19940505,172,107
19940506,160,93
19940507,180,88
19940508,173,88
19940509,183,64
19940510,202,93
19940511,181,121
19940512,210,95
19940513,223,104
19940514,229,116
19940515,264,133
19940516,280,144
19940517,283,173
19940518,254,168
19940519,217,134
19940520,201,145
19940521,229,135
19940522,259,143
19940523,300,160
19940524,241,175
19940525,260,179
19940526,275,170
19940527,206,137
19940528,231,109
19940529,267,141
19940530,179,133
19940531,215,125
19940601,261,117
19940602,295,150
19940603,304,191
19940604,240,166
19940605,196,124
19940606,192,124
19940607,234,99
19940608,252,162
19940609,273,152
19940610,154,114
19940611,175,108
19940612,157,116
19940613,166,136
19940614,196,128
19940615,234,149
19940616,236,125
19940617,242,142
19940618,262,150
19940619,305,175
19940620,280,168
19940621,245,165
19940622,282,161
19940623,299,170
19940624,284,207
19940625,299,206
19940626,325,211
19940627,317,203
19940628,324,217
19940629,287,179
19940630,313,210
19940701,292,219
19940702,291,192
19940703,307,199
19940704,317,209
19940705,310,195
19940706,290,178
19940707,252,187
19940708,242,187
19940709,248,155
19940710,249,164
19940711,266,153
19940712,278,195
19940713,273,183
19940714,289,198
19940715,277,187
19940716,291,191
19940717,307,199
19940718,329,214
19940719,289,202
19940720,243,201
19940721,243,188
19940722,284,176
19940723,306,190
19940724,303,184
19940725,307,202
19940726,315,200
19940727,315,209
19940728,310,195
19940729,308,183
19940730,311,193
19940731,329,196
19940801,327,214
19940802,318,215
19940803,326,218
19940804,323,219
19940805,324,227
19940806,325,219
19940807,317,217
19940808,326,212
19940809,322,202
19940810,332,220
19940811,332,223
19940812,268,175
19940813,253,188
19940814,228,157
19940815,238,162
19940816,262,165
19940817,276,161
19940818,243,153
19940819,261,122
19940820,278,161
19940821,284,195
19940822,301,178
19940823,269,173
19940824,266,181
19940825,196,170
19940826,234,142
19940827,255,137
19940828,269,158
19940829,251,182
19940830,211,193
19940831,279,186
19940901,296,195
19940902,287,186
19940903,211,174
19940904,231,164
19940905,247,154
19940906,243,146
19940907,278,160
19940908,280,174
19940909,239,157
19940910,232,117
19940911,254,144
19940912,275,156
19940913,291,173
19940914,287,170
19940915,238,158
19940916,231,127
19940917,189,121
19940918,131,91
19940919,160,102
19940920,182,112
19940921,215,89
19940922,234,139
19940923,238,151
19940924,252,157
19940925,271,187
19940926,260,170
19940927,272,192
19940928,216,172
19940929,231,165
19940930,227,144
19941001,256,161
19941002,240,173
19941003,240,179
19941004,184,118
19941005,129,71
19941006,112,64
19941007,84,46
19941008,78,38
19941009,117,19
19941010,144,38
19941011,137,44
19941012,147,50
19941013,157,45
19941014,164,65
19941015,128,58
19941016,94,63
19941017,115,66
19941018,90,51
19941019,109,48
19941020,105,34
19941021,90,55
19941022,91,54
19941023,104,64
19941024,95,81
19941025,159,71
19941026,167,72
19941027,143,62
19941028,147,67
19941029,155,89
19941030,142,49
19941031,190,74
19941101,187,105
19941102,166,126
19941103,160,112
19941104,158,107
19941105,140,115
19941106,122,80
19941107,98,60
19941108,140,76
19941109,126,93
19941110,158,104
19941111,145,103
19941112,107,38
19941113,80,17
19941114,109,43
19941115,161,58
19941116,129,79
19941117,108,67
19941118,101,31
19941119,105,58
19941120,93,44
19941121,142,28
19941122,134,98
19941123,134,63
19941124,94,34
19941125,75,30
19941126,84,41
19941127,95,45
19941128,108,55
19941129,95,18
19941130,61,17
19941201,65,17
19941202,44,-19
19941203,10,-37
19941204,16,-33
19941205,121,-4
19941206,118,84
19941207,97,61
19941208,127,46
19941209,132,68
19941210,109,55
19941211,77,25
19941212,101,25
19941213,68,26
19941214,98,5
19941215,50,7
19941216,34,-35
19941217,57,-8
19941218,44,-24
19941219,37,14
19941220,29,4
19941221,9,-14
19941222,11,-11
19941223,12,-9
19941224,16,-11
19941225,21,-2
19941226,26,3
19941227,16,-13
19941228,82,-18
19941229,93,29
19941230,108,75
19941231,105,11
19950101,35,12
19950102,37,4
19950103,30,-28
19950104,15,-25
19950105,5,-33
19950106,5,-10
19950107,8,-12
19950108,7,-25
19950109,6,-31
19950110,12,-39
19950111,76,-19
19950112,58,-30
19950113,44,9
19950114,13,-28
19950115,18,-43
19950116,21,-24
19950117,33,-47
19950118,-9,-60
19950119,26,-18
19950120,-4,-21
19950121,12,-12
19950122,58,-13
19950123,119,58
19950124,106,9
19950125,89,-9
19950126,143,83
19950127,136,25
19950128,82,-4
19950129,117,52
19950130,117,57
19950131,93,20
19950201,75,-24
19950202,124,-5
19950203,84,21
19950204,61,7
19950205,70,-5
19950206,120,5
19950207,163,35
19950208,129,68
19950209,127,74
19950210,94,22
19950211,93,7
19950212,149,69
19950213,148,52
19950214,117,77
19950215,132,54
19950216,102,66
19950217,126,11
19950218,104,43
19950219,109,30
19950220,143,20
19950221,152,44
19950222,113,72
19950223,110,32
19950224,104,31
19950225,150,63
19950226,116,61
19950227,85,26
19950228,96,17
19950301,145,13
19950302,109,54
19950303,80,32
19950304,99,44
19950305,80,41
19950306,90,8
19950307,86,46
19950308,117,10
19950309,108,40
19950310,127,50
19950311,129,27
19950312,141,35
19950313,105,52
19950314,68,-5
19950315,56,-8
19950316,39,1
19950317,99,5
19950318,133,46
19950319,155,91
19950320,138,25
19950321,104,2
19950322,87,34
19950323,95,33
19950324,158,42
19950325,194,48
19950326,119,57
19950327,155,54
19950328,122,9
19950329,90,-3
19950330,77,25
19950331,85,24
19950401,104,22
19950402,200,72
19950403,247,75
19950404,221,112
19950405,189,122
19950406,217,87
19950407,226,86
19950408,180,59
19950409,109,21
19950410,152,27
19950411,139,63
19950412,111,48
19950413,114,62
19950414,93,31
19950415,90,30
19950416,107,41
19950417,163,75
19950418,190,71
19950419,197,94
19950420,230,102
19950421,232,114
19950422,257,115
19950423,266,128
19950424,228,147
19950425,179,116
19950426,150,90
19950427,190,95
19950428,202,114
19950429,220,117
19950430,235,120
19950501,222,123
19950502,173,105
19950503,159,75
19950504,190,61
19950505,225,117
19950506,245,125
19950507,283,138
19950508,262,156
19950509,247,142
19950510,162,104
19950511,153,98
19950512,172,116
19950513,198,114
19950514,158,101
19950515,158,86
19950516,200,65
19950517,152,112
19950518,221,106
19950519,169,116
19950520,136,98
19950521,127,87
19950522,156,106
19950523,218,86
19950524,254,107
19950525,261,131
19950526,273,142
19950527,287,162
19950528,259,172
19950529,280,180
19950530,279,173
19950531,248,149
19950601,186,150
19950602,223,118
19950603,210,136
19950604,246,144
19950605,240,138
19950606,205,140
19950607,202,123
19950608,254,129
19950609,268,154
19950610,235,147
19950611,218,165
19950612,219,148
19950613,230,125
19950614,238,123
19950615,228,124
19950616,228,128
19950617,225,141
19950618,266,145
19950619,260,167
19950620,291,176
19950621,306,179
19950622,259,152
19950623,161,107
19950624,136,107
19950625,190,125
19950626,244,140
19950627,244,167
19950628,271,198
19950629,258,152
19950630,285,162
19950701,305,176
19950702,299,191
19950703,311,198
19950704,270,191
19950705,266,184
19950706,224,161
19950707,255,177
19950708,286,176
19950709,298,185
19950710,300,192
19950711,305,191
19950712,307,188
19950713,323,203
19950714,322,210
19950715,288,190
19950716,294,189
19950717,265,200
19950718,293,194
19950719,290,208
19950720,298,209
19950721,310,198
19950722,317,199
19950723,309,203
19950724,274,180
19950725,285,182
19950726,305,182
19950727,317,211
19950728,279,224
19950729,236,180
19950730,270,177
19950731,280,181
19950801,293,181
19950802,278,200
19950803,271,174
19950804,283,175
19950805,281,162
19950806,289,181
19950807,293,198
19950808,290,193
19950809,235,187
19950810,248,174
19950811,267,153
19950812,262,160
19950813,262,159
19950814,272,160
19950815,267,167
19950816,235,175
19950817,208,142
19950818,240,176
19950819,249,174
19950820,242,167
19950821,228,180
19950822,254,180
19950823,271,181
19950824,274,175
19950825,266,176
19950826,259,182
19950827,241,170
19950828,193,86
19950829,193,81
19950830,186,108
19950831,185,97
19950901,166,74
19950902,206,121
19950903,221,138
19950904,179,128
19950905,184,95
19950906,216,130
19950907,235,116
19950908,257,155
19950909,220,142
19950910,212,127
19950911,245,127
19950912,245,145
19950913,226,153
19950914,190,156
19950915,190,135
19950916,197,139
19950917,218,134
19950918,212,138
19950919,184,145
19950920,232,158
19950921,216,135
19950922,166,125
19950923,176,115
19950924,184,93
19950925,199,125
19950926,196,100
19950927,206,93
19950928,157,84
19950929,143,68
19950930,150,30
19951001,152,65
19951002,197,84
19951003,214,117
19951004,211,127
19951005,234,139
19951006,234,136
19951007,224,141
19951008,216,140
19951009,208,133
19951010,213,135
19951011,211,129
19951012,200,118
19951013,182,100
19951014,156,104
19951015,149,135
19951016,169,135
19951017,172,140
19951018,180,105
19951019,154,85
19951020,150,90
19951021,150,90
19951022,127,81
19951023,132,40
19951024,122,39
19951025,121,22
19951026,130,17
19951027,106,22
19951028,120,38
19951029,174,79
19951030,142,100
19951031,157,110
19951101,126,88
19951102,107,68
19951103,108,33
19951104,94,26
19951105,56,10
19951106,62,12
19951107,101,26
19951108,66,25
19951109,73,8
19951110,97,18
19951111,171,92
19951112,174,64
19951113,86,57
19951114,87,66
19951115,98,65
19951116,167,60
19951117,169,135
19951118,140,29
19951119,45,-11
19951120,65,13
19951121,52,3
19951122,39,-32
19951123,34,-38
19951124,65,3
19951125,16,-27
19951126,51,-20
19951127,102,22
19951128,99,61
19951129,88,60
19951130,67,45
19951201,70,37
19951202,55,42
19951203,52,32
19951204,36,10
19951205,14,-4
19951206,14,-10
19951207,16,-7
19951208,54,2
19951209,24,4
19951210,27,4
19951211,15,0
19951212,35,-1
19951213,15,-14
19951214,26,-10
19951215,21,10
19951216,19,6
19951217,25,0
19951218,29,4
19951219,48,14
19951220,46,4
19951221,80,8
19951222,84,1
19951223,144,84
19951224,144,108
19951225,137,88
19951226,98,8
19951227,18,-11
19951228,8,-42
19951229,-33,-60
19951230,-36,-62
19951231,4,-47
19960101,14,-11
19960102,19,2
19960103,14,-17
19960104,10,-39
19960105,8,-33
19960106,4,-36
19960107,3,-27
19960108,25,-4
19960109,34,12
19960110,75,14
19960111,88,30
19960112,112,40
19960113,96,25
19960114,56,17
19960115,52,18
19960116,37,-9
19960117,4,-35
19960118,-6,-49
19960119,14,-25
19960120,2,-19
19960121,4,-20
19960122,8,-14
19960123,1,-33
19960124,-11,-38
19960125,-26,-46
19960126,-16,-51
19960127,6,-25
19960128,22,-5
19960129,24,-18
19960130,10,-16
19960131,13,-36
19960201,0,-55
19960202,11,-54
19960203,56,-2
19960204,43,2
19960205,9,-35
19960206,-13,-46
19960207,-16,-50
19960208,-8,-54
19960209,0,-38
19960210,-6,-65
19960211,2,-53
19960212,24,-26
19960213,30,-17
19960214,51,5
19960215,36,-8
19960216,41,-36
19960217,68,-2
19960218,93,-14
19960219,122,40
19960220,85,30
19960221,48,0
19960222,21,-26
19960223,10,-32
19960224,34,-29
19960225,58,-45
19960226,100,-13
19960227,97,-1
19960228,71,-6
19960229,70,-10
19960301,87,-10
19960302,45,5
19960303,39,-15
19960304,35,-40
19960305,45,-42
19960306,87,-4
19960307,79,25
19960308,54,6
19960309,44,-6
19960310,54,-7
19960311,44,-25
19960312,12,-15
19960313,34,-9
19960314,117,4
19960315,89,25
19960316,66,22
19960317,74,36
19960318,76,46
19960319,78,35
19960320,107,15
19960321,130,22
19960322,92,44
19960323,114,34
19960324,176,40
19960325,129,101
19960326,145,72
19960327,122,38
19960328,98,26
19960329,115,5
19960330,107,26
19960331,99,43
19960401,106,20
19960402,102,36
19960403,57,9
19960404,69,10
19960405,98,45
19960406,178,26
19960407,192,73
19960408,194,72
19960409,177,80
19960410,166,74
19960411,176,75
19960412,182,74
19960413,107,2
19960414,87,0
19960415,94,21
19960416,132,65
19960417,178,66
19960418,199,74
19960419,219,105
19960420,238,99
19960421,250,110
19960422,266,116
19960423,206,120
19960424,197,135
19960425,205,140
19960426,207,147
19960427,160,126
19960428,220,129
19960429,234,110
19960430,174,130
19960501,182,130
19960502,201,116
19960503,187,122
19960504,221,86
19960505,212,92
19960506,196,131
19960507,230,120
19960508,270,157
19960509,236,132
19960510,207,140
19960511,214,146
19960512,187,139
19960513,228,130
19960514,182,147
19960515,225,160
19960516,241,158
19960517,264,146
19960518,293,166
19960519,303,165
19960520,255,153
19960521,222,120
19960522,186,122
19960523,216,121
19960524,258,152
19960525,285,142
19960526,208,164
19960527,236,138
19960528,206,121
19960529,191,97
19960530,232,104
19960531,256,130
19960601,281,155
19960602,291,171
19960603,298,161
19960604,279,181
19960605,250,168
19960606,274,189
19960607,301,183
19960608,320,190
19960609,332,198
19960610,325,214
19960611,330,215
19960612,320,216
19960613,261,202
19960614,226,145
19960615,225,145
19960616,240,132
19960617,256,140
19960618,289,142
19960619,274,174
19960620,284,156
19960621,287,180
19960622,282,164
19960623,169,122
19960624,202,109
19960625,164,136
19960626,175,135
19960627,224,138
19960628,250,144
19960629,280,155
19960630,212,129
19960701,185,126
19960702,213,146
19960703,195,145
19960704,234,134
19960705,282,160
19960706,288,180
19960707,233,170
19960708,283,148
19960709,225,135
19960710,217,120
19960711,225,135
19960712,252,135
19960713,272,156
19960714,287,176
19960715,297,190
19960716,256,211
19960717,232,152
19960718,258,145
19960719,233,159
19960720,226,148
19960721,232,125
19960722,245,131
19960723,266,140
19960724,276,163
19960725,234,159
19960726,263,148
19960727,278,156
19960728,298,186
19960729,289,186
19960730,285,190
19960731,267,181
19960801,279,176
19960802,288,185
19960803,287,198
19960804,222,164
19960805,229,148
19960806,256,176
19960807,262,191
19960808,234,176
19960809,249,158
19960810,262,162
19960811,269,159
19960812,255,171
19960813,244,161
19960814,252,153
19960815,254,175
19960816,249,163
19960817,254,178
19960818,224,166
19960819,244,175
19960820,260,160
19960821,269,169
19960822,270,169
19960823,267,181
19960824,274,174
19960825,249,180
19960826,248,165
19960827,272,170
19960828,236,185
19960829,226,170
19960830,236,184
19960831,224,170
19960901,189,158
19960902,166,136
19960903,172,143
19960904,191,155
19960905,205,125
19960906,181,104
19960907,170,86
19960908,184,116
19960909,185,90
19960910,194,94
19960911,210,100
19960912,188,114
19960913,142,91
19960914,144,60
19960915,177,90
19960916,151,102
19960917,168,72
19960918,165,92
19960919,165,106
19960920,134,108
19960921,157,120
19960922,181,138
19960923,158,128
19960924,147,120
19960925,136,108
19960926,169,105
19960927,174,105
19960928,194,95
19960929,192,100
19960930,210,129
19961001,224,110
19961002,201,117
19961003,148,105
19961004,145,91
19961005,140,120
19961006,134,120
19961007,169,121
19961008,184,136
19961009,172,135
19961010,164,124
19961011,158,121
19961012,151,92
19961013,138,71
19961014,160,76
19961015,192,102
19961016,200,153
19961017,176,137
19961018,174,116
19961019,153,97
19961020,178,116
19961021,137,101
19961022,154,100
19961023,146,90
19961024,127,77
19961025,130,55
19961026,126,34
19961027,130,23
19961028,141,55
19961029,173,102
19961030,157,90
19961031,128,54
19961101,150,45
19961102,168,76
19961103,186,65
19961104,211,71
19961105,188,104
19961106,169,103
19961107,184,101
19961108,144,102
19961109,129,76
19961110,105,40
19961111,184,85
19961112,207,132
19961113,208,124
19961114,177,115
19961115,138,75
19961116,108,72
19961117,141,96
19961118,148,108
19961119,119,90
19961120,128,79
19961121,104,58
19961122,87,20
19961123,48,16
19961124,37,8
19961125,22,-26
19961126,36,10
19961127,48,11
19961128,32,-2
19961129,42,2
19961130,25,-13
19961201,68,18
19961202,43,-10
19961203,47,-16
19961204,32,-19
19961205,-4,-25
19961206,-15,-30
19961207,-15,-39
19961208,-21,-36
19961209,4,-30
19961210,20,-6
19961211,25,15
19961212,45,10
19961213,91,8
19961214,93,55
19961215,74,26
19961216,47,11
19961217,64,7
19961218,102,28
19961219,114,40
19961220,116,86
19961221,90,9
19961222,16,-4
19961223,18,-4
19961224,8,-26
19961225,-18,-36
19961226,-34,-85
19961227,-72,-105
19961228,-84,-110
19961229,-74,-101
19961230,-67,-104
19961231,-67,-122
19970101,-60,-94
19970102,-39,-66
19970103,-15,-54
19970104,-1,-26
19970105,10,-14
19970106,19,3
19970107,13,-18
19970108,2,-18
19970109,15,-12
19970110,14,-2
19970111,20,2
19970112,16,5
19970113,20,2
19970114,34,8
19970115,36,13
19970116,17,-5
19970117,2,-20
19970118,-11,-30
19970119,-6,-45
19970120,28,-15
19970121,33,12
19970122,21,8
19970123,23,3
19970124,16,-4
19970125,18,6
19970126,18,-6
19970127,6,-17
19970128,10,-22
19970129,39,-38
19970130,44,-19
19970131,13,-35
19970201,35,-35
19970202,20,-30
19970203,25,-50
19970204,26,-46
19970205,94,-11
19970206,88,28
19970207,68,-8
19970208,77,-10
19970209,88,4
19970210,97,-3
19970211,128,20
19970212,126,61
19970213,137,73
19970214,112,17
19970215,99,41
19970216,77,29
19970217,55,-4
19970218,51,-17
19970219,110,9
19970220,136,20
19970221,140,54
19970222,160,77
19970223,173,39
19970224,142,47
19970225,158,89
19970226,156,105
19970227,121,50
19970228,105,40
19970301,138,10
19970302,172,46
19970303,187,50
19970304,136,60
19970305,138,30
19970306,147,52
19970307,139,73
19970308,127,52
19970309,144,33
19970310,147,44
19970311,128,55
19970312,136,26
19970313,171,25
19970314,167,74
19970315,168,75
19970316,178,70
19970317,159,56
19970318,72,25
19970319,51,19
19970320,98,10
19970321,70,14
19970322,87,16
19970323,66,21
19970324,65,8
19970325,111,24
19970326,103,46
19970327,143,24
19970328,177,62
19970329,119,44
19970330,100,49
19970331,106,50
19970401,127,69
19970402,180,69
19970403,208,100
19970404,157,52
19970405,123,16
19970406,172,64
19970407,75,16
19970408,105,22
19970409,137,16
19970410,194,42
19970411,207,111
19970412,134,22
19970413,90,24
19970414,147,5
19970415,117,33
19970416,70,-5
19970417,112,6
19970418,178,55
19970419,193,62
19970420,130,24
19970421,47,16
19970422,73,17
19970423,122,32
19970424,154,36
19970425,184,37
19970426,185,66
19970427,179,86
19970428,145,104
19970429,155,77
19970430,176,110
19970501,171,116
19970502,204,115
19970503,258,90
19970504,275,167
19970505,218,135
19970506,252,154
19970507,208,129
19970508,186,103
19970509,192,108
19970510,215,112
19970511,244,104
19970512,271,133
19970513,282,154
19970514,285,173
19970515,276,175
19970516,278,161
19970517,283,160
19970518,298,165
19970519,281,171
19970520,268,170
19970521,252,168
19970522,210,119
19970523,227,116
19970524,209,131
19970525,186,115
19970526,189,124
19970527,225,110
19970528,143,102
19970529,190,78
19970530,189,103
19970531,178,104
19970601,194,70
19970602,160,125
19970603,225,131
19970604,216,148
19970605,235,134
19970606,229,155
19970607,235,146
19970608,243,134
19970609,267,172
19970610,285,177
19970611,283,171
19970612,310,197
19970613,260,194
19970614,298,182
19970615,267,170
19970616,288,195
19970617,310,195
19970618,226,160
19970619,223,140
19970620,247,165
19970621,282,157
19970622,310,174
19970623,249,135
19970624,237,132
19970625,224,135
19970626,248,133
19970627,301,171
19970628,308,186
19970629,315,198
19970630,267,202
19970701,243,159
19970702,278,152
19970703,275,172
19970704,317,176
19970705,254,184
19970706,222,161
19970707,204,168
19970708,231,166
19970709,277,179
19970710,285,175
19970711,260,177
19970712,262,173
19970713,277,158
19970714,257,154
19970715,232,162
19970716,259,180
19970717,286,172
19970718,227,175
19970719,242,155
19970720,235,176
19970721,256,169
19970722,280,170
19970723,291,180
19970724,269,202
19970725,266,182
19970726,241,175
19970727,274,159
19970728,297,169
19970729,283,199
19970730,275,167
19970731,286,171
19970801,238,142
19970802,237,134
19970803,255,166
19970804,277,168
19970805,287,192
19970806,258,190
19970807,256,188
19970808,261,187
19970809,257,192
19970810,256,175
19970811,272,167
19970812,274,171
19970813,285,174
19970814,293,200
19970815,300,182
19970816,274,198
19970817,277,180
19970818,268,185
19970819,260,176
19970820,232,180
19970821,270,175
19970822,278,169
19970823,264,173
19970824,272,167
19970825,275,169
19970826,285,177
19970827,283,185
19970828,291,184
19970829,233,143
19970830,234,127
19970831,260,149
19970901,261,171
19970902,265,163
19970903,277,176
19970904,267,183
19970905,269,176
19970906,282,182
19970907,284,191
19970908,239,183
19970909,271,151
19970910,235,161
19970911,215,140
19970912,280,133
19970913,279,188
19970914,226,123
19970915,192,130
19970916,196,96
19970917,199,107
19970918,210,111
19970919,221,109
19970920,179,121
19970921,181,80
19970922,190,86
19970923,196,89
19970924,204,95
19970925,188,101
19970926,198,120
19970927,215,108
19970928,197,125
19970929,199,104
19970930,212,96
19971001,176,133
19971002,257,115
19971003,204,115
19971004,172,80
19971005,216,85
19971006,233,117
19971007,238,134
19971008,236,163
19971009,254,148
19971010,237,163
19971011,205,120
19971012,132,92
19971013,163,74
19971014,120,82
19971015,136,36
19971016,139,58
19971017,104,66
19971018,115,77
19971019,118,40
19971020,105,22
19971021,108,46
19971022,76,50
19971023,92,58
19971024,125,59
19971025,104,15
19971026,99,16
19971027,51,21
19971028,57,2
19971029,60,-10
19971030,60,1
19971031,44,22
19971101,70,34
19971102,77,12
19971103,102,0
19971104,81,30
19971105,77,-2
19971106,181,55
19971107,216,163
19971108,174,125
19971109,160,90
19971110,166,90
19971111,158,74
19971112,160,85
19971113,137,84
19971114,115,64
19971115,105,37
19971116,64,25
19971117,66,41
19971118,73,22
19971119,40,-4
19971120,34,-12
19971121,45,-29
19971122,46,-7
19971123,50,8
19971124,50,19
19971125,55,27
19971126,55,22
19971127,63,15
19971128,75,47
19971129,83,51
19971130,88,72
19971201,83,62
19971202,103,64
19971203,70,50
19971204,90,35
19971205,50,16
19971206,52,7
19971207,49,-6
19971208,60,0
19971209,26,-6
19971210,68,12
19971211,117,15
19971212,115,61
19971213,105,44
19971214,75,18
19971215,53,-8
19971216,5,-24
19971217,-7,-62
19971218,-11,-49
19971219,28,-21
19971220,59,11
19971221,63,24
19971222,63,39
19971223,57,37
19971224,60,44
19971225,95,15
19971226,122,50
19971227,110,57
19971228,74,39
19971229,77,17
19971230,34,-19
19971231,105,12
19980101,135,45
19980102,125,76
19980103,109,71
19980104,107,58
19980105,102,15
19980106,135,37
19980107,114,47
19980108,138,61
19980109,119,64
19980110,100,22
19980111,86,12
19980112,104,-8
19980113,110,37
19980114,128,64
19980115,101,50
19980116,77,20
19980117,94,44
19980118,78,15
19980119,87,10
19980120,73,44
19980121,49,26
19980122,52,26
19980123,44,24
19980124,40,1
19980125,33,3
19980126,40,-23
19980127,22,-36
19980128,10,-44
19980129,26,-42
19980130,43,-29
19980131,26,-29
19980201,17,-50
19980202,-1,-60
19980203,43,-55
19980204,34,-4
19980205,58,-13
19980206,72,-38
19980207,78,-17
19980208,60,-4
19980209,80,-19
19980210,124,10
19980211,140,17
19980212,164,24
19980213,184,60
19980214,173,67
19980215,185,43
19980216,216,77
19980217,170,75
19980218,109,21
19980219,160,16
19980220,146,56
19980221,177,40
19980222,166,78
19980223,160,98
19980224,137,57
19980225,130,77
19980226,152,62
19980227,160,36
19980228,179,46
19980301,123,13
19980302,59,4
19980303,147,5
19980304,167,92
19980305,152,45
19980306,131,20
19980307,170,67
19980308,127,65
19980309,83,25
19980310,59,2
19980311,55,-14
19980312,74,-15
19980313,115,-4
19980314,150,6
19980315,105,27
19980316,80,20
19980317,70,10
19980318,97,46
19980319,113,32
19980320,106,25
19980321,60,7
19980322,56,1
19980323,72,-16
19980324,90,1
19980325,64,9
19980326,91,19
19980327,118,5
19980328,163,35
19980329,168,84
19980330,170,77
19980331,196,55
19980401,223,87
19980402,197,109
19980403,204,105
19980404,220,135
19980405,224,153
19980406,194,110
19980407,189,80
19980408,202,121
19980409,165,88
19980410,184,56
19980411,192,91
19980412,147,77
19980413,135,56
19980414,131,40
19980415,161,31
19980416,122,90
19980417,140,79
19980418,140,79
19980419,171,74
19980420,173,75
19980421,216,84
19980422,178,114
19980423,188,94
19980424,210,86
19980425,212,126
19980426,232,104
19980427,250,126
19980428,230,145
19980429,208,126
19980430,212,85
19980501,209,112
19980502,203,115
19980503,199,104
19980504,157,121
19980505,166,81
19980506,200,82
19980507,227,102
19980508,240,118
19980509,246,130
19980510,260,143
19980511,267,145
19980512,273,155
19980513,280,162
19980514,243,153
19980515,217,116
19980516,195,110
19980517,145,109
19980518,184,99
19980519,144,110
19980520,225,124
19980521,247,125
19980522,180,132
19980523,199,119
19980524,194,121
19980525,155,115
19980526,220,94
19980527,254,114
19980528,265,129
19980529,245,168
19980530,265,160
19980531,271,143
19980601,249,164
19980602,276,139
19980603,304,167
19980604,296,193
19980605,306,179
19980606,332,214
19980607,335,207
19980608,290,201
19980609,255,170
19980610,284,172
19980611,233,170
19980612,225,150
19980613,172,132
19980614,222,105
19980615,233,124
19980616,219,145
19980617,185,128
19980618,231,122
19980619,222,136
19980620,273,158
19980621,301,174
19980622,327,203
19980623,222,181
19980624,265,166
19980625,268,190
19980626,307,200
19980627,318,207
19980628,315,195
19980629,247,188
19980630,290,204
19980701,295,203
19980702,260,176
19980703,248,167
19980704,250,160
19980705,236,165
19980706,282,134
19980707,283,192
19980708,198,139
19980709,218,107
19980710,273,144
19980711,265,169
19980712,216,183
19980713,308,172
19980714,246,141
19980715,223,131
19980716,256,145
19980717,275,160
19980718,294,174
19980719,308,186
19980720,325,206
19980721,325,215
19980722,324,215
19980723,330,220
19980724,304,230
19980725,307,215
19980726,272,190
19980727,305,218
19980728,277,181
19980729,268,176
19980730,290,172
19980731,307,195
19980801,287,205
19980802,322,220
19980803,340,240
19980804,320,236
19980805,267,220
19980806,260,196
19980807,277,170
19980808,297,181
19980809,314,184
19980810,288,198
19980811,296,202
19980812,305,197
19980813,316,190
19980814,267,204
19980815,294,191
19980816,313,207
19980817,313,200
19980818,310,202
19980819,268,199
19980820,275,200
19980821,289,194
19980822,249,156
19980823,214,148
19980824,257,143
19980825,228,155
19980826,245,152
19980827,254,144
19980828,163,113
19980829,185,136
19980830,198,98
19980831,211,110
19980901,225,146
19980902,235,162
19980903,270,160
19980904,219,158
19980905,183,162
19980906,226,132
19980907,232,144
19980908,205,175
19980909,215,157
19980910,230,149
19980911,244,142
19980912,229,172
19980913,175,109
19980914,129,84
19980915,199,70
19980916,226,114
19980917,174,102
19980918,175,74
19980919,186,107
19980920,165,134
19980921,191,145
19980922,186,108
19980923,191,102
19980924,194,101
19980925,212,94
19980926,235,145
19980927,230,170
19980928,200,146
19980929,215,135
19980930,223,110
19981001,195,143
19981002,181,136
19981003,157,105
19981004,168,113
19981005,157,124
19981006,221,150
19981007,218,157
19981008,169,144
19981009,190,140
19981010,202,106
19981011,205,110
19981012,160,107
19981013,157,90
19981014,146,49
19981015,187,97
19981016,190,107
19981017,180,98
19981018,196,121
19981019,132,92
19981020,105,66
19981021,115,32
19981022,154,46
19981023,145,60
19981024,130,51
19981025,107,56
19981026,151,61
19981027,125,38
19981028,178,69
19981029,205,90
19981030,116,62
19981031,122,45
19981101,161,50
19981102,147,88
19981103,165,69
19981104,185,138
19981105,176,60
19981106,70,27
19981107,91,44
19981108,74,10
19981109,90,16
19981110,118,62
19981111,132,81
19981112,95,29
19981113,95,41
19981114,72,8
19981115,85,39
19981116,76,12
19981117,59,14
19981118,30,-20
19981119,30,-36
19981120,26,-32
19981121,-4,-38
19981122,2,-28
19981123,29,-12
19981124,35,10
19981125,34,16
19981126,32,9
19981127,46,19
19981128,39,8
19981129,34,11
19981130,45,24
19981201,44,0
19981202,16,-10
19981203,11,-6
19981204,12,-15
19981205,20,-14
19981206,-2,-54
19981207,-15,-66
19981208,-12,-87
19981209,-15,-92
19981210,-33,-97
19981211,-16,-40
19981212,-5,-31
19981213,30,-36
19981214,37,-23
19981215,54,18
19981216,45,-5
19981217,45,-11
19981218,20,-18
19981219,-5,-32
19981220,10,-36
19981221,30,-1
19981222,24,-15
19981223,25,-14
19981224,-14,-73
19981225,-41,-66
19981226,-52,-81
19981227,-9,-89
19981228,52,-40
19981229,30,-11
19981230,14,-10
19981231,16,-5
19990101,2,-22
19990102,14,-19
19990103,23,3
19990104,24,6
19990105,75,2
19990106,75,0
19990107,128,-12
19990108,89,49
19990109,63,21
19990110,40,-16
19990111,36,7
19990112,75,-2
19990113,77,36
19990114,70,-6
19990115,32,2
19990116,104,-24
19990117,125,42
19990118,88,35
19990119,48,7
19990120,14,-1
19990121,10,-3
19990122,6,-10
19990123,2,-15
19990124,-1,-21
19990125,-5,-28
19990126,4,-33
19990127,49,-8
19990128,59,7
19990129,40,-14
19990130,-9,-52
19990131,-5,-44
19990201,-10,-56
19990202,5,-36
19990203,84,1
19990204,85,30
19990205,125,16
19990206,95,26
19990207,99,-6
19990208,77,6
19990209,58,-22
19990210,58,-27
19990211,5,-29
19990212,13,-35
19990213,0,-41
19990214,7,-22
19990215,24,-26
19990216,52,-70
19990217,66,1
19990218,67,-21
19990219,70,-14
19990220,122,55
19990221,89,52
19990222,75,8
19990223,75,4
19990224,91,-4
19990225,85,14
19990226,110,-12
19990227,170,15
19990228,160,52
19990301,150,35
19990302,157,36
19990303,150,76
19990304,191,94
19990305,146,83
19990306,134,64
19990307,100,37
19990308,110,34
19990309,146,38
19990310,165,84
19990311,157,96
19990312,149,73
19990313,158,56
19990314,135,55
19990315,154,58
19990316,98,34
19990317,53,15
19990318,74,14
19990319,83,25
19990320,112,51
19990321,140,23
19990322,126,36
19990323,111,52
19990324,171,30
19990325,207,55
19990326,175,104
19990327,195,95
19990328,166,68
19990329,121,95
19990330,130,91
19990331,178,103
19990401,190,115
19990402,193,85
19990403,194,109
19990404,212,97
19990405,213,121
19990406,217,100
19990407,225,120
19990408,167,92
19990409,141,96
19990410,152,97
19990411,160,81
19990412,155,107
19990413,146,94
19990414,195,86
19990415,204,95
19990416,160,113
19990417,170,101
19990418,132,45
19990419,129,39
19990420,153,44
19990421,147,61
19990422,162,100
19990423,142,110
19990424,167,109
19990425,192,111
19990426,212,91
19990427,214,105
19990428,200,102
19990429,249,119
19990430,232,153
19990501,242,124
19990502,245,132
19990503,245,133
19990504,229,154
19990505,185,104
19990506,175,105
19990507,160,98
19990508,233,90
19990509,180,143
19990510,237,106
19990511,244,133
19990512,205,150
19990513,246,154
19990514,246,140
19990515,199,132
19990516,160,115
19990517,195,90
19990518,204,130
19990519,209,101
19990520,200,130
19990521,176,121
19990522,202,120
19990523,214,132
19990524,220,113
19990525,249,114
19990526,252,163
19990527,275,131
19990528,285,163
19990529,280,164
19990530,292,174
19990531,315,203
19990601,277,213
19990602,305,196
19990603,290,204
19990604,299,160
19990605,255,144
19990606,299,164
19990607,305,186
19990608,279,201
19990609,244,155
19990610,263,169
19990611,276,180
19990612,225,173
19990613,229,151
19990614,237,154
19990615,209,175
19990616,256,166
19990617,245,174
19990618,263,165
19990619,190,160
19990620,228,155
19990621,220,131
19990622,172,122
19990623,221,124
19990624,221,115
19990625,239,121
19990626,259,134
19990627,285,150
19990628,255,182
19990629,268,180
19990630,295,185
19990701,276,204
19990702,292,185
19990703,312,195
19990704,319,208
19990705,326,215
19990706,343,208
19990707,275,164
19990708,255,160
19990709,206,170
19990710,233,181
19990711,259,180
19990712,277,178
19990713,295,180
19990714,295,194
19990715,271,167
19990716,272,172
19990717,266,171
19990718,275,168
19990719,286,170
19990720,307,180
19990721,310,189
19990722,258,200
19990723,215,145
19990724,210,163
19990725,200,168
19990726,245,175
19990727,287,186
19990728,273,190
19990729,261,193
19990730,257,181
19990731,261,164
19990801,262,162
19990802,256,169
19990803,267,150
19990804,266,196
19990805,291,194
19990806,306,204
19990807,322,205
19990808,318,201
19990809,327,214
19990810,329,222
19990811,267,177
19990812,247,193
19990813,213,146
19990814,236,136
19990815,275,147
19990816,290,184
19990817,247,162
19990818,262,191
19990819,287,195
19990820,261,204
19990821,217,182
19990822,240,153
19990823,232,146
19990824,239,135
19990825,250,152
19990826,247,152
19990827,220,174
19990828,246,170
19990829,253,170
19990830,215,172
19990831,233,156
19990901,237,149
19990902,176,136
19990903,179,139
19990904,205,155
19990905,193,158
19990906,220,130
19990907,244,138
19990908,251,160
19990909,265,165
19990910,263,190
19990911,259,193
19990912,260,163
19990913,260,152
19990914,257,149
19990915,264,144
19990916,262,155
19990917,260,159
19990918,240,182
19990919,256,178
19990920,265,164
19990921,227,171
19990922,246,139
19990923,259,152
19990924,260,181
19990925,265,156
19990926,284,177
19990927,227,167
19990928,205,155
19990929,216,130
19990930,242,122
19991001,200,150
19991002,218,136
19991003,245,150
19991004,206,95
19991005,162,95
19991006,150,104
19991007,166,70
19991008,159,57
19991009,179,71
19991010,205,94
19991011,200,97
19991012,195,107
19991013,190,130
19991014,174,124
19991015,155,86
19991016,141,85
19991017,121,62
19991018,120,44
19991019,81,45
19991020,96,51
19991021,119,69
19991022,109,76
19991023,137,86
19991024,195,114
19991025,242,145
19991026,255,155
19991027,194,143
19991028,147,108
19991029,195,96
19991030,161,98
19991031,213,91
19991101,182,135
19991102,203,80
19991103,160,124
19991104,133,111
19991105,131,99
19991106,166,78
19991107,147,93
19991108,107,78
19991109,80,55
19991110,75,56
19991111,86,60
19991112,85,63
19991113,87,58
19991114,69,47
19991115,70,25
19991116,36,11
19991117,30,6
19991118,40,6
19991119,17,-4
19991120,36,-6
19991121,7,-20
19991122,10,-10
19991123,25,-59
19991124,30,-35
19991125,59,14
19991126,49,-10
19991127,19,-27
19991128,-16,-37
19991129,-19,-38
19991130,-24,-47
19991201,-5,-54
19991202,97,-7
19991203,85,37
19991204,125,41
19991205,105,22
19991206,30,-19
19991207,6,-34
19991208,100,-21
19991209,125,43
19991210,120,66
19991211,100,55
19991212,80,29
19991213,98,47
19991214,85,6
19991215,85,12
19991216,26,10
19991217,26,4
19991218,76,-30
19991219,105,56
19991220,80,-7
19991221,25,-22
19991222,12,-24
19991223,-14,-70
19991224,-19,-80
19991225,-25,-65
19991226,83,-31
19991227,80,18
19991228,44,24
19991229,61,6
19991230,49,-10
19991231,30,-21
20000101,6,-40
20000102,14,-14
20000103,50,-2
20000104,20,-36
20000105,-5,-34
20000106,-15,-43
20000107,-15,-34
20000108,-5,-32
20000109,-13,-34
20000110,10,-24
20000111,33,1
20000112,15,-2
20000113,11,-20
20000114,20,-5
20000115,17,-4
20000116,30,-15
20000117,40,-44
20000118,122,-14
20000119,66,-10
20000120,44,-12
20000121,91,0
20000122,26,-30
20000123,19,-34
20000124,-6,-51
20000125,-26,-110
20000126,-20,-135
20000127,4,-104
20000128,15,-80
20000129,60,-54
20000130,129,55
20000131,137,30
20000201,126,41
20000202,130,66
20000203,130,76
20000204,85,25
20000205,139,16
20000206,165,65
20000207,160,53
20000208,143,55
20000209,118,55
20000210,96,10
20000211,91,6
20000212,77,35
20000213,105,32
20000214,98,35
20000215,85,26
20000216,105,25
20000217,70,11
20000218,82,10
20000219,84,15
20000220,95,-3
20000221,60,7
20000222,47,-38
20000223,63,-24
20000224,90,10
20000225,134,27
20000226,108,50
20000227,114,50
20000228,122,20
20000229,136,20
20000301,122,76
20000302,115,61
20000303,128,20
20000304,109,54
20000305,82,17
20000306,110,-12
20000307,155,28
20000308,176,80
20000309,195,96
20000310,145,87
20000311,155,53
20000312,168,75
20000313,144,40
20000314,174,60
20000315,126,48
20000316,96,5
20000317,71,8
20000318,85,5
20000319,67,18
20000320,85,18
20000321,110,22
20000322,165,16
20000323,192,42
20000324,173,91
20000325,164,97
20000326,184,78
20000327,152,85
20000328,155,66
20000329,136,89
20000330,138,57
20000331,170,76
20000401,121,70
20000402,177,70
20000403,155,81
20000404,188,95
20000405,160,98
20000406,144,76
20000407,121,50
20000408,132,66
20000409,160,54
20000410,157,77
20000411,164,90
20000412,195,100
20000413,189,117
20000414,205,126
20000415,231,106
20000416,220,115
20000417,247,99
20000418,237,142
20000419,251,127
20000420,246,146
20000421,268,152
20000422,277,150
20000423,280,140
20000424,241,120
20000425,195,115
20000426,230,112
20000427,246,134
20000428,240,162
20000429,235,129
20000430,235,127
20000501,215,139
20000502,233,140
20000503,201,118
20000504,220,130
20000505,216,129
20000506,250,115
20000507,255,131
20000508,230,152
20000509,261,144
20000510,287,152
20000511,290,175
20000512,277,178
20000513,214,150
20000514,232,115
20000515,255,134
20000516,272,145
20000517,289,151
20000518,290,160
20000519,226,123
20000520,152,93
20000521,204,65
20000522,168,105
20000523,214,91
20000524,238,106
20000525,256,130
20000526,285,145
20000527,298,165
20000528,290,158
20000529,224,124
20000530,192,100
20000531,224,123
20000601,222,130
20000602,246,120
20000603,275,165
20000604,299,160
20000605,315,185
20000606,310,185
20000607,224,174
20000608,250,137
20000609,297,160
20000610,316,196
20000611,323,198
20000612,333,219
20000613,319,221
20000614,337,220
20000615,313,195
20000616,246,181
20000617,220,149
20000618,250,127
20000619,278,148
20000620,310,165
20000621,346,190
20000622,358,215
20000623,344,202
20000624,267,166
20000625,249,130
20000626,236,109
20000627,248,136
20000628,257,164
20000629,252,146
20000630,245,166
20000701,305,158
20000702,316,191
20000703,339,206
20000704,345,217
20000705,304,235
20000706,310,205
20000707,339,221
20000708,287,194
20000709,229,116
20000710,275,135
20000711,235,166
20000712,240,145
20000713,212,154
20000714,245,107
20000715,193,130
20000716,196,122
20000717,248,114
20000718,220,154
20000719,258,126
20000720,226,122
20000721,242,146
20000722,266,147
20000723,297,164
20000724,295,192
20000725,304,183
20000726,311,198
20000727,300,185
20000728,305,166
20000729,265,146
20000730,235,161
20000731,256,150
20000801,278,152
20000802,305,171
20000803,302,190
20000804,290,200
20000805,258,196
20000806,272,196
20000807,252,187
20000808,256,158
20000809,281,160
20000810,289,180
20000811,312,187
20000812,325,190
20000813,324,195
20000814,328,209
20000815,305,179
20000816,320,194
20000817,332,200
20000818,335,214
20000819,359,215
20000820,371,215
20000821,364,206
20000822,331,220
20000823,308,205
20000824,295,215
20000825,307,191
20000826,250,170
20000827,253,162
20000828,234,171
20000829,263,157
20000830,286,159
20000831,269,182
20000901,244,170
20000902,278,160
20000903,234,140
20000904,207,145
20000905,196,130
20000906,215,123
20000907,163,126
20000908,206,123
20000909,224,111
20000910,235,117
20000911,250,130
20000912,258,135
20000913,279,141
20000914,268,175
20000915,264,174
20000916,279,165
20000917,226,130
20000918,205,138
20000919,215,150
20000920,281,146
20000921,249,160
20000922,194,135
20000923,185,140
20000924,185,121
20000925,197,114
20000926,208,110
20000927,206,110
20000928,215,106
20000929,229,114
20000930,236,125
20001001,190,155
20001002,192,155
20001003,204,153
20001004,201,154
20001005,205,138
20001006,180,133
20001007,175,117
20001008,155,106
20001009,140,103
20001010,147,96
20001011,201,122
20001012,240,146
20001013,245,156
20001014,232,146
20001015,192,131
20001016,205,136
20001017,206,125
20001018,195,114
20001019,164,132
20001020,157,102
20001021,138,84
20001022,152,58
20001023,134,40
20001024,126,19
20001025,170,50
20001026,195,91
20001027,144,83
20001028,131,58
20001029,159,46
20001030,182,102
20001031,220,141
20001101,176,102
20001102,118,72
20001103,165,97
20001104,160,94
20001105,116,80
20001106,141,57
20001107,142,104
20001108,154,85
20001109,151,66
20001110,140,66
20001111,105,40
20001112,139,26
20001113,180,87
20001114,221,125
20001115,189,144
20001116,184,107
20001117,137,72
20001118,141,72
20001119,84,58
20001120,101,52
20001121,156,90
20001122,135,68
20001123,163,55
20001124,155,95
20001125,134,96
20001126,136,85
20001127,120,67
20001128,105,19
20001129,117,32
20001130,91,23
20001201,73,18
20001202,142,54
20001203,147,64
20001204,110,54
20001205,72,42
20001206,48,35
20001207,61,35
20001208,155,37
20001209,165,119
20001210,150,85
20001211,120,76
20001212,130,28
20001213,145,70
20001214,127,55
20001215,139,54
20001216,90,31
20001217,75,10
20001218,34,-5
20001219,52,-3
20001220,44,6
20001221,6,-14
20001222,-13,-30
20001223,7,-40
20001224,84,-60
20001225,112,52
20001226,125,85
20001227,107,62
20001228,100,62
20001229,73,50
20001230,53,16
20001231,42,-12
20010101,4,-22
20010102,93,-7
20010103,111,61
20010104,80,35
20010105,82,53
20010106,153,76
20010107,190,108
20010108,147,66
20010109,100,19
20010110,123,32
20010111,130,79
20010112,113,15
20010113,24,-11
20010114,22,-12
20010115,13,-25
20010116,-10,-22
20010117,8,-20
20010118,44,-9
20010119,54,1
20010120,34,-25
20010121,8,-10
20010122,27,-6
20010123,45,1
20010124,73,21
20010125,146,60
20010126,121,89
20010127,100,44
20010128,102,38
20010129,59,31
20010130,45,22
20010131,52,9
20010201,38,13
20010202,45,-26
20010203,46,-25
20010204,126,29
20010205,142,71
20010206,156,60
20010207,155,96
20010208,168,101
20010209,142,89
20010210,115,75
20010211,100,16
20010212,110,8
20010213,103,33
20010214,99,51
20010215,102,17
20010216,120,5
20010217,127,23
20010218,99,29
20010219,92,33
20010220,95,-2
20010221,115,8
20010222,141,21
20010223,111,30
20010224,42,4
20010225,41,-3
20010226,30,-14
20010227,56,-35
20010228,34,-21
20010301,78,0
20010302,105,19
20010303,175,52
20010304,199,111
20010305,164,83
20010306,83,35
20010307,100,45
20010308,141,31
20010309,170,86
20010310,180,89
20010311,195,85
20010312,191,100
20010313,162,75
20010314,152,39
20010315,180,59
20010316,195,85
20010317,184,98
20010318,192,92
20010319,174,115
20010320,139,14
20010321,149,65
20010322,157,96
20010323,183,72
20010324,233,99
20010325,246,132
20010326,215,98
20010327,104,18
20010328,77,6
20010329,125,40
20010330,138,62
20010331,148,85
20010401,170,86
20010402,186,54
20010403,214,65
20010404,220,92
20010405,152,80
20010406,172,60
20010407,175,67
20010408,138,92
20010409,144,67
20010410,167,46
20010411,128,85
20010412,149,85
20010413,118,61
20010414,85,22
20010415,121,-5
20010416,136,45
20010417,118,65
20010418,162,32
20010419,185,90
20010420,126,72
20010421,130,92
20010422,113,70
20010423,189,69
20010424,215,90
20010425,229,95
20010426,175,103
20010427,199,65
20010428,230,96
20010429,250,120
20010430,263,134
20010501,279,150
20010502,276,162
20010503,267,158
20010504,267,148
20010505,254,140
20010506,215,146
20010507,181,139
20010508,185,132
20010509,224,134
20010510,225,125
20010511,230,121
20010512,198,135
20010513,195,118
20010514,213,90
20010515,215,121
20010516,257,152
20010517,253,149
20010518,269,155
20010519,198,110
20010520,218,127
20010521,201,143
20010522,204,142
20010523,218,140
20010524,244,122
20010525,259,159
20010526,257,191
20010527,285,145
20010528,307,185
20010529,304,210
20010530,288,170
20010531,246,161
20010601,205,123
20010602,207,94
20010603,225,76
20010604,190,80
20010605,225,101
20010606,248,117
20010607,236,125
20010608,277,132
20010609,286,165
20010610,290,165
20010611,242,124
20010612,216,90
20010613,201,129
20010614,227,140
20010615,271,130
20010616,300,152
20010617,255,149
20010618,201,132
20010619,204,154
20010620,205,165
20010621,269,152
20010622,285,160
20010623,211,146
20010624,264,134
20010625,268,166
20010626,279,176
20010627,306,179
20010628,315,199
20010629,246,192
20010630,286,184
20010701,238,166
20010702,255,152
20010703,235,178
20010704,245,140
20010705,245,177
20010706,296,190
20010707,328,205
20010708,295,206
20010709,256,190
20010710,265,180
20010711,310,176
20010712,257,193
20010713,287,174
20010714,311,195
20010715,337,210
20010716,326,235
20010717,266,165
20010718,290,154
20010719,308,186
20010720,264,168
20010721,242,160
20010722,254,176
20010723,247,190
20010724,250,190
20010725,274,199
20010726,296,200
20010727,305,196
20010728,307,199
20010729,302,207
20010730,294,214
20010731,304,201
20010801,327,200
20010802,315,236
20010803,340,221
20010804,347,219
20010805,290,207
20010806,275,193
20010807,295,183
20010808,319,192
20010809,310,206
20010810,345,205
20010811,208,152
20010812,235,139
20010813,255,144
20010814,290,165
20010815,296,186
20010816,310,197
20010817,311,207
20010818,318,202
20010819,325,202
20010820,325,205
20010821,277,210
20010822,266,181
20010823,280,210
20010824,268,188
20010825,291,192
20010826,310,200
20010827,316,194
20010828,267,195
20010829,260,174
20010830,236,159
20010831,209,152
20010901,215,149
20010902,216,140
20010903,235,126
20010904,264,138
20010905,197,126
20010906,155,120
20010907,223,120
20010908,230,125
20010909,194,93
20010910,138,70
20010911,185,82
20010912,200,115
20010913,231,111
20010914,224,159
20010915,184,114
20010916,160,85
20010917,117,96
20010918,167,90
20010919,175,94
20010920,221,95
20010921,210,99
20010922,215,111
20010923,175,144
20010924,242,148
20010925,180,148
20010926,170,132
20010927,187,95
20010928,215,92
20010929,230,106
20010930,206,141
20011001,225,149
20011002,236,132
20011003,249,146
20011004,249,147
20011005,196,138
20011006,228,127
20011007,245,140
20011008,257,160
20011009,250,160
20011010,230,156
20011011,223,135
20011012,213,126
20011013,205,112
20011014,193,106
20011015,195,107
20011016,190,96
20011017,190,109
20011018,176,116
20011019,200,101
20011020,174,120
20011021,216,125
20011022,190,130
20011023,181,96
20011024,155,103
20011025,135,97
20011026,129,84
20011027,112,41
20011028,144,44
20011029,164,75
20011030,181,117
20011031,216,94
20011101,168,81
20011102,145,46
20011103,114,45
20011104,102,15
20011105,111,17
20011106,109,62
20011107,80,39
20011108,160,54
20011109,133,16
20011110,64,36
20011111,49,30
20011112,74,33
20011113,54,38
20011114,76,35
20011115,85,18
20011116,70,-21
20011117,78,-7
20011118,52,-16
20011119,33,-9
20011120,87,17
20011121,99,19
20011122,109,-8
20011123,113,16
20011124,70,-15
20011125,50,-5
20011126,31,-25
20011127,82,19
20011128,60,20
20011129,59,2
20011130,57,5
20011201,45,6
20011202,45,-15
20011203,39,6
20011204,32,19
20011205,48,13
20011206,58,12
20011207,75,19
20011208,20,-22
20011209,10,-47
20011210,-8,-62
20011211,3,-60
20011212,21,-13
20011213,23,-86
20011214,-36,-83
20011215,-29,-97
20011216,5,-58
20011217,-8,-40
20011218,1,-41
20011219,25,-70
20011220,11,-55
20011221,12,-34
20011222,67,-44
20011223,42,-8
20011224,4,-69
20011225,-10,-107
20011226,63,-45
20011227,33,-15
20011228,10,-51
20011229,102,-11
20011230,125,21
20011231,42,-13
20020101,9,-42
20020102,60,-45
20020103,16,-54
20020104,-15,-89
20020105,5,-83
20020106,61,-37
20020107,50,-35
20020108,32,-26
20020109,44,-30
20020110,15,-32
20020111,-5,-26
20020112,10,-29
20020113,-8,-29
20020114,9,-28
20020115,-11,-40
20020116,0,-35
20020117,-16,-45
20020118,20,-21
20020119,14,-36
20020120,36,-9
20020121,87,-6
20020122,120,34
20020123,109,55
20020124,110,67
20020125,125,50
20020126,100,35
20020127,117,37
20020128,156,85
20020129,155,47
20020130,155,52
20020131,118,72
20020201,122,57
20020202,129,24
20020203,105,18
20020204,139,5
20020205,133,17
20020206,133,55
20020207,115,82
20020208,118,70
20020209,116,28
20020210,101,64
20020211,126,10
20020212,174,89
20020213,150,79
20020214,102,58
20020215,59,32
20020216,48,11
20020217,51,18
20020218,73,30
20020219,113,40
20020220,116,34
20020221,104,40
20020222,53,1
20020223,132,23
20020224,80,43
20020225,121,-2
20020226,130,43
20020227,160,105
20020228,167,66
20020301,78,55
20020302,134,50
20020303,103,53
20020304,119,53
20020305,114,26
20020306,180,64
20020307,182,97
20020308,149,90
20020309,134,55
20020310,144,72
20020311,150,53
20020312,147,33
20020313,189,42
20020314,205,63
20020315,192,92
20020316,197,107
20020317,172,77
20020318,198,79
20020319,182,96
20020320,190,115
20020321,200,112
20020322,167,96
20020323,115,36
20020324,74,28
20020325,74,33
20020326,91,38
20020327,82,31
20020328,119,6
20020329,150,24
20020330,185,41
20020331,190,59
20020401,197,85
20020402,216,72
20020403,195,100
20020404,149,65
20020405,139,76
20020406,120,34
20020407,115,30
20020408,123,38
20020409,92,40
20020410,62,34
20020411,80,52
20020412,95,70
20020413,107,80
20020414,177,84
20020415,154,106
20020416,121,90
20020417,141,95
20020418,114,96
20020419,169,100
20020420,165,98
20020421,199,101
20020422,205,116
20020423,202,108
20020424,165,113
20020425,183,81
20020426,220,80
20020427,165,81
20020428,182,46
20020429,214,101
20020430,197,119
20020501,246,110
20020502,264,119
20020503,265,134
20020504,262,144
20020505,222,132
20020506,226,108
20020507,230,117
20020508,245,143
20020509,220,144
20020510,235,140
20020511,245,125
20020512,246,125
20020513,224,142
20020514,256,126
20020515,232,138
20020516,250,136
20020517,292,149
20020518,298,180
20020519,249,151
20020520,191,150
20020521,237,156
20020522,255,160
20020523,260,155
20020524,248,175
20020525,230,180
20020526,225,162
20020527,248,155
20020528,199,143
20020529,243,135
20020530,245,132
20020531,248,140
20020601,254,145
20020602,226,141
20020603,245,125
20020604,274,148
20020605,237,166
20020606,242,185
20020607,225,145
20020608,250,150
20020609,197,148
20020610,216,149
20020611,250,134
20020612,265,141
20020613,280,154
20020614,311,175
20020615,330,196
20020616,325,219
20020617,305,195
20020618,316,208
20020619,322,207
20020620,322,212
20020621,332,215
20020622,335,220
20020623,348,225
20020624,351,225
20020625,225,141
20020626,260,141
20020627,280,160
20020628,290,160
20020629,230,149
20020630,250,159
20020701,269,150
20020702,286,175
20020703,315,198
20020704,271,161
20020705,245,135
20020706,291,155
20020707,256,192
20020708,299,175
20020709,310,185
20020710,315,209
20020711,315,220
20020712,291,184
20020713,323,212
20020714,305,194
20020715,285,187
20020716,290,205
20020717,285,187
20020718,257,182
20020719,235,166
20020720,285,167
20020721,307,178
20020722,265,165
20020723,260,153
20020724,291,182
20020725,242,170
20020726,241,150
20020727,265,145
20020728,282,215
20020729,300,187
20020730,291,185
20020731,262,204
20020801,281,197
20020802,280,200
20020803,296,195
20020804,287,205
20020805,275,194
20020806,235,176
20020807,236,175
20020808,250,182
20020809,265,169
20020810,260,157
20020811,205,160
20020812,210,149
20020813,253,155
20020814,260,150
20020815,250,171
20020816,270,190
20020817,276,190
20020818,275,195
20020819,287,185
20020820,275,184
20020821,260,181
20020822,229,172
20020823,266,182
20020824,281,177
20020825,285,180
20020826,285,190
20020827,260,194
20020828,265,184
20020829,245,183
20020830,270,181
20020831,280,171
20020901,257,189
20020902,245,176
20020903,245,167
20020904,266,165
20020905,262,168
20020906,241,184
20020907,215,171
20020908,259,155
20020909,267,170
20020910,269,168
20020911,220,158
20020912,198,148
20020913,184,96
20020914,196,101
20020915,154,86
20020916,194,99
20020917,215,110
20020918,231,120
20020919,244,132
20020920,251,160
20020921,191,132
20020922,150,125
20020923,135,116
20020924,134,111
20020925,130,91
20020926,135,81
20020927,185,90
20020928,144,71
20020929,155,92
20020930,169,116
20021001,171,74
20021002,180,76
20021003,178,86
20021004,209,98
20021005,170,106
20021006,145,71
20021007,145,86
20021008,135,64
20021009,118,91
20021010,137,82
20021011,130,110
20021012,125,80
20021013,97,64
20021014,130,58
20021015,181,70
20021016,216,130
20021017,230,152
20021018,205,85
20021019,140,77
20021020,115,44
20021021,187,59
20021022,169,130
20021023,210,127
20021024,160,88
20021025,147,70
20021026,216,127
20021027,185,131
20021028,190,112
20021029,160,54
20021030,199,99
20021031,152,94
20021101,126,99
20021102,160,88
20021103,155,90
20021104,110,75
20021105,86,34
20021106,43,19
20021107,43,15
20021108,77,2
20021109,104,13
20021110,114,46
20021111,144,45
20021112,148,66
20021113,151,90
20021114,199,124
20021115,236,161
20021116,227,170
20021117,200,143
20021118,166,125
20021119,169,114
20021120,160,82
20021121,169,104
20021122,133,100
20021123,151,81
20021124,158,92
20021125,168,109
20021126,183,108
20021127,136,82
20021128,110,63
20021129,105,58
20021130,116,86
20021201,94,66
20021202,87,33
20021203,69,33
20021204,95,64
20021205,86,70
20021206,84,54
20021207,85,16
20021208,31,-1
20021209,5,-26
20021210,-15,-59
20021211,-21,-45
20021212,0,-30
20021213,6,-15
20021214,6,-16
20021215,4,-12
20021216,31,-5
20021217,15,0
20021218,35,8
20021219,48,2
20021220,26,-18
20021221,60,-30
20021222,91,34
20021223,120,40
20021224,40,-15
20021225,-10,-30
20021226,4,-23
20021227,39,-10
20021228,124,31
20021229,104,64
20021230,133,45
20021231,124,41
20030101,42,-4
20030102,114,-10
20030103,155,85
20030104,140,50
20030105,100,-22
20030106,0,-26
20030107,-13,-47
20030108,-27,-80
20030109,-26,-76
20030110,-33,-76
20030111,-12,-82
20030112,-36,-84
20030113,-25,-113
20030114,9,-55
20030115,45,-55
20030116,90,-34
20030117,70,6
20030118,19,-22
20030119,17,-32
20030120,-17,-35
20030121,20,-46
20030122,72,12
20030123,43,22
20030124,50,6
20030125,60,32
20030126,51,25
20030127,62,11
20030128,92,6
20030129,75,23
20030130,70,-10
20030131,31,3
20030201,24,-16
20030202,-5,-56
20030203,10,-74
20030204,36,2
20030205,40,5
20030206,53,-20
20030207,37,-40
20030208,16,-34
20030209,15,-26
20030210,25,-13
20030211,10,-11
20030212,5,-24
20030213,-10,-44
20030214,-4,-61
20030215,6,-80
20030216,30,-17
20030217,17,-29
20030218,15,-61
20030219,14,-24
20030220,24,-45
20030221,40,-25
20030222,52,17
20030223,29,-38
20030224,42,-56
20030225,58,-42
20030226,63,-34
20030227,122,-23
20030228,135,16
20030301,136,10
20030302,136,22
20030303,85,58
20030304,107,54
20030305,120,38
20030306,85,21
20030307,65,16
20030308,110,21
20030309,141,15
20030310,181,92
20030311,190,50
20030312,175,106
20030313,114,44
20030314,65,13
20030315,65,10
20030316,66,24
20030317,127,12
20030318,115,39
20030319,125,36
20030320,165,17
20030321,104,36
20030322,70,-14
20030323,90,-15
20030324,170,-6
20030325,200,40
20030326,209,76
20030327,203,84
20030328,216,79
20030329,210,82
20030330,230,115
20030331,189,115
20030401,152,50
20030402,190,45
20030403,112,70
20030404,111,70
20030405,150,36
20030406,95,24
20030407,45,-4
20030408,105,1
20030409,110,5
20030410,146,40
20030411,140,64
20030412,112,63
20030413,171,80
20030414,173,80
20030415,148,120
20030416,210,96
20030417,185,108
20030418,180,110
20030419,188,72
20030420,195,99
20030421,186,105
20030422,212,102
20030423,225,85
20030424,189,110
20030425,221,94
20030426,250,102
20030427,175,117
20030428,223,89
20030429,239,132
20030430,242,159
20030501,277,166
20030502,280,170
20030503,255,167
20030504,236,140
20030505,260,122
20030506,305,148
20030507,305,157
20030508,326,174
20030509,312,188
20030510,270,175
20030511,275,181
20030512,297,170
20030513,289,179
20030514,214,128
20030515,175,120
20030516,206,95
20030517,226,101
20030518,251,124
20030519,291,139
20030520,227,126
20030521,180,110
20030522,190,121
20030523,239,150
20030524,265,135
20030525,290,160
20030526,276,175
20030527,274,165
20030528,284,177
20030529,278,173
20030530,276,204
20030531,300,175
20030601,252,180
20030602,253,154
20030603,284,150
20030604,301,174
20030605,316,185
20030606,336,194
20030607,315,207
20030608,345,221
20030609,345,198
20030610,325,210
20030611,345,220
20030612,337,235
20030613,336,234
20030614,315,215
20030615,305,215
20030616,296,192
20030617,305,205
20030618,268,187
20030619,275,166
20030620,310,190
20030621,271,178
20030622,305,195
20030623,350,199
20030624,359,227
20030625,346,214
20030626,287,205
20030627,290,185
20030628,285,186
20030629,245,186
20030630,319,165
20030701,321,215
20030702,269,164
20030703,275,173
20030704,221,161
20030705,261,159
20030706,276,156
20030707,271,176
20030708,265,159
20030709,280,168
20030710,276,172
20030711,270,190
20030712,307,174
20030713,234,176
20030714,260,148
20030715,297,155
20030716,338,194
20030717,335,230
20030718,301,209
20030719,305,205
20030720,323,206
20030721,356,217
20030722,355,250
20030723,310,222
20030724,296,181
20030725,273,181
20030726,321,188
20030727,342,210
20030728,325,191
20030729,255,198
20030730,260,169
20030731,225,187
20030801,261,188
20030802,305,197
20030803,324,205
20030804,335,218
20030805,349,231
20030806,332,240
20030807,310,228
20030808,313,197
20030809,325,198
20030810,326,200
20030811,307,215
20030812,317,204
20030813,367,201
20030814,360,239
20030815,324,207
20030816,283,197
20030817,316,200
20030818,360,224
20030819,320,224
20030820,304,214
20030821,311,200
20030822,325,212
20030823,336,219
20030824,314,242
20030825,271,190
20030826,282,173
20030827,315,169
20030828,309,195
20030829,347,223
20030830,320,190
20030831,238,134
20030901,211,107
20030902,190,135
20030903,189,109
20030904,211,96
20030905,226,105
20030906,244,130
20030907,243,161
20030908,244,165
20030909,214,162
20030910,175,151
20030911,238,114
20030912,201,111
20030913,170,134
20030914,196,135
20030915,209,144
20030916,220,110
20030917,234,117
20030918,247,129
20030919,251,135
20030920,256,141
20030921,266,144
20030922,278,146
20030923,275,150
20030924,214,130
20030925,180,120
20030926,187,91
20030927,197,86
20030928,218,106
20030929,172,136
20030930,188,107
20031001,196,101
20031002,238,136
20031003,245,150
20031004,221,161
20031005,215,128
20031006,160,90
20031007,182,80
20031008,140,69
20031009,186,80
20031010,200,101
20031011,192,125
20031012,180,97
20031013,155,118
20031014,144,102
20031015,130,76
20031016,115,49
20031017,110,56
20031018,90,35
20031019,100,57
20031020,178,68
20031021,195,109
20031022,109,72
20031023,75,51
20031024,53,24
20031025,61,-2
20031026,80,-20
20031027,78,32
20031028,58,-5
20031029,57,23
20031030,88,48
20031031,151,45
20031101,217,127
20031102,175,98
20031103,124,55
20031104,155,59
20031105,144,58
20031106,107,41
20031107,96,64
20031108,101,65
20031109,88,72
20031110,90,43
20031111,86,43
20031112,79,35
20031113,80,1
20031114,65,10
20031115,109,33
20031116,112,45
20031117,150,76
20031118,112,44
20031119,160,39
20031120,152,71
20031121,150,58
20031122,161,60
20031123,152,94
20031124,175,107
20031125,178,103
20031126,140,114
20031127,150,102
20031128,135,89
20031129,105,74
20031130,111,76
20031201,117,41
20031202,61,40
20031203,72,26
20031204,35,20
20031205,75,27
20031206,135,15
20031207,49,9
20031208,35,-10
20031209,40,-28
20031210,25,-11
20031211,45,-7
20031212,87,2
20031213,61,-1
20031214,98,-9
20031215,65,6
20031216,60,-15
20031217,55,-7
20031218,55,-16
20031219,77,-12
20031220,95,22
20031221,117,24
20031222,108,22
20031223,40,-16
20031224,4,-36
20031225,17,-50
20031226,15,-66
20031227,72,-40
20031228,90,59
20031229,95,56
20031230,81,49
20031231,67,46
20040101,58,26
20040102,41,-5
20040103,5,-28
20040104,0,-40
20040105,5,-69
20040106,16,-52
20040107,14,-43
20040108,45,-34
20040109,15,-5
20040110,32,4
20040111,15,-13
20040112,91,1
20040113,115,56
20040114,136,70
20040115,77,12
20040116,69,1
20040117,122,42
20040118,44,0
20040119,45,13
20040120,72,2
20040121,50,-7
20040122,-2,-46
20040123,16,-75
20040124,4,-84
20040125,3,-82
20040126,43,-32
20040127,22,-19
20040128,16,-7
20040129,25,-39
20040130,31,-60
20040131,65,-47
20040201,104,22
20040202,97,24
20040203,110,31
20040204,125,42
20040205,180,40
20040206,157,53
20040207,130,80
20040208,123,50
20040209,108,37
20040210,62,10
20040211,116,9
20040212,32,-27
20040213,17,-46
20040214,71,-2
20040215,76,4
20040216,67,29
20040217,96,1
20040218,100,-12
20040219,67,30
20040220,46,17
20040221,25,-16
20040222,25,-6
20040223,63,10
20040224,23,-8
20040225,30,-19
20040226,43,7
20040227,25,6
20040228,34,-4
20040229,49,2
20040301,25,-15
20040302,45,-27
20040303,80,-16
20040304,58,1
20040305,26,-8
20040306,45,-40
20040307,54,-2
20040308,25,-4
20040309,46,7
20040310,70,-10
20040311,74,4
20040312,80,34
20040313,112,22
20040314,145,72
20040315,170,60
20040316,187,57
20040317,215,74
20040318,236,76
20040319,236,110
20040320,200,102
20040321,164,115
20040322,145,64
20040323,86,56
20040324,70,45
20040325,108,45
20040326,74,33
20040327,70,14
20040328,115,10
20040329,126,41
20040330,127,46
20040331,115,50
20040401,190,82
20040402,180,107
20040403,221,89
20040404,224,115
20040405,178,88
20040406,94,79
20040407,97,41
20040408,139,20
20040409,118,65
20040410,95,65
20040411,165,78
20040412,114,80
20040413,110,64
20040414,100,67
20040415,135,86
20040416,166,79
20040417,131,102
20040418,196,105
20040419,182,112
20040420,130,110
20040421,202,105
20040422,234,99
20040423,245,127
20040424,187,107
20040425,148,97
20040426,144,103
20040427,203,105
20040428,224,95
20040429,230,118
20040430,200,125
20040501,225,136
20040502,239,115
20040503,232,111
20040504,209,134
20040505,216,114
20040506,190,118
20040507,145,90
20040508,150,88
20040509,182,72
20040510,189,103
20040511,226,99
20040512,238,122
20040513,183,125
20040514,185,119
20040515,197,86
20040516,176,114
20040517,175,102
20040518,227,86
20040519,225,117
20040520,280,135
20040521,275,151
20040522,224,116
20040523,150,86
20040524,174,58
20040525,215,65
20040526,249,100
20040527,253,115
20040528,205,137
20040529,162,116
20040530,236,135
20040531,252,125
20040601,230,148
20040602,208,146
20040603,203,121
20040604,179,126
20040605,165,141
20040606,200,132
20040607,254,144
20040608,287,150
20040609,319,166
20040610,323,195
20040611,330,192
20040612,260,168
20040613,175,128
20040614,215,149
20040615,254,167
20040616,268,162
20040617,240,151
20040618,275,139
20040619,275,166
20040620,233,149
20040621,214,146
20040622,265,145
20040623,270,159
20040624,283,194
20040625,228,134
20040626,253,121
20040627,290,163
20040628,310,202
20040629,209,171
20040630,261,146
20040701,307,165
20040702,255,154
20040703,248,129
20040704,263,157
20040705,307,176
20040706,315,190
20040707,256,170
20040708,320,182
20040709,306,210
20040710,267,170
20040711,200,138
20040712,215,116
20040713,240,144
20040714,222,133
20040715,250,140
20040716,283,171
20040717,305,185
20040718,325,183
20040719,306,190
20040720,325,208
20040721,321,208
20040722,347,225
20040723,331,196
20040724,292,185
20040725,260,195
20040726,250,191
20040727,208,158
20040728,225,145
20040729,196,154
20040730,245,132
20040731,286,185
20040801,303,172
20040802,285,180
20040803,270,194
20040804,270,185
20040805,290,180
20040806,295,192
20040807,260,189
20040808,252,185
20040809,285,174
20040810,267,152
20040811,281,175
20040812,310,202
20040813,263,183
20040814,240,160
20040815,255,185
20040816,270,160
20040817,282,164
20040818,306,179
20040819,319,202
20040820,317,205
20040821,258,161
20040822,245,155
20040823,259,146
20040824,283,156
20040825,286,181
20040826,223,143
20040827,250,141
20040828,253,137
20040829,265,160
20040830,277,156
20040831,216,158
20040901,197,138
20040902,217,166
20040903,248,139
20040904,259,155
20040905,240,160
20040906,255,175
20040907,253,116
20040908,258,139
20040909,210,145
20040910,195,105
20040911,212,95
20040912,259,120
20040913,232,154
20040914,270,147
20040915,266,174
20040916,190,146
20040917,195,145
20040918,200,110
20040919,211,115
20040920,214,120
20040921,247,124
20040922,205,128
20040923,209,126
20040924,201,91
20040925,154,91
20040926,160,106
20040927,161,113
20040928,195,116
20040929,196,102
20040930,196,122
20041001,201,127
20041002,196,132
20041003,200,131
20041004,173,103
20041005,203,113
20041006,205,123
20041007,225,130
20041008,187,126
20041009,202,140
20041010,146,96
20041011,113,83
20041012,105,62
20041013,75,54
20041014,82,53
20041015,106,71
20041016,136,85
20041017,101,57
20041018,165,44
20041019,171,105
20041020,175,125
20041021,221,143
20041022,185,161
20041023,195,139
20041024,206,118
20041025,212,114
20041026,223,118
20041027,219,120
20041028,200,133
20041029,218,134
20041030,196,146
20041031,180,143
20041101,180,128
20041102,161,135
20041103,155,139
20041104,153,128
20041105,130,113
20041106,120,86
20041107,115,62
20041108,83,46
20041109,86,35
20041110,89,46
20041111,101,69
20041112,103,85
20041113,109,65
20041114,67,53
20041115,65,23
20041116,75,15
20041117,137,28
20041118,155,70
20041119,155,61
20041120,78,3
20041121,81,-15
20041122,95,-11
20041123,141,65
20041124,91,18
20041125,50,-20
20041126,100,-26
20041127,92,40
20041128,64,5
20041129,100,35
20041130,80,48
20041201,83,51
20041202,116,60
20041203,127,93
20041204,140,56
20041205,81,54
20041206,64,41
20041207,55,16
20041208,40,27
20041209,28,17
20041210,20,-5
20041211,15,-8
20041212,0,-20
20041213,0,-22
20041214,-10,-24
20041215,-17,-28
20041216,-21,-39
20041217,15,-28
20041218,35,4
20041219,20,-37
20041220,45,-6
20041221,40,-38
20041222,30,-28
20041223,22,-45
20041224,74,0
20041225,108,40
20041226,105,70
20041227,98,65
20041228,66,33
20041229,74,26
20041230,61,20
20041231,50,-10
20050101,44,4
20050102,115,-16
20050103,78,14
20050104,95,-10
20050105,100,12
20050106,125,5
20050107,92,38
20050108,143,25
20050109,122,71
20050110,112,21
20050111,80,-5
20050112,62,0
20050113,25,-25
20050114,62,15
20050115,70,-15
20050116,55,-7
20050117,34,-32
20050118,30,-50
20050119,18,-30
20050120,26,-32
20050121,104,17
20050122,130,-15
20050123,75,-13
20050124,33,-2
20050125,5,-15
20050126,5,-25
20050127,-8,-44
20050128,-22,-55
20050129,-21,-65
20050130,-15,-89
20050131,10,-105
20050201,38,-6
20050202,42,-42
20050203,27,4
20050204,38,-17
20050205,4,-42
20050206,-4,-67
20050207,-35,-90
20050208,-35,-105
20050209,-42,-116
20050210,-6,-125
20050211,65,-33
20050212,90,23
20050213,86,26
20050214,61,14
20050215,43,8
20050216,48,-6
20050217,26,2
20050218,45,3
20050219,40,-19
20050220,52,-7
20050221,16,-20
20050222,21,-27
20050223,28,4
20050224,79,10
20050225,30,5
20050226,32,2
20050227,20,-28
20050228,-8,-70
20050301,-16,-83
20050302,-12,-97
20050303,10,9999
20050304,23,-25
20050305,8,-25
20050306,17,-48
20050307,25,-62
20050308,56,-37
20050309,74,-12
20050310,19,-19
20050311,78,-65
20050312,90,43
20050313,103,21
20050314,110,7
20050315,155,40
20050316,190,32
20050317,210,62
20050318,230,129
20050319,188,62
20050320,96,25
20050321,114,6
20050322,138,43
20050323,157,55
20050324,207,85
20050325,147,104
20050326,185,98
20050327,182,108
20050328,183,115
20050329,185,93
20050330,176,98
20050331,143,74
20050401,136,58
20050402,140,40
20050403,164,40
20050404,185,52
20050405,205,56
20050406,209,60
20050407,196,80
20050408,208,120
20050409,177,108
20050410,108,60
20050411,80,55
20050412,103,72
20050413,125,81
20050414,200,79
20050415,212,110
20050416,218,99
20050417,187,96
20050418,192,60
20050419,159,91
20050420,143,93
20050421,119,64
20050422,158,25
20050423,200,53
20050424,173,91
20050425,199,107
20050426,206,98
20050427,244,124
20050428,206,126
20050429,215,122
20050430,227,130
20050501,256,116
20050502,282,153
20050503,294,168
20050504,224,144
20050505,170,125
20050506,190,114
20050507,201,86
20050508,146,76
20050509,120,58
20050510,106,35
20050511,136,86
20050512,180,69
20050513,198,80
20050514,238,129
20050515,220,150
20050516,251,130
20050517,220,143
20050518,185,121
20050519,141,117
20050520,205,85
20050521,239,96
20050522,258,141
20050523,265,159
20050524,236,170
20050525,245,133
20050526,268,150
20050527,292,165
20050528,309,185
20050529,315,195
20050530,325,194
20050531,259,178
20050601,220,125
20050602,236,134
20050603,261,142
20050604,299,150
20050605,219,141
20050606,222,134
20050607,186,104
20050608,168,95
20050609,151,102
20050610,197,92
20050611,212,115
20050612,255,135
20050613,276,139
20050614,278,156
20050615,278,166
20050616,252,170
20050617,290,174
20050618,272,191
20050619,258,170
20050620,260,160
20050621,280,176
20050622,303,182
20050623,283,195
20050624,291,202
20050625,320,197
20050626,305,222
20050627,310,215
20050628,318,202
20050629,319,186
20050630,280,180
20050701,254,168
20050702,229,142
20050703,274,198
20050704,287,156
20050705,219,146
20050706,247,120
20050707,252,144
20050708,250,156
20050709,194,149
20050710,253,141
20050711,210,162
20050712,205,164
20050713,255,179
20050714,273,165
20050715,296,172
20050716,318,191
20050717,310,204
20050718,328,206
20050719,267,197
20050720,271,174
20050721,222,160
20050722,256,157
20050723,216,167
20050724,256,155
20050725,298,175
20050726,312,200
20050727,316,205
20050728,328,225
20050729,337,236
20050730,334,244
20050731,297,238
20050801,291,204
20050802,296,199
20050803,250,200
20050804,214,164
20050805,214,152
20050806,253,125
20050807,207,122
20050808,209,105
20050809,232,111
20050810,260,125
20050811,212,156
20050812,212,165
20050813,242,134
20050814,252,154
20050815,211,136
20050816,201,135
20050817,192,150
20050818,253,163
20050819,261,165
20050820,255,180
20050821,222,173
20050822,224,164
20050823,230,135
20050824,249,166
20050825,262,157
20050826,240,185
20050827,210,170
20050828,205,170
20050829,246,168
20050830,258,196
20050831,265,180
20050901,270,189
20050902,287,189
20050903,256,190
20050904,225,169
20050905,235,145
20050906,240,141
20050907,252,140
20050908,268,157
20050909,266,180
20050910,240,180
20050911,258,166
20050912,263,164
20050913,245,154
20050914,234,157
20050915,244,141
20050916,248,143
20050917,203,141
20050918,152,104
20050919,116,100
20050920,125,104
20050921,135,110
20050922,157,118
20050923,191,120
20050924,220,126
20050925,216,121
20050926,216,125
20050927,198,130
20050928,200,146
20050929,164,125
20050930,167,107
20051001,164,75
20051002,186,70
20051003,155,138
20051004,168,141
20051005,180,140
20051006,178,141
20051007,178,135
20051008,161,116
20051009,160,120
20051010,185,91
20051011,184,90
20051012,166,95
20051013,160,80
20051014,173,72
20051015,168,78
20051016,177,65
20051017,121,55
20051018,119,43
20051019,124,34
20051020,122,89
20051021,186,107
20051022,206,133
20051023,226,132
20051024,172,135
20051025,210,114
20051026,213,135
20051027,196,108
20051028,202,107
20051029,166,106
20051030,123,56
20051031,87,76
20051101,107,74
20051102,133,92
20051103,136,75
20051104,130,95
20051105,188,95
20051106,140,115
20051107,125,99
20051108,138,104
20051109,104,48
20051110,84,61
20051111,94,65
20051112,85,56
20051113,58,42
20051114,58,45
20051115,100,42
20051116,165,76
20051117,120,47
20051118,54,5
20051119,60,8
20051120,50,-12
20051121,67,-2
20051122,49,2
20051123,15,-9
20051124,4,-15
20051125,25,-18
20051126,40,8
20051127,80,27
20051128,50,11
20051129,61,-8
20051130,58,30
20051201,38,7
20051202,44,6
20051203,121,34
20051204,107,49
20051205,114,60
20051206,88,45
20051207,82,46
20051208,46,4
20051209,74,8
20051210,43,12
20051211,25,-8
20051212,23,-4
20051213,23,0
20051214,24,6
20051215,40,4
20051216,70,-12
20051217,75,15
20051218,45,-6
20051219,64,-30
20051220,70,-1
20051221,66,12
20051222,34,-15
20051223,66,-25
20051224,81,14
20051225,77,28
20051226,41,9
20051227,15,-10
20051228,15,-10
20051229,11,-25
20051230,15,-28
20051231,46,-70
20060101,48,14
20060102,48,19
20060103,48,20
20060104,37,15
20060105,28,14
20060106,46,8
20060107,35,17
20060108,36,11
20060109,20,-20
20060110,28,-48
20060111,15,-48
20060112,32,-13
20060113,14,-10
20060114,6,-15
20060115,18,-12
20060116,12,-16
20060117,12,-46
20060118,70,10
20060119,54,5
20060120,42,-27
20060121,100,0
20060122,70,-36
20060123,-32,-110
20060124,-43,-94
20060125,-50,-106
20060126,-40,-102
20060127,-20,-71
20060128,26,-45
20060129,40,-15
20060130,60,-2
20060131,23,-19
20060201,15,-12
20060202,-8,-36
20060203,-10,-36
20060204,-16,-41
20060205,-9,-42
20060206,9,-66
20060207,-1,-88
20060208,72,-24
20060209,94,16
20060210,92,1
20060211,65,15
20060212,64,-16
20060213,45,-10
20060214,71,-9
20060215,93,-6
20060216,122,64
20060217,120,61
20060218,156,24
20060219,152,53
20060220,135,68
20060221,141,35
20060222,100,50
20060223,63,25
20060224,40,19
20060225,45,9
20060226,23,6
20060227,40,-28
20060228,18,-35
20060301,60,-45
20060302,22,-8
20060303,85,-45
20060304,145,52
20060305,124,-1
20060306,37,-9
20060307,57,-35
20060308,50,-22
20060309,97,6
20060310,71,30
20060311,112,26
20060312,58,20
20060313,25,-3
20060314,15,-9
20060315,29,-8
20060316,45,6
20060317,70,8
20060318,80,20
20060319,105,21
20060320,158,20
20060321,148,72
20060322,145,98
20060323,112,60
20060324,102,5
20060325,187,40
20060326,165,82
20060327,206,95
20060328,202,124
20060329,167,82
20060330,195,57
20060331,177,111
20060401,208,85
20060402,197,124
20060403,194,71
20060404,162,66
20060405,164,70
20060406,124,31
20060407,129,22
20060408,167,30
20060409,194,55
20060410,216,106
20060411,170,60
20060412,134,59
20060413,143,60
20060414,216,60
20060415,208,89
20060416,177,129
20060417,211,102
20060418,193,117
20060419,194,115
20060420,207,120
20060421,227,96
20060422,230,109
20060423,243,114
20060424,246,119
20060425,263,136
20060426,240,133
20060427,179,138
20060428,166,139
20060429,150,100
20060430,100,70
20060501,143,64
20060502,182,74
20060503,210,100
20060504,200,116
20060505,217,110
20060506,220,105
20060507,185,90
20060508,200,107
20060509,220,105
20060510,220,120
20060511,204,132
20060512,239,109
20060513,265,125
20060514,214,134
20060515,233,137
20060516,270,125
20060517,259,166
20060518,271,141
20060519,250,160
20060520,216,154
20060521,246,159
20060522,279,148
20060523,292,171
20060524,223,110
20060525,209,95
20060526,253,119
20060527,245,155
20060528,290,155
20060529,190,113
20060530,118,78
20060531,182,71
20060601,187,105
20060602,143,94
20060603,144,91
20060604,202,125
20060605,200,100
20060606,161,109
20060607,160,96
20060608,208,104
20060609,203,132
20060610,163,122
20060611,178,105
20060612,249,120
20060613,265,142
20060614,272,157
20060615,275,157
20060616,305,184
20060617,308,190
20060618,330,206
20060619,335,212
20060620,327,230
20060621,323,224
20060622,320,215
20060623,302,231
20060624,300,206
20060625,315,212
20060626,352,221
20060627,352,224
20060628,320,220
20060629,296,224
20060630,286,204
20060701,252,204
20060702,213,174
20060703,225,172
20060704,258,175
20060705,280,157
20060706,295,166
20060707,307,204
20060708,279,174
20060709,307,190
20060710,305,203
20060711,317,202
20060712,310,212
20060713,298,208
20060714,316,208
20060715,274,214
20060716,260,188
20060717,264,176
20060718,287,166
20060719,305,171
20060720,320,186
20060721,335,205
20060722,339,224
20060723,335,230
20060724,332,224
20060725,323,236
20060726,331,224
20060727,340,226
20060728,340,219
20060729,322,190
20060730,305,199
20060731,320,220
20060801,289,210
20060802,217,169
20060803,208,174
20060804,197,150
20060805,248,151
20060806,262,140
20060807,218,165
20060808,274,182
20060809,254,166
20060810,252,174
20060811,225,145
20060812,165,134
20060813,201,127
20060814,215,116
20060815,252,130
20060816,268,134
20060817,296,164
20060818,298,183
20060819,301,184
20060820,287,194
20060821,246,177
20060822,262,146
20060823,229,159
20060824,255,146
20060825,205,155
20060826,214,141
20060827,222,132
20060828,220,135
20060829,215,138
20060830,176,114
20060831,223,92
20060901,219,109
20060902,234,125
20060903,259,145
20060904,291,181
20060905,282,190
20060906,265,206
20060907,265,192
20060908,235,137
20060909,220,113
20060910,216,115
20060911,229,118
20060912,232,130
20060913,234,125
20060914,242,129
20060915,227,179
20060916,200,165
20060917,228,166
20060918,197,159
20060919,209,149
20060920,232,165
20060921,230,138
20060922,230,142
20060923,210,129
20060924,220,128
20060925,218,121
20060926,231,131
20060927,220,172
20060928,230,144
20060929,226,131
20060930,235,130
20061001,245,136
20061002,245,156
20061003,250,170
20061004,235,144
20061005,176,126
20061006,190,128
20061007,180,95
20061008,184,130
20061009,185,90
20061010,192,95
20061011,196,99
20061012,193,111
20061013,194,101
20061014,188,110
20061015,186,86
20061016,156,86
20061017,131,57
20061018,137,30
20061019,172,41
20061020,160,86
20061021,185,105
20061022,180,140
20061023,206,125
20061024,226,165
20061025,204,138
20061026,230,120
20061027,233,125
20061028,215,134
20061029,180,132
20061030,185,65
20061031,118,20
20061101,108,58
20061102,74,35
20061103,72,1
20061104,74,-12
20061105,112,56
20061106,130,87
20061107,135,34
20061108,184,42
20061109,192,104
20061110,155,65
20061111,116,23
20061112,130,84
20061113,108,35
20061114,175,66
20061115,181,83
20061116,188,106
20061117,197,137
20061118,192,116
20061119,161,89
20061120,126,89
20061121,105,80
20061122,107,75
20061123,110,69
20061124,135,30
20061125,166,80
20061126,190,127
20061127,130,66
20061128,98,76
20061129,96,75
20061130,106,76
20061201,106,69
20061202,101,64
20061203,102,40
20061204,146,94
20061205,141,79
20061206,180,92
20061207,138,92
20061208,174,95
20061209,155,111
20061210,111,72
20061211,92,46
20061212,46,2
20061213,34,8
20061214,14,-6
20061215,28,-14
20061216,40,-8
20061217,72,20
20061218,74,35
20061219,50,27
20061220,55,21
20061221,55,23
20061222,55,24
20061223,62,15
20061224,35,-4
20061225,58,17
20061226,56,21
20061227,42,-21
20061228,7,-28
20061229,70,-26
20061230,27,-16
20061231,110,-14
20070101,132,49
20070102,130,24
20070103,78,-1
20070104,57,3
20070105,113,28
20070106,116,35
20070107,134,46
20070108,106,55
20070109,138,56
20070110,142,80
20070111,158,95
20070112,155,84
20070113,146,48
20070114,140,30
20070115,116,49
20070116,132,13
20070117,135,76
20070118,143,73
20070119,170,96
20070120,108,54
20070121,152,80
20070122,126,54
20070123,65,48
20070124,88,33
20070125,59,-9
20070126,15,-22
20070127,33,-43
20070128,68,-12
20070129,130,41
20070130,117,10
20070131,94,23
20070201,120,49
20070202,98,9
20070203,118,18
20070204,104,21
20070205,119,-4
20070206,123,55
20070207,96,66
20070208,132,59
20070209,133,93
20070210,128,44
20070211,100,64
20070212,127,34
20070213,115,55
20070214,136,40
20070215,117,72
20070216,86,48
20070217,82,45
20070218,72,37
20070219,106,48
20070220,112,47
20070221,153,59
20070222,168,93
20070223,138,82
20070224,122,64
20070225,80,36
20070226,107,57
20070227,131,20
20070228,134,52
20070301,162,87
20070302,142,84
20070303,106,57
20070304,158,75
20070305,170,51
20070306,175,75
20070307,165,80
20070308,132,100
20070309,113,80
20070310,129,78
20070311,128,74
20070312,155,36
20070313,176,54
20070314,200,74
20070315,164,79
20070316,168,63
20070317,196,58
20070318,195,103
20070319,142,34
20070320,68,14
20070321,85,38
20070322,91,16
20070323,124,54
20070324,84,28
20070325,136,47
20070326,152,69
20070327,145,78
20070328,122,66
20070329,117,56
20070330,140,71
20070331,166,81
20070401,185,90
20070402,191,112
20070403,193,82
20070404,148,95
20070405,147,60
20070406,200,40
20070407,212,75
20070408,177,118
20070409,217,70
20070410,234,112
20070411,213,118
20070412,220,105
20070413,238,110
20070414,241,130
20070415,237,116
20070416,209,143
20070417,213,88
20070418,250,98
20070419,178,103
20070420,225,84
20070421,190,122
20070422,204,105
20070423,231,112
20070424,231,140
20070425,221,120
20070426,223,122
20070427,230,112
20070428,233,110
20070429,269,107
20070430,195,125
20070501,194,88
20070502,184,107
20070503,220,117
20070504,185,135
20070505,179,131
20070506,208,114
20070507,232,133
20070508,260,129
20070509,209,146
20070510,247,133
20070511,285,146
20070512,245,178
20070513,284,168
20070514,300,156
20070515,245,153
20070516,189,129
20070517,221,112
20070518,187,110
20070519,207,95
20070520,244,149
20070521,265,150
20070522,302,170
20070523,295,178
20070524,291,188
20070525,310,197
20070526,306,189
20070527,291,172
20070528,247,150
20070529,200,110
20070530,165,120
20070531,241,114
20070601,240,126
20070602,250,163
20070603,266,149
20070604,233,175
20070605,236,175
20070606,250,170
20070607,247,185
20070608,263,173
20070609,294,159
20070610,300,172
20070611,301,186
20070612,257,178
20070613,284,176
20070614,299,179
20070615,297,184
20070616,285,195
20070617,298,173
20070618,312,192
20070619,304,219
20070620,345,213
20070621,351,237
20070622,334,220
20070623,290,172
20070624,308,187
20070625,340,188
20070626,300,212
20070627,246,152
20070628,234,142
20070629,270,152
20070630,246,172
20070701,298,151
20070702,323,182
20070703,278,196
20070704,260,119
20070705,248,118
20070706,276,126
20070707,297,186
20070708,310,189
20070709,326,195
20070710,256,137
20070711,203,129
20070712,257,119
20070713,278,136
20070714,306,164
20070715,333,199
20070716,345,218
20070717,357,204
20070718,366,217
20070719,367,236
20070720,382,237
20070721,352,225
20070722,350,225
20070723,334,195
20070724,336,183
20070725,275,165
20070726,292,175
20070727,320,184
20070728,326,201
20070729,291,222
20070730,250,139
20070731,226,114
20070801,257,134
20070802,288,146
20070803,240,175
20070804,249,181
20070805,246,155
20070806,296,175
20070807,316,185
20070808,311,207
20070809,287,188
20070810,234,172
20070811,210,159
20070812,262,165
20070813,277,171
20070814,285,179
20070815,298,188
20070816,318,195
20070817,287,209
20070818,256,181
20070819,276,207
20070820,271,182
20070821,272,168
20070822,284,180
20070823,295,184
20070824,288,182
20070825,287,202
20070826,293,193
20070827,301,189
20070828,299,195
20070829,216,175
20070830,199,160
20070831,197,149
20070901,240,148
20070902,227,144
20070903,250,144
20070904,198,115
20070905,155,90
20070906,117,95
20070907,138,94
20070908,223,122
20070909,240,138
20070910,217,122
20070911,190,136
20070912,209,114
20070913,210,110
20070914,216,110
20070915,242,140
20070916,233,153
20070917,269,154
20070918,250,141
20070919,170,111
20070920,168,82
20070921,180,84
20070922,189,85
20070923,200,94
20070924,205,100
20070925,224,105
20070926,179,130
20070927,160,125
20070928,188,119
20070929,217,120
20070930,212,105
20071001,211,110
20071002,220,120
20071003,225,128
20071004,203,137
20071005,215,150
20071006,179,126
20071007,165,122
20071008,177,89
20071009,187,91
20071010,156,132
20071011,143,125
20071012,176,125
20071013,165,97
20071014,129,53
20071015,127,35
20071016,167,38
20071017,175,54
20071018,178,79
20071019,125,70
20071020,84,24
20071021,90,54
20071022,75,34
20071023,82,59
20071024,78,53
20071025,106,66
20071026,95,62
20071027,121,78
20071028,105,93
20071029,134,92
20071030,102,83
20071031,125,91
20071101,124,69
20071102,130,40
20071103,138,94
20071104,128,82
20071105,120,64
20071106,100,21
20071107,97,30
20071108,145,57
20071109,106,55
20071110,119,17
20071111,120,47
20071112,120,45
20071113,105,0
20071114,66,31
20071115,54,26
20071116,50,-6
20071117,24,0
20071118,21,5
20071119,45,15
20071120,33,8
20071121,83,2
20071122,148,74
20071123,155,70
20071124,150,87
20071125,145,73
20071126,105,26
20071127,51,-14
20071128,50,-5
20071129,14,-31
20071130,55,-14
20071201,52,14
20071202,82,28
20071203,120,64
20071204,95,19
20071205,85,3
20071206,73,11
20071207,92,23
20071208,90,66
20071209,86,37
20071210,65,46
20071211,72,46
20071212,60,44
20071213,77,34
20071214,40,-9
20071215,4,-17
20071216,25,-3
20071217,7,-8
20071218,11,-18
20071219,16,-45
20071220,-14,-40
20071221,-30,-46
20071222,-28,-49
20071223,-25,-47
20071224,-4,-33
20071225,-7,-25
20071226,1,-21
20071227,15,-18
20071228,-4,-23
20071229,4,-35
20071230,-28,-48
20071231,-3,-37
20080101,22,-31
20080102,15,-11
20080103,9,-25
20080104,-4,-43
20080105,-5,-45
20080106,28,-18
20080107,55,15
20080108,38,-2
20080109,25,-21
20080110,28,2
20080111,66,2
20080112,140,45
20080113,117,57
20080114,73,49
20080115,77,19
20080116,110,11
20080117,106,75
20080118,105,52
20080119,114,54
20080120,87,40
20080121,115,22
20080122,109,55
20080123,65,11
20080124,67,-7
20080125,55,-2
20080126,76,-25
20080127,115,5
20080128,85,45
20080129,89,6
20080130,50,-4
20080131,72,24
20080201,100,11
20080202,118,39
20080203,72,37
20080204,96,30
20080205,104,60
20080206,110,19
20080207,112,44
20080208,93,29
20080209,94,20
20080210,73,44
20080211,58,9
20080212,50,10
20080213,62,-22
20080214,63,-24
20080215,51,-5
20080216,24,-24
20080217,11,-59
20080218,100,-40
20080219,134,-5
20080220,118,4
20080221,140,68
20080222,150,25
20080223,160,70
20080224,185,58
20080225,208,75
20080226,198,61
20080227,158,78
20080228,126,88
20080229,166,47
20080301,146,84
20080302,210,46
20080303,200,81
20080304,148,50
20080305,59,23
20080306,39,8
20080307,54,25
20080308,83,24
20080309,124,16
20080310,136,49
20080311,124,82
20080312,168,38
20080313,145,84
20080314,138,67
20080315,156,94
20080316,169,114
20080317,177,64
20080318,113,11
20080319,93,-5
20080320,103,19
20080321,106,-1
20080322,85,26
20080323,74,20
20080324,64,6
20080325,94,16
20080326,116,-5
20080327,130,44
20080328,148,74
20080329,165,65
20080330,172,56
20080331,194,70
20080401,196,73
20080402,179,92
20080403,143,69
20080404,142,91
20080405,153,77
20080406,176,45
20080407,198,78
20080408,129,54
20080409,202,88
20080410,209,124
20080411,215,125
20080412,175,86
20080413,153,82
20080414,187,61
20080415,157,90
20080416,159,94
20080417,172,77
20080418,180,89
20080419,203,101
20080420,234,104
20080421,224,105
20080422,185,96
20080423,162,102
20080424,181,86
20080425,200,84
20080426,190,89
20080427,205,83
20080428,223,86
20080429,167,101
20080430,185,97
20080501,204,104
20080502,206,104
20080503,210,104
20080504,198,110
20080505,178,122
20080506,194,110
20080507,195,127
20080508,221,94
20080509,226,114
20080510,226,123
20080511,208,134
20080512,235,104
20080513,237,115
20080514,256,131
20080515,279,130
20080516,253,165
20080517,246,165
20080518,219,156
20080519,252,139
20080520,179,118
20080521,145,115
20080522,197,116
20080523,216,142
20080524,238,132
20080525,271,145
20080526,289,166
20080527,334,179
20080528,330,182
20080529,276,210
20080530,298,187
20080531,281,163
20080601,306,180
20080602,286,195
20080603,271,174
20080604,249,172
20080605,241,168
20080606,201,160
20080607,204,151
20080608,232,150
20080609,239,157
20080610,280,154
20080611,294,164
20080612,204,160
20080613,226,139
20080614,167,123
20080615,206,120
20080616,225,144
20080617,264,154
20080618,231,166
20080619,283,152
20080620,305,183
20080621,315,191
20080622,332,205
20080623,335,198
20080624,331,217
20080625,318,202
20080626,317,237
20080627,303,220
20080628,289,202
20080629,318,202
20080630,302,208
20080701,300,194
20080702,322,206
20080703,333,229
20080704,276,216
20080705,282,200
20080706,315,182
20080707,324,194
20080708,269,162
20080709,267,146
20080710,294,192
20080711,324,189
20080712,325,183
20080713,307,209
20080714,257,169
20080715,255,155
20080716,289,168
20080717,312,177
20080718,224,166
20080719,272,139
20080720,308,183
20080721,255,164
20080722,207,133
20080723,182,132
20080724,226,142
20080725,251,183
20080726,291,188
20080727,299,198
20080728,297,195
20080729,295,194
20080730,298,194
20080731,311,200
20080801,313,215
20080802,321,216
20080803,302,187
20080804,328,209
20080805,285,192
20080806,279,189
20080807,293,184
20080808,296,183
20080809,255,155
20080810,254,155
20080811,264,157
20080812,301,165
20080813,321,204
20080814,297,210
20080815,323,215
20080816,253,160
20080817,233,140
20080818,266,153
20080819,278,164
20080820,278,169
20080821,274,189
20080822,297,185
20080823,279,176
20080824,220,143
20080825,232,131
20080826,250,144
20080827,270,163
20080828,275,167
20080829,276,169
20080830,236,187
20080831,243,168
20080901,249,149
20080902,266,144
20080903,295,170
20080904,302,186
20080905,295,188
20080906,319,196
20080907,304,199
20080908,256,176
20080909,254,160
20080910,267,156
20080911,280,163
20080912,287,189
20080913,221,126
20080914,133,100
20080915,130,94
20080916,137,104
20080917,156,95
20080918,162,84
20080919,164,79
20080920,150,108
20080921,131,104
20080922,135,100
20080923,164,103
20080924,171,102
20080925,156,107
20080926,138,100
20080927,149,115
20080928,173,113
20080929,171,70
20080930,197,74
20081001,206,127
20081002,227,128
20081003,197,146
20081004,146,88
20081005,156,69
20081006,206,102
20081007,196,94
20081008,209,105
20081009,211,119
20081010,212,130
20081011,192,113
20081012,177,88
20081013,184,91
20081014,197,88
20081015,215,118
20081016,216,116
20081017,189,83
20081018,126,54
20081019,150,54
20081020,168,70
20081021,186,76
20081022,205,105
20081023,161,102
20081024,126,63
20081025,125,84
20081026,134,91
20081027,165,63
20081028,206,127
20081029,237,136
20081030,206,107
20081031,206,85
20081101,159,118
20081102,207,127
20081103,195,96
20081104,189,118
20081105,166,132
20081106,159,130
20081107,151,131
20081108,160,120
20081109,156,112
20081110,120,85
20081111,118,83
20081112,118,73
20081113,113,84
20081114,119,96
20081115,127,91
20081116,111,56
20081117,113,55
20081118,76,11
20081119,90,6
20081120,134,24
20081121,144,66
20081122,75,20
20081123,72,-33
20081124,64,9
20081125,68,35
20081126,57,12
20081127,52,-8
20081128,40,-36
20081129,40,13
20081130,92,5
20081201,126,47
20081202,97,45
20081203,87,60
20081204,64,5
20081205,126,29
20081206,103,55
20081207,97,41
20081208,74,6
20081209,70,-13
20081210,70,40
20081211,96,64
20081212,96,47
20081213,60,45
20081214,63,44
20081215,69,42
20081216,74,56
20081217,75,62
20081218,79,40
20081219,67,45
20081220,61,9
20081221,74,22
20081222,87,22
20081223,78,12
20081224,66,30
20081225,51,10
20081226,22,4
20081227,10,-2
20081228,2,-25
20081229,-5,-27
20081230,-20,-28
20081231,-24,-44
20090101,-9,-47
20090102,0,-30
20090103,20,-28
20090104,-10,-69
20090105,-4,-73
20090106,-28,-62
20090107,-18,-53
20090108,11,-42
20090109,-15,-77
20090110,-42,-94
20090111,-34,-80
20090112,-34,-67
20090113,-49,-71
20090114,-18,-60
20090115,23,-26
20090116,26,-20
20090117,-3,-43
20090118,54,-42
20090119,85,42
20090120,132,43
20090121,108,58
20090122,64,27
20090123,55,30
20090124,65,27
20090125,71,48
20090126,86,36
20090127,65,31
20090128,52,18
20090129,45,10
20090130,43,10
20090131,32,6
20090201,18,0
20090202,35,5
20090203,46,24
20090204,70,30
20090205,138,40
20090206,159,65
20090207,125,80
20090208,102,65
20090209,91,40
20090210,99,13
20090211,81,43
20090212,66,0
20090213,47,-16
20090214,57,3
20090215,41,-1
20090216,43,-24
20090217,78,-14
20090218,18,-37
20090219,28,-20
20090220,52,-36
20090221,83,-15
20090222,29,-9
20090223,48,2
20090224,46,15
20090225,74,15
20090226,90,-4
20090227,143,33
20090228,154,56
20090301,155,48
20090302,133,84
20090303,105,68
20090304,104,68
20090305,105,75
20090306,139,68
20090307,113,46
20090308,142,54
20090309,113,40
20090310,126,5
20090311,147,63
20090312,117,21
20090313,147,46
20090314,146,34
20090315,167,57
20090316,144,52
20090317,132,57
20090318,133,40
20090319,102,37
20090320,60,15
20090321,71,9
20090322,122,8
20090323,164,32
20090324,109,28
20090325,90,4
20090326,125,13
20090327,145,34
20090328,186,90
20090329,145,106
20090330,120,84
20090331,112,73
20090401,125,82
20090402,173,113
20090403,174,111
20090404,216,110
20090405,232,101
20090406,235,116
20090407,242,122
20090408,250,109
20090409,244,111
20090410,246,112
20090411,246,115
20090412,236,113
20090413,215,122
20090414,206,112
20090415,227,92
20090416,240,103
20090417,205,124
20090418,208,115
20090419,174,127
20090420,208,126
20090421,186,131
20090422,206,132
20090423,156,98
20090424,189,89
20090425,210,82
20090426,204,130
20090427,220,121
20090428,192,130
20090429,185,120
20090430,178,98
20090501,235,112
20090502,191,106
20090503,194,93
20090504,212,96
20090505,190,108
20090506,213,115
20090507,231,151
20090508,264,124
20090509,252,149
20090510,273,145
20090511,279,148
20090512,267,164
20090513,202,144
20090514,239,127
20090515,233,149
20090516,271,140
20090517,275,150
20090518,294,180
20090519,274,185
20090520,263,187
20090521,284,161
20090522,311,176
20090523,281,170
20090524,272,195
20090525,313,193
20090526,316,214
20090527,272,156
20090528,225,150
20090529,190,110
20090530,154,103
20090531,185,96
20090601,216,101
20090602,221,116
20090603,263,148
20090604,193,137
20090605,229,127
20090606,297,155
20090607,269,175
20090608,280,134
20090609,299,155
20090610,299,172
20090611,286,160
20090612,264,147
20090613,254,144
20090614,302,156
20090615,322,187
20090616,336,204
20090617,249,160
20090618,300,153
20090619,340,178
20090620,264,141
20090621,226,134
20090622,186,141
20090623,175,130
20090624,216,142
20090625,262,147
20090626,265,160
20090627,250,157
20090628,240,179
20090629,265,177
20090630,285,178
20090701,290,194
20090702,275,186
20090703,282,185
20090704,282,191
20090705,312,192
20090706,295,176
20090707,257,184
20090708,202,156
20090709,252,138
20090710,210,156
20090711,240,130
20090712,265,140
20090713,297,153
20090714,323,191
20090715,337,208
20090716,323,218
20090717,322,209
20090718,280,165
20090719,261,140
20090720,280,156
20090721,306,179
20090722,332,195
20090723,350,226
20090724,330,215
20090725,284,200
20090726,264,159
20090727,283,160
20090728,292,176
20090729,300,192
20090730,320,196
20090731,295,208
20090801,312,206
20090802,349,214
20090803,324,215
20090804,242,175
20090805,251,195
20090806,270,193
20090807,273,186
20090808,290,192
20090809,292,202
20090810,305,187
20090811,273,185
20090812,295,185
20090813,310,206
20090814,253,178
20090815,272,176
20090816,288,186
20090817,308,194
20090818,312,200
20090819,298,227
20090820,300,227
20090821,302,195
20090822,295,200
20090823,259,191
20090824,259,183
20090825,272,164
20090826,302,169
20090827,316,197
20090828,321,205
20090829,271,157
20090830,226,156
20090831,249,135
20090901,275,155
20090902,288,173
20090903,305,187
20090904,263,172
20090905,197,134
20090906,213,146
20090907,226,125
20090908,230,128
20090909,236,180
20090910,258,170
20090911,222,166
20090912,248,168
20090913,212,158
20090914,202,161
20090915,227,155
20090916,254,165
20090917,256,173
20090918,216,183
20090919,236,176
20090920,258,178
20090921,255,161
20090922,253,149
20090923,251,144
20090924,254,143
20090925,237,154
20090926,228,164
20090927,238,130
20090928,244,141
20090929,250,134
20090930,235,167
20091001,258,142
20091002,194,143
20091003,196,106
20091004,198,81
20091005,222,109
20091006,255,152
20091007,259,158
20091008,256,150
20091009,248,173
20091010,200,143
20091011,202,149
20091012,156,83
20091013,132,84
20091014,115,45
20091015,122,40
20091016,108,38
20091017,122,44
20091018,106,45
20091019,92,49
20091020,115,28
20091021,162,52
20091022,196,110
20091023,153,99
20091024,145,103
20091025,151,108
20091026,149,112
20091027,178,117
20091028,158,75
20091029,170,74
20091030,118,68
20091031,110,30
20091101,100,6
20091102,89,18
20091103,74,18
20091104,62,14
20091105,97,19
20091106,75,54
20091107,93,63
20091108,82,54
20091109,98,64
20091110,99,70
20091111,104,65
20091112,116,30
20091113,148,45
20091114,146,81
20091115,165,117
20091116,180,119
20091117,167,102
20091118,170,109
20091119,165,74
20091120,129,44
20091121,154,65
20091122,129,36
20091123,123,83
20091124,154,67
20091125,140,64
20091126,131,90
20091127,156,85
20091128,118,68
20091129,124,39
20091130,171,86
20091201,162,89
20091202,96,48
20091203,59,12
20091204,70,46
20091205,76,48
20091206,66,15
20091207,62,13
20091208,92,51
20091209,93,55
20091210,100,58
20091211,81,47
20091212,68,24
20091213,34,3
20091214,25,-12
20091215,3,-32
20091216,-5,-26
20091217,-12,-52
20091218,-12,-56
20091219,-46,-75
20091220,-44,-156
20091221,25,-114
20091222,88,16
20091223,148,78
20091224,163,110
20091225,191,96
20091226,99,61
20091227,81,33
20091228,43,1
20091229,58,22
20091230,103,40
20091231,141,82
20100101,107,65
20100102,73,14
20100103,40,3
20100104,12,-33
20100105,18,-8
20100106,11,-12
20100107,26,1
20100108,25,2
20100109,26,11
20100110,35,5
20100111,26,3
20100112,36,5
20100113,23,3
20100114,26,6
20100115,28,8
20100116,45,-6
20100117,13,-9
20100118,20,-6
20100119,55,-6
20100120,65,-1
20100121,19,-6
20100122,5,-20
20100123,-4,-31
20100124,-6,-43
20100125,0,-40
20100126,-10,-62
20100127,-11,-50
20100128,-35,-80
20100129,11,-76
20100130,25,-4
20100131,24,0
20100201,19,-48
20100202,15,-56
20100203,81,-43
20100204,90,33
20100205,67,38
20100206,65,3
20100207,21,-29
20100208,-7,-34
20100209,-12,-35
20100210,5,-28
20100211,25,-6
20100212,16,-11
20100213,46,-8
20100214,25,-17
20100215,34,-5
20100216,21,-17
20100217,73,6
20100218,90,25
20100219,97,38
20100220,92,25
20100221,85,15
20100222,102,25
20100223,122,42
20100224,140,57
20100225,155,44
20100226,119,66
20100227,136,57
20100228,141,59
20100301,158,90
20100302,124,43
20100303,95,22
20100304,66,19
20100305,55,12
20100306,46,-32
20100307,35,-15
20100308,23,-30
20100309,25,-19
20100310,15,-26
20100311,30,-19
20100312,65,-26
20100313,106,5
20100314,115,12
20100315,88,8
20100316,142,9
20100317,123,35
20100318,172,52
20100319,175,64
20100320,157,72
20100321,170,113
20100322,139,106
20100323,155,92
20100324,151,75
20100325,171,99
20100326,211,96
20100327,164,90
20100328,192,50
20100329,212,96
20100330,196,110
20100331,171,97
20100401,177,64
20100402,134,69
20100403,176,34
20100404,171,85
20100405,127,65
20100406,152,59
20100407,166,46
20100408,185,65
20100409,209,86
20100410,159,82
20100411,125,57
20100412,95,56
20100413,111,70
20100414,135,72
20100415,184,64
20100416,177,75
20100417,179,94
20100418,148,105
20100419,200,95
20100420,238,114
20100421,216,112
20100422,160,80
20100423,186,80
20100424,196,126
20100425,221,122
20100426,240,120
20100427,227,163
20100428,212,140
20100429,226,104
20100430,270,117
20100501,265,144
20100502,218,143
20100503,227,135
20100504,222,138
20100505,183,143
20100506,200,136
20100507,208,97
20100508,170,105
20100509,220,119
20100510,214,125
20100511,226,130
20100512,225,149
20100513,189,127
20100514,220,112
20100515,165,104
20100516,152,89
20100517,184,92
20100518,203,105
20100519,194,82
20100520,158,106
20100521,182,115
20100522,232,145
20100523,234,134
20100524,267,130
20100525,292,183
20100526,272,160
20100527,276,162
20100528,262,157
20100529,243,175
20100530,238,149
20100531,180,110
20100601,203,87
20100602,146,120
20100603,190,121
20100604,175,135
20100605,250,135
20100606,269,146
20100607,282,155
20100608,306,184
20100609,317,176
20100610,316,179
20100611,334,190
20100612,337,206
20100613,308,219
20100614,307,219
20100615,278,179
20100616,252,187
20100617,268,180
20100618,277,176
20100619,222,160
20100620,195,151
20100621,160,127
20100622,206,155
20100623,246,178
20100624,246,142
20100625,272,156
20100626,242,172
20100627,273,169
20100628,281,169
20100629,295,199
20100630,313,199
20100701,312,215
20100702,314,206
20100703,323,210
20100704,315,216
20100705,295,215
20100706,296,206
20100707,250,175
20100708,280,160
20100709,293,169
20100710,312,183
20100711,325,201
20100712,335,212
20100713,349,208
20100714,336,205
20100715,345,231
20100716,345,257
20100717,345,245
20100718,298,195
20100719,253,185
20100720,281,212
20100721,318,215
20100722,342,213
20100723,356,219
20100724,291,171
20100725,211,149
20100726,233,136
20100727,252,159
20100728,276,167
20100729,264,190
20100730,197,155
20100731,238,160
20100801,275,167
20100802,293,181
20100803,313,189
20100804,245,176
20100805,257,173
20100806,223,165
20100807,248,152
20100808,277,165
20100809,262,177
20100810,281,179
20100811,283,193
20100812,282,184
20100813,285,195
20100814,276,184
20100815,290,206
20100816,273,176
20100817,266,170
20100818,272,178
20100819,280,183
20100820,287,219
20100821,285,204
20100822,285,187
20100823,296,177
20100824,303,197
20100825,238,193
20100826,280,156
20100827,317,189
20100828,247,158
20100829,217,132
20100830,196,105
20100831,195,84
20100901,212,130
20100902,230,102
20100903,224,117
20100904,240,134
20100905,215,128
20100906,170,115
20100907,157,111
20100908,194,134
20100909,235,158
20100910,190,148
20100911,205,163
20100912,211,152
20100913,220,131
20100914,229,145
20100915,242,139
20100916,236,151
20100917,197,146
20100918,147,124
20100919,165,121
20100920,185,84
20100921,193,86
20100922,205,102
20100923,213,108
20100924,215,118
20100925,190,153
20100926,157,124
20100927,154,122
20100928,177,114
20100929,180,113
20100930,162,100
20101001,155,116
20101002,179,118
20101003,186,126
20101004,195,124
20101005,208,144
20101006,158,112
20101007,165,112
20101008,157,75
20101009,142,68
20101010,139,44
20101011,152,55
20101012,165,68
20101013,149,82
20101014,146,112
20101015,148,74
20101016,128,93
20101017,117,76
20101018,100,85
20101019,98,80
20101020,109,60
20101021,116,34
20101022,78,19
20101023,138,35
20101024,169,109
20101025,131,73
20101026,88,56
20101027,110,43
20101028,101,15
20101029,128,16
20101030,170,24
20101031,163,72
20101101,190,115
20101102,165,117
20101103,156,110
20101104,180,69
20101105,197,102
20101106,175,87
20101107,190,92
20101108,146,109
20101109,130,85
20101110,132,85
20101111,151,78
20101112,153,69
20101113,181,96
20101114,183,118
20101115,191,127
20101116,173,95
20101117,156,103
20101118,125,98
20101119,136,86
20101120,135,74
20101121,103,81
20101122,123,90
20101123,105,72
20101124,94,48
20101125,51,-1
20101126,37,0
20101127,56,8
20101128,40,-4
20101129,81,14
20101130,55,14
20101201,19,2
20101202,36,2
20101203,32,9
20101204,16,-7
20101205,5,-35
20101206,110,-2
20101207,134,82
20101208,166,103
20101209,151,10
20101210,30,-14
20101211,17,-37
20101212,20,-23
20101213,25,-28
20101214,-2,-59
20101215,2,-61
20101216,-18,-43
20101217,-19,-53
20101218,0,-43
20101219,-5,-96
20101220,45,-25
20101221,98,20
20101222,96,39
20101223,122,54
20101224,127,90
20101225,105,30
20101226,34,-18
20101227,1,-32
20101228,-4,-73
20101229,-2,-46
20101230,15,-22
20101231,-13,-54
20110101,-25,-52
20110102,8,-38
20110103,6,-35
20110104,-4,-45
20110105,0,-32
20110106,47,-31
20110107,125,32
20110108,138,103
20110109,155,76
20110110,119,71
20110111,75,40
20110112,75,40
20110113,100,32
20110114,137,55
20110115,127,44
20110116,107,34
20110117,98,17
20110118,79,24
20110119,47,-2
20110120,49,28
20110121,37,5
20110122,14,-6
20110123,26,-26
20110124,29,-31
20110125,20,-30
20110126,74,-5
20110127,52,13
20110128,13,-15
20110129,14,-26
20110130,7,-13
20110131,-2,-15
20110201,5,-19
20110202,2,-33
20110203,25,-31
20110204,67,-25
20110205,137,-7
20110206,133,8
20110207,155,10
20110208,150,13
20110209,117,62
20110210,106,12
20110211,150,2
20110212,115,42
20110213,50,24
20110214,45,12
20110215,21,1
20110216,53,7
20110217,57,24
20110218,55,31
20110219,80,24
20110220,87,24
20110221,42,-11
20110222,19,-24
20110223,5,-51
20110224,25,-58
20110225,32,-55
20110226,28,-15
20110227,5,-16
20110228,18,-14
20110301,28,0
20110302,25,-15
20110303,13,-20
20110304,45,4
20110305,32,7
20110306,59,-16
20110307,48,1
20110308,78,-22
20110309,95,-29
20110310,160,-4
20110311,172,37
20110312,175,34
20110313,162,69
20110314,185,118
20110315,195,106
20110316,148,105
20110317,172,104
20110318,137,80
20110319,97,60
20110320,107,45
20110321,100,39
20110322,143,22
20110323,179,44
20110324,197,59
20110325,230,66
20110326,206,96
20110327,176,108
20110328,134,96
20110329,162,78
20110330,185,60
20110331,199,70
20110401,217,90
20110402,221,100
20110403,235,105
20110404,240,125
20110405,173,96
20110406,187,75
20110407,262,109
20110408,226,158
20110409,240,121
20110410,196,86
20110411,200,88
20110412,244,90
20110413,132,65
20110414,153,55
20110415,145,71
20110416,155,87
20110417,185,83
20110418,184,64
20110419,205,80
20110420,223,88
20110421,243,92
20110422,239,97
20110423,243,108
20110424,244,130
20110425,227,134
20110426,180,124
20110427,174,128
20110428,173,113
20110429,172,115
20110430,194,117
20110501,196,120
20110502,210,99
20110503,236,110
20110504,148,52
20110505,171,56
20110506,194,67
20110507,237,82
20110508,196,99
20110509,200,73
20110510,242,106
20110511,255,140
20110512,287,134
20110513,246,171
20110514,262,149
20110515,205,100
20110516,177,86
20110517,205,139
20110518,242,142
20110519,263,136
20110520,284,152
20110521,283,166
20110522,266,139
20110523,277,164
20110524,285,166
20110525,262,177
20110526,278,152
20110527,318,166
20110528,241,117
20110529,237,111
20110530,262,133
20110531,296,160
20110601,275,162
20110602,250,176
20110603,261,170
20110604,278,179
20110605,282,165
20110606,270,162
20110607,289,180
20110608,255,167
20110609,219,170
20110610,250,157
20110611,262,154
20110612,268,156
20110613,260,151
20110614,256,173
20110615,271,168
20110616,306,171
20110617,305,182
20110618,300,195
20110619,245,134
20110620,257,114
20110621,305,147
20110622,333,186
20110623,317,220
20110624,259,182
20110625,243,168
20110626,266,173
20110627,285,162
20110628,287,179
20110629,307,176
20110630,277,190
20110701,253,178
20110702,225,144
20110703,270,122
20110704,305,170
20110705,284,189
20110706,307,174
20110707,326,189
20110708,324,201
20110709,362,209
20110710,364,221
20110711,327,221
20110712,333,213
20110713,356,226
20110714,376,243
20110715,286,211
20110716,295,176
20110717,328,188
20110718,320,214
20110719,296,189
20110720,275,190
20110721,287,181
20110722,292,156
20110723,227,170
20110724,198,154
20110725,172,137
20110726,233,149
20110727,274,144
20110728,222,164
20110729,248,162
20110730,257,163
20110731,255,163
20110801,256,167
20110802,280,170
20110803,300,176
20110804,282,210
20110805,282,198
20110806,298,197
20110807,320,206
20110808,309,188
20110809,254,150
20110810,225,152
20110811,248,129
20110812,270,143
20110813,288,170
20110814,300,188
20110815,318,195
20110816,279,196
20110817,295,184
20110818,319,194
20110819,350,201
20110820,317,202
20110821,332,224
20110822,341,225
20110823,356,230
20110824,363,230
20110825,358,213
20110826,360,213
20110827,359,230
20110828,287,171
20110829,275,163
20110830,285,198
20110831,284,167
20110901,314,185
20110902,304,183
20110903,280,175
20110904,310,186
20110905,291,212
20110906,259,169
20110907,265,157
20110908,260,192
20110909,266,188
20110910,301,183
20110911,330,187
20110912,308,202
20110913,300,195
20110914,307,189
20110915,257,154
20110916,265,164
20110917,283,168
20110918,302,174
20110919,240,134
20110920,195,125
20110921,225,152
20110922,224,143
20110923,237,144
20110924,234,134
20110925,237,134
20110926,250,133
20110927,256,139
20110928,250,143
20110929,232,136
20110930,246,131
20111001,250,137
20111002,255,138
20111003,246,136
20111004,246,125
20111005,246,128
20111006,245,132
20111007,191,56
20111008,133,33
20111009,138,43
20111010,135,43
20111011,202,95
20111012,201,112
20111013,163,95
20111014,136,70
20111015,130,39
20111016,115,59
20111017,118,16
20111018,143,14
20111019,200,75
20111020,145,57
20111021,115,58
20111022,92,62
20111023,109,71
20111024,109,74
20111025,126,86
20111026,140,102
20111027,135,95
20111028,141,103
20111029,145,108
20111030,137,70
20111031,115,54
20111101,104,84
20111102,100,76
20111103,100,68
20111104,186,56
20111105,191,109
20111106,165,93
20111107,142,84
20111108,123,62
20111109,116,72
20111110,105,82
20111111,100,46
20111112,116,32
20111113,66,2
20111114,65,-16
20111115,70,-7
20111116,76,-4
20111117,20,-29
20111118,5,-20
20111119,0,-16
20111120,-10,-24
20111121,-5,-38
20111122,3,-34
20111123,6,-20
20111124,27,0
20111125,27,4
20111126,31,9
20111127,24,0
20111128,95,-13
20111129,60,6
20111130,19,-5
20111201,19,-4
20111202,56,-14
20111203,134,41
20111204,162,92
20111205,158,67
20111206,79,33
20111207,55,0
20111208,118,43
20111209,117,16
20111210,136,86
20111211,112,66
20111212,90,54
20111213,102,64
20111214,123,49
20111215,119,56
20111216,135,24
20111217,132,13
20111218,39,-11
20111219,44,-5
20111220,30,-7
20111221,34,-45
20111222,62,-13
20111223,54,18
20111224,55,-6
20111225,66,8
20111226,55,12
20111227,62,22
20111228,26,-9
20111229,20,-3
20111230,26,3
20111231,19,-14
20120101,54,-1
20120102,116,5
20120103,112,73
20120104,118,60
20120105,84,47
20120106,96,34
20120107,68,7
20120108,80,21
20120109,96,28
20120110,110,45
20120111,73,11
20120112,82,-6
20120113,81,28
20120114,81,-13
20120115,42,-22
20120116,36,-34
20120117,62,-31
20120118,70,12
20120119,77,-10
20120120,91,29
20120121,65,-2
20120122,116,36
20120123,124,54
20120124,80,26
20120125,55,16
20120126,42,-23
20120127,33,-37
20120128,36,-40
20120129,5,-25
20120130,21,-35
20120131,-22,-74
20120201,-8,-51
20120202,-24,-70
20120203,-59,-93
20120204,-76,-101
20120205,-60,-99
20120206,-73,-101
20120207,-54,-99
20120208,-20,-86
20120209,-40,-116
20120210,-49,-82
20120211,-64,-99
20120212,-57,-84
20120213,-18,-80
20120214,2,-93
20120215,50,-69
20120216,67,-5
20120217,80,-37
20120218,88,-3
20120219,102,0
20120220,72,16
20120221,72,27
20120222,87,-4
20120223,90,-11
20120224,160,32
20120225,162,60
20120226,122,57
20120227,85,16
20120228,110,12
20120229,176,78
20120301,134,87
20120302,196,46
20120303,141,71
20120304,121,23
20120305,119,39
20120306,114,14
20120307,80,-10
20120308,112,-2
20120309,119,29
20120310,122,15
20120311,125,24
20120312,96,50
20120313,125,64
20120314,137,49
20120315,139,46
20120316,202,37
20120317,216,82
20120318,176,100
20120319,202,98
20120320,182,94
20120321,200,89
20120322,206,92
20120323,230,84
20120324,234,105
20120325,210,135
20120326,188,118
20120327,198,72
20120328,208,111
20120329,235,86
20120330,172,104
20120331,224,69
20120401,159,20
20120402,196,24
20120403,205,107
20120404,234,122
20120405,240,114
20120406,175,126
20120407,190,105
20120408,105,49
20120409,109,19
20120410,173,17
20120411,174,82
20120412,170,86
20120413,162,76
20120414,136,94
20120415,164,110
20120416,150,100
20120417,112,77
20120418,154,76
20120419,181,81
20120420,194,77
20120421,176,78
20120422,179,96
20120423,138,60
20120424,190,72
20120425,208,97
20120426,226,104
20120427,269,117
20120428,282,139
20120429,298,167
20120430,290,145
20120501,295,153
20120502,294,173
20120503,266,173
20120504,242,136
20120505,236,117
20120506,212,130
20120507,179,122
20120508,228,109
20120509,255,126
20120510,259,136
20120511,277,147
20120512,301,151
20120513,153,73
20120514,144,83
20120515,179,112
20120516,140,80
20120517,174,84
20120518,196,68
20120519,227,87
20120520,266,108
20120521,222,156
20120522,164,127
20120523,262,144
20120524,275,172
20120525,226,170
20120526,226,127
20120527,239,117
20120528,249,121
20120529,235,134
20120530,280,152
20120531,276,144
20120601,217,154
20120602,222,145
20120603,280,169
20120604,265,166
20120605,232,139
20120606,242,103
20120607,276,160
20120608,296,188
20120609,282,200
20120610,269,166
20120611,232,159
20120612,202,152
20120613,248,138
20120614,250,140
20120615,285,147
20120616,312,172
20120617,324,190
20120618,327,205
20120619,336,213
20120620,347,223
20120621,347,232
20120622,294,223
20120623,295,209
20120624,321,223
20120625,301,168
20120626,265,153
20120627,281,165
20120628,317,181
20120629,338,206
20120630,362,223
20120701,359,227
20120702,359,244
20120703,354,245
20120704,341,229
20120705,353,237
20120706,347,217
20120707,342,209
20120708,333,219
20120709,349,224
20120710,324,220
20120711,330,195
20120712,279,185
20120713,265,197
20120714,327,166
20120715,240,171
20120716,257,165
20120717,282,154
20120718,301,183
20120719,355,182
20120720,324,195
20120721,270,176
20120722,198,165
20120723,246,142
20120724,274,195
20120725,263,188
20120726,289,185
20120727,315,192
20120728,342,208
20120729,335,222
20120730,294,188
20120731,291,222
20120801,311,188
20120802,330,201
20120803,345,213
20120804,336,213
20120805,361,225
20120806,368,226
20120807,307,230
20120808,307,229
20120809,296,191
20120810,282,181
20120811,254,176
20120812,252,131
20120813,282,155
20120814,285,191
20120815,311,190
20120816,324,205
20120817,315,214
20120818,317,204
20120819,320,198
20120820,335,198
20120821,352,197
20120822,368,219
20120823,349,236
20120824,380,220
20120825,367,224
20120826,287,164
20120827,250,139
20120828,279,152
20120829,300,176
20120830,309,179
20120831,282,195
20120901,202,155
20120902,255,157
20120903,292,178
20120904,270,210
20120905,281,191
20120906,245,198
20120907,241,153
20120908,270,136
20120909,292,157
20120910,297,169
20120911,300,175
20120912,272,178
20120913,221,108
20120914,154,123
20120915,189,118
20120916,212,136
20120917,235,116
20120918,248,142
20120919,235,127
20120920,181,102
20120921,193,76
20120922,227,89
20120923,207,139
20120924,261,140
20120925,250,144
20120926,262,151
20120927,275,186
20120928,198,148
20120929,210,147
20120930,206,150
20121001,233,153
20121002,200,165
20121003,217,130
20121004,221,126
20121005,217,149
20121006,243,120
20121007,233,141
20121008,159,84
20121009,170,78
20121010,141,110
20121011,140,104
20121012,146,112
20121013,150,113
20121014,149,115
20121015,193,118
20121016,176,90
20121017,196,75
20121018,215,116
20121019,223,94
20121020,213,91
20121021,194,101
20121022,166,94
20121023,129,78
20121024,114,93
20121025,151,103
20121026,116,65
20121027,170,105
20121028,145,15
20121029,52,15
20121030,80,3
20121031,111,15
20121101,98,69
20121102,135,56
20121103,129,46
20121104,195,88
20121105,220,84
20121106,120,65
20121107,112,45
20121108,136,37
20121109,144,76
20121110,120,55
20121111,140,71
20121112,148,109
20121113,134,101
20121114,112,75
20121115,100,60
20121116,100,72
20121117,119,74
20121118,118,88
20121119,116,93
20121120,104,79
20121121,103,76
20121122,117,86
20121123,112,84
20121124,125,93
20121125,135,63
20121126,166,90
20121127,161,110
20121128,165,119
20121129,129,91
20121130,91,21
20121201,62,37
20121202,49,26
20121203,60,12
20121204,44,3
20121205,56,9
20121206,32,-10
20121207,31,4
20121208,7,-38
20121209,24,-31
20121210,-16,-68
20121211,0,-54
20121212,1,-60
20121213,-11,-105
20121214,46,-32
20121215,114,24
20121216,92,40
20121217,54,40
20121218,56,32
20121219,68,31
20121220,62,38
20121221,42,6
20121222,26,6
20121223,36,3
20121224,114,15
20121225,145,93
20121226,135,74
20121227,88,25
20121228,106,49
20121229,51,-5
20121230,37,-14
20121231,52,-22
20130101,30,-30
20130102,35,-20
20130103,85,20
20130104,82,34
20130105,107,42
20130106,94,50
20130107,56,19
20130108,40,18
20130109,77,14
20130110,112,33
20130111,82,16
20130112,42,-8
20130113,26,-5
20130114,5,-11
20130115,18,-2
20130116,17,4
20130117,22,2
20130118,12,-10
20130119,22,-19
20130120,56,14
20130121,68,36
20130122,50,7
20130123,57,14
20130124,37,8
20130125,19,-32
20130126,-12,-51
20130127,0,-46
20130128,27,-30
20130129,46,-17
20130130,90,31
20130131,122,35
20130201,96,42
20130202,145,48
20130203,62,19
20130204,84,-6
20130205,87,33
20130206,76,11
20130207,55,-4
20130208,42,-26
20130209,24,2
20130210,22,-14
20130211,22,-43
20130212,16,-3
20130213,25,5
20130214,28,6
20130215,36,12
20130216,50,22
20130217,55,15
20130218,47,18
20130219,63,19
20130220,40,8
20130221,20,-10
20130222,-3,-23
20130223,27,-20
20130224,50,2
20130225,87,15
20130226,57,30
20130227,60,32
20130228,64,35
20130301,81,12
20130302,92,33
20130303,98,-2
20130304,98,3
20130305,103,26
20130306,126,50
20130307,169,90
20130308,167,83
20130309,128,96
20130310,112,85
20130311,136,64
20130312,110,70
20130313,123,49
20130314,80,-2
20130315,45,-5
20130316,50,-20
20130317,84,-18
20130318,77,33
20130319,151,55
20130320,148,40
20130321,131,59
20130322,123,15
20130323,66,6
20130324,40,-14
20130325,-13,-31
20130326,10,-18
20130327,31,-17
20130328,95,-15
20130329,115,45
20130330,69,44
20130331,62,35
20130401,56,14
20130402,50,20
20130403,44,25
20130404,118,24
20130405,87,61
20130406,92,58
20130407,93,53
20130408,116,21
20130409,156,61
20130410,183,75
20130411,200,66
20130412,200,120
20130413,184,90
20130414,212,85
20130415,209,132
20130416,211,104
20130417,232,97
20130418,251,120
20130419,253,160
20130420,221,117
20130421,233,114
20130422,179,109
20130423,222,110
20130424,246,95
20130425,267,126
20130426,280,129
20130427,226,166
20130428,247,147
20130429,273,132
20130430,290,158
20130501,295,168
20130502,253,190
20130503,260,152
20130504,248,146
20130505,210,145
20130506,202,139
20130507,232,155
20130508,243,126
20130509,255,150
20130510,259,143
20130511,195,138
20130512,192,130
20130513,202,107
20130514,224,110
20130515,256,124
20130516,221,146
20130517,196,135
20130518,226,107
20130519,258,118
20130520,229,117
20130521,210,115
20130522,230,105
20130523,181,121
20130524,173,112
20130525,173,89
20130526,173,80
20130527,212,99
20130528,199,111
20130529,248,127
20130530,186,109
20130531,153,103
20130601,183,104
20130602,196,110
20130603,207,125
20130604,165,123
20130605,197,134
20130606,248,129
20130607,238,132
20130608,274,151
20130609,297,156
20130610,239,163
20130611,203,154
20130612,248,136
20130613,267,142
20130614,293,153
20130615,304,184
20130616,321,202
20130617,338,211
20130618,347,227
20130619,352,235
20130620,355,243
20130621,345,227
20130622,332,217
20130623,291,202
20130624,235,149
20130625,219,144
20130626,227,145
20130627,218,135
20130628,225,119
20130629,242,163
20130630,247,145
20130701,265,152
20130702,290,165
20130703,308,171
20130704,305,200
20130705,302,202
20130706,275,209
20130707,281,184
20130708,284,180
20130709,296,205
20130710,288,198
20130711,278,200
20130712,260,179
20130713,274,166
20130714,273,179
20130715,293,176
20130716,267,187
20130717,288,165
20130718,305,185
20130719,310,195
20130720,310,204
20130721,287,230
20130722,301,181
20130723,318,189
20130724,326,205
20130725,306,201
20130726,333,213
20130727,352,227
20130728,368,234
20130729,376,235
20130730,286,205
20130731,308,189
20130801,313,201
20130802,340,204
20130803,366,209
20130804,362,236
20130805,338,245
20130806,358,242
20130807,366,242
20130808,388,236
20130809,357,234
20130810,254,188
20130811,290,178
20130812,307,198
20130813,330,190
20130814,228,178
20130815,256,173
20130816,275,152
20130817,296,171
20130818,314,182
20130819,332,208
20130820,274,210
20130821,255,192
20130822,268,196
20130823,278,188
20130824,238,166
20130825,202,151
20130826,229,159
20130827,243,170
20130828,224,161
20130829,244,155
20130830,243,140
20130831,255,139
20130901,247,145
20130902,190,142
20130903,276,130
20130904,250,175
20130905,258,163
20130906,261,156
20130907,260,168
20130908,263,164
20130909,240,163
20130910,213,153
20130911,183,123
20130912,180,134
20130913,199,113
20130914,233,108
20130915,243,139
20130916,240,141
20130917,200,93
20130918,172,70
20130919,180,135
20130920,202,125
20130921,204,129
20130922,202,116
20130923,220,98
20130924,219,118
20130925,239,125
20130926,250,136
20130927,210,123
20130928,148,115
20130929,136,98
20130930,115,95
20131001,168,95
20131002,153,100
20131003,127,60
20131004,122,31
20131005,103,52
20131006,140,75
20131007,176,86
20131008,190,117
20131009,176,120
20131010,175,118
20131011,185,114
20131012,170,99
20131013,166,113
20131014,150,102
20131015,200,105
20131016,157,109
20131017,165,60
20131018,181,60
20131019,176,96
20131020,215,116
20131021,215,153
20131022,227,145
20131023,246,158
20131024,215,141
20131025,230,128
20131026,230,130
20131027,231,121
20131028,228,156
20131029,243,160
20131030,167,127
20131031,154,123
20131101,164,83
20131102,169,89
20131103,210,103
20131104,135,92
20131105,126,90
20131106,112,45
20131107,134,56
20131108,147,87
20131109,197,93
20131110,106,77
20131111,112,58
20131112,100,65
20131113,90,76
20131114,98,69
20131115,94,63
20131116,122,70
20131117,93,57
20131118,87,70
20131119,90,64
20131120,109,75
20131121,94,67
20131122,72,50
20131123,93,72
20131124,100,44
20131125,77,13
20131126,47,22
20131127,29,15
20131128,44,-10
20131129,57,-17
20131130,54,4
20131201,87,14
20131202,80,16
20131203,65,20
20131204,48,-18
20131205,56,-12
20131206,62,-3
20131207,70,-8
20131208,74,3
20131209,110,16
20131210,115,62
20131211,83,21
20131212,67,3
20131213,34,-13
20131214,-3,-17
20131215,10,-18
20131216,10,-21
20131217,-10,-27
20131218,-20,-36
20131219,15,-47
20131220,72,-16
20131221,70,27
20131222,126,23
20131223,120,68
20131224,111,63
20131225,145,83
20131226,128,95
20131227,107,84
20131228,102,42
20131229,92,40
20131230,86,56
20131231,73,54
20140101,72,52
20140102,109,46
20140103,107,66
20140104,119,78
20140105,144,106
20140106,119,74
20140107,125,45
20140108,112,39
20140109,67,20
20140110,116,30
20140111,112,44
20140112,125,82
20140113,126,28
20140114,105,60
20140115,93,73
20140116,111,45
20140117,155,85
20140118,149,107
20140119,135,99
20140120,136,84
20140121,100,71
20140122,98,61
20140123,82,49
20140124,57,-2
20140125,24,-16
20140126,5,-53
20140127,-6,-57
20140128,-7,-36
20140129,5,-28
20140130,16,-27
20140131,12,-2
20140201,4,-25
20140202,10,-5
20140203,19,-13
20140204,13,-3
20140205,36,-2
20140206,67,12
20140207,120,7
20140208,105,70
20140209,125,50
20140210,87,25
20140211,102,62
20140212,68,34
20140213,117,-6
20140214,105,54
20140215,131,27
20140216,179,94
20140217,127,46
20140218,77,45
20140219,103,52
20140220,106,63
20140221,92,75
20140222,89,57
20140223,67,45
20140224,125,59
20140225,96,30
20140226,137,28
20140227,150,77
20140228,119,50
20140301,137,42
20140302,108,58
20140303,83,59
20140304,95,62
20140305,116,83
20140306,117,80
20140307,111,70
20140308,124,62
20140309,140,39
20140310,134,75
20140311,150,55
20140312,172,46
20140313,167,58
20140314,190,53
20140315,197,63
20140316,216,94
20140317,231,85
20140318,214,129
20140319,186,126
20140320,200,69
20140321,224,82
20140322,186,104
20140323,169,120
20140324,125,63
20140325,110,46
20140326,133,60
20140327,142,96
20140328,182,104
20140329,205,82
20140330,216,80
20140331,230,89
20140401,207,112
20140402,225,102
20140403,196,99
20140404,220,126
20140405,187,133
20140406,197,130
20140407,215,120
20140408,250,105
20140409,189,96
20140410,165,61
20140411,162,60
20140412,174,84
20140413,192,73
20140414,221,77
20140415,130,63
20140416,134,62
20140417,105,67
20140418,206,74
20140419,201,107
20140420,165,107
20140421,148,112
20140422,201,110
20140423,203,109
20140424,206,140
20140425,177,144
20140426,174,136
20140427,217,130
20140428,194,133
20140429,203,133
20140430,233,130
20140501,216,119
20140502,237,112
20140503,148,94
20140504,164,83
20140505,183,84
20140506,217,77
20140507,217,113
20140508,212,115
20140509,243,107
20140510,241,138
20140511,246,96
20140512,195,64
20140513,144,92
20140514,174,87
20140515,144,96
20140516,129,87
20140517,148,90
20140518,206,110
20140519,250,98
20140520,260,120
20140521,269,136
20140522,295,150
20140523,290,172
20140524,281,166
20140525,277,155
20140526,234,167
20140527,241,148
20140528,227,130
20140529,227,132
20140530,189,125
20140531,194,95
20140601,197,123
20140602,234,142
20140603,246,134
20140604,260,120
20140605,249,161
20140606,282,152
20140607,302,166
20140608,318,181
20140609,330,200
20140610,335,204
20140611,344,215
20140612,322,175
20140613,290,167
20140614,247,177
20140615,237,174
20140616,218,162
20140617,215,145
20140618,254,140
20140619,274,152
20140620,260,155
20140621,244,124
20140622,286,141
20140623,302,183
20140624,252,176
20140625,193,150
20140626,248,144
20140627,269,150
20140628,293,174
20140629,312,185
20140630,244,158
20140701,255,132
20140702,287,157
20140703,256,152
20140704,279,152
20140705,305,179
20140706,314,197
20140707,329,205
20140708,269,208
20140709,230,165
20140710,165,134
20140711,214,138
20140712,280,162
20140713,274,178
20140714,263,169
20140715,286,177
20140716,304,195
20140717,307,203
20140718,303,204
20140719,312,210
20140720,329,209
20140721,273,217
20140722,243,185
20140723,279,193
20140724,287,170
20140725,297,207
20140726,298,196
20140727,277,184
20140728,256,194
20140729,272,198
20140730,265,177
20140731,254,177
20140801,274,205
20140802,287,194
20140803,310,191
20140804,282,173
20140805,242,198
20140806,241,188
20140807,263,188
20140808,293,174
20140809,314,189
20140810,315,210
20140811,324,205
20140812,276,195
20140813,290,201
20140814,253,154
20140815,227,157
20140816,229,161
20140817,240,135
20140818,256,137
20140819,256,156
20140820,249,186
20140821,215,156
20140822,233,157
20140823,197,167
20140824,244,161
20140825,221,140
20140826,225,145
20140827,240,162
20140828,225,135
20140829,234,128
20140830,250,144
20140831,251,157
20140901,213,143
20140902,178,142
20140903,202,146
20140904,200,175
20140905,238,185
20140906,201,173
20140907,219,170
20140908,254,169
20140909,259,156
20140910,218,172
20140911,174,143
20140912,180,135
20140913,187,131
20140914,186,140
20140915,202,151
20140916,211,137
20140917,207,136
20140918,211,124
20140919,246,135
20140920,232,168
20140921,260,183
20140922,200,135
20140923,188,91
20140924,185,97
20140925,168,109
20140926,180,97
20140927,194,130
20140928,215,115
20140929,206,99
20140930,230,116
20141001,191,132
20141002,183,152
20141003,184,143
20141004,172,143
20141005,182,133
20141006,187,106
20141007,206,124
20141008,233,139
20141009,245,140
20141010,254,147
20141011,252,138
20141012,242,137
20141013,258,150
20141014,226,153
20141015,187,145
20141016,214,155
20141017,235,153
20141018,211,145
20141019,200,116
20141020,237,123
20141021,203,144
20141022,168,56
20141023,102,63
20141024,113,80
20141025,110,75
20141026,97,68
20141027,116,62
20141028,105,43
20141029,93,26
20141030,109,45
20141031,127,75
20141101,145,88
20141102,117,44
20141103,122,40
20141104,190,99
20141105,220,114
20141106,174,136
20141107,177,146
20141108,172,116
20141109,128,100
20141110,152,97
20141111,172,106
20141112,172,121
20141113,136,105
20141114,138,106
20141115,146,114
20141116,165,105
20141117,144,102
20141118,142,95
20141119,119,79
20141120,102,48
20141121,99,46
20141122,74,26
20141123,50,33
20141124,60,46
20141125,59,35
20141126,62,34
20141127,43,32
20141128,60,28
20141129,57,38
20141130,55,42
20141201,56,42
20141202,50,25
20141203,50,27
20141204,60,44
20141205,62,47
20141206,66,54
20141207,74,52
20141208,64,53
20141209,56,38
20141210,53,23
20141211,58,-3
20141212,68,-10
20141213,145,24
20141214,127,89
20141215,137,79
20141216,99,59
20141217,90,62
20141218,85,22
20141219,150,59
20141220,135,84
20141221,113,50
20141222,120,18
20141223,134,93
20141224,123,81
20141225,125,82
20141226,84,18
20141227,27,-13
20141228,19,-32
20141229,13,-40
20141230,-3,-50
20141231,-32,-74
20150101,-35,-80
20150102,26,-47
20150103,52,-6
20150104,74,13
20150105,57,-2
20150106,56,8
20150107,18,-15
20150108,18,-30
20150109,71,-2
20150110,127,48
20150111,118,8
20150112,75,-5
20150113,124,17
20150114,120,55
20150115,98,31
20150116,152,70
20150117,161,65
20150118,119,64
20150119,69,50
20150120,60,20
20150121,72,49
20150122,80,49
20150123,70,57
20150124,60,18
20150125,31,9
20150126,47,15
20150127,42,-2
20150128,62,-2
20150129,40,-10
20150130,73,11
20150131,64,1
20150201,54,16
20150202,58,8
20150203,32,-19
20150204,47,9
20150205,20,3
20150206,9,-12
20150207,12,-21
20150208,25,-70
20150209,10,-20
20150210,50,-11
20150211,58,21
20150212,58,20
20150213,53,-7
20150214,60,4
20150215,108,35
20150216,116,44
20150217,82,13
20150218,66,-4
20150219,69,-31
20150220,99,-13
20150221,108,21
20150222,78,55
20150223,83,44
20150224,80,50
20150225,84,50
20150226,106,49
20150227,80,22
20150228,94,39
20150301,129,45
20150302,142,72
20150303,124,30
20150304,98,41
20150305,83,53
20150306,83,34
20150307,103,26
20150308,103,7
20150309,104,25
20150310,130,14
20150311,124,24
20150312,90,50
20150313,93,58
20150314,95,55
20150315,136,53
20150316,137,53
20150317,141,66
20150318,154,57
20150319,144,53
20150320,137,28
20150321,166,36
20150322,163,73
20150323,145,64
20150324,170,59
20150325,140,70
20150326,200,103
20150327,132,89
20150328,144,90
20150329,176,43
20150330,186,105
20150331,190,76
20150401,153,73
20150402,150,20
20150403,133,36
20150404,98,49
20150405,105,49
20150406,102,44
20150407,99,39
20150408,124,46
20150409,153,84
20150410,202,55
20150411,222,96
20150412,226,120
20150413,250,102
20150414,185,111
20150415,252,90
20150416,267,123
20150417,186,147
20150418,147,58
20150419,144,28
20150420,193,50
20150421,221,100
20150422,233,100
20150423,233,124
20150424,202,122
20150425,231,96
20150426,234,127
20150427,238,125
20150428,198,130
20150429,187,99
20150430,190,87
20150501,181,89
20150502,232,124
20150503,234,143
20150504,262,145
20150505,273,153
20150506,300,188
20150507,249,150
20150508,258,146
20150509,266,157
20150510,236,151
20150511,230,135
20150512,247,116
20150513,289,151
20150514,266,189
20150515,193,144
20150516,190,133
20150517,247,149
20150518,254,163
20150519,292,152
20150520,272,160
20150521,215,118
20150522,132,116
20150523,156,116
20150524,200,125
20150525,180,131
20150526,213,147
20150527,187,134
20150528,197,114
20150529,252,99
20150530,270,126
20150531,242,162
20150601,284,153
20150602,295,170
20150603,312,180
20150604,312,198
20150605,285,191
20150606,310,188
20150607,304,198
20150608,310,185
20150609,295,178
20150610,288,182
20150611,312,195
20150612,321,197
20150613,321,203
20150614,317,196
20150615,294,184
20150616,247,171
20150617,220,160
20150618,250,143
20150619,224,156
20150620,223,130
20150621,225,108
20150622,269,121
20150623,230,123
20150624,200,119
20150625,241,118
20150626,253,171
20150627,264,174
20150628,257,168
20150629,257,150
20150630,269,164
20150701,306,182
20150702,321,195
20150703,313,205
20150704,322,209
20150705,332,195
20150706,353,206
20150707,368,240
20150708,366,241
20150709,242,165
20150710,270,170
20150711,307,166
20150712,335,220
20150713,277,203
20150714,317,198
20150715,334,220
20150716,345,243
20150717,374,235
20150718,343,252
20150719,370,240
20150720,343,245
20150721,358,250
20150722,368,248
20150723,366,220
20150724,319,219
20150725,330,198
20150726,240,170
20150727,210,172
20150728,257,166
20150729,240,179
20150730,202,149
20150731,244,150
20150801,266,144
20150802,290,188
20150803,281,199
20150804,321,207
20150805,320,220
20150806,326,223
20150807,338,226
20150808,340,233
20150809,347,225
20150810,329,210
20150811,337,214
20150812,343,222
20150813,356,224
20150814,356,230
20150815,334,227
20150816,294,196
20150817,240,187
20150818,261,178
20150819,243,182
20150820,202,171
20150821,235,156
20150822,247,161
20150823,250,168
20150824,260,162
20150825,261,171
20150826,245,168
20150827,256,173
20150828,305,167
20150829,320,191
20150830,322,203
20150831,330,206
20150901,324,178
20150902,285,206
20150903,262,172
20150904,246,196
20150905,219,158
20150906,214,129
20150907,203,113
20150908,201,112
20150909,203,107
20150910,192,104
20150911,198,135
20150912,237,114
20150913,256,135
20150914,265,158
20150915,282,179
20150916,292,192
20150917,321,204
20150918,287,195
20150919,246,183
20150920,212,164
20150921,207,124
20150922,213,106
20150923,244,124
20150924,192,135
20150925,145,130
20150926,180,130
20150927,170,146
20150928,165,130
20150929,164,125
20150930,152,116
20151001,175,109
20151002,200,123
20151003,160,115
20151004,213,124
20151005,206,128
20151006,186,119
20151007,167,142
20151008,163,142
20151009,166,122
20151010,135,105
20151011,120,81
20151012,132,64
20151013,103,76
20151014,124,99
20151015,139,101
20151016,165,110
20151017,149,90
20151018,146,89
20151019,130,87
20151020,133,75
20151021,139,62
20151022,132,93
20151023,126,59
20151024,151,80
20151025,130,48
20151026,166,89
20151027,135,88
20151028,149,107
20151029,143,100
20151030,162,78
20151031,155,62
20151101,134,65
20151102,130,30
20151103,140,21
20151104,182,52
20151105,158,61
20151106,150,48
20151107,170,54
20151108,193,87
20151109,225,74
20151110,186,116
20151111,215,113
20151112,195,100
20151113,160,84
20151114,152,80
20151115,143,95
20151116,190,114
20151117,196,74
20151118,180,112
20151119,168,72
20151120,172,84
20151121,167,18
20151122,67,25
20151123,69,14
20151124,60,37
20151125,40,24
20151126,49,25
20151127,59,42
20151128,72,35
20151129,81,10
20151130,117,44
20151201,129,72
20151202,146,88
20151203,120,47
20151204,60,30
20151205,54,34
20151206,57,19
20151207,56,19
20151208,45,7
20151209,49,22
20151210,100,32
20151211,77,18
20151212,38,2
20151213,70,-15
20151214,77,5
20151215,47,22
20151216,50,26
20151217,47,19
20151218,25,5
20151219,48,8
20151220,32,2
20151221,127,-6
20151222,143,75
20151223,138,44
20151224,110,45
20151225,123,58
20151226,110,22
20151227,85,11
20151228,80,5
20151229,55,9
20151230,50,8
20151231,45,-33
20160101,12,-26
20160102,18,-11
20160103,2,-42
20160104,-42,-65
20160105,-10,-55
20160106,11,-10
20160107,35,-8
20160108,38,-27
20160109,52,17
20160110,75,33
20160111,166,55
20160112,120,52
20160113,105,32
20160114,77,6
20160115,67,25
20160116,50,-6
20160117,32,-13
20160118,14,-30
20160119,10,-56
20160120,25,-47
20160121,55,-25
20160122,25,-27
20160123,0,-48
20160124,58,-47
20160125,68,12
20160126,125,15
20160127,142,13
20160128,160,79
20160129,146,64
20160130,124,41
20160131,135,88
20160201,170,75
20160202,160,103
20160203,142,42
20160204,86,25
20160205,89,6
20160206,128,9
20160207,123,62
20160208,146,87
20160209,147,107
20160210,135,37
20160211,104,12
20160212,64,20
20160213,102,27
20160214,99,45
20160215,82,53
20160216,78,48
20160217,68,46
20160218,72,43
20160219,76,54
20160220,83,46
20160221,122,44
20160222,146,99
20160223,164,113
20160224,134,38
20160225,66,25
20160226,60,21
20160227,80,2
20160228,86,40
20160229,111,68
20160301,94,71
20160302,123,54
20160303,90,42
20160304,72,14
20160305,139,22
20160306,143,68
20160307,102,46
20160308,91,38
20160309,80,45
20160310,134,59
20160311,112,74
20160312,93,61
20160313,86,54
20160314,106,50
20160315,72,12
20160316,75,31
20160317,127,28
20160318,154,24
20160319,156,40
20160320,170,47
20160321,129,79
20160322,127,69
20160323,86,51
20160324,115,55
20160325,139,32
20160326,135,86
20160327,164,72
20160328,152,85
20160329,178,98
20160330,187,102
20160331,206,134
20160401,237,150
20160402,166,96
20160403,225,77
20160404,240,111
20160405,257,134
20160406,269,126
20160407,239,129
20160408,196,108
20160409,140,95
20160410,150,94
20160411,204,97
20160412,230,109
20160413,232,141
20160414,186,107
20160415,220,69
20160416,229,132
20160417,242,122
20160418,203,132
20160419,150,87
20160420,164,53
20160421,195,66
20160422,225,76
20160423,187,99
20160424,147,76
20160425,120,57
20160426,168,25
20160427,145,42
20160428,88,30
20160429,153,56
20160430,149,50
20160501,136,110
20160502,142,115
20160503,180,113
20160504,159,116
20160505,196,102
20160506,216,108
20160507,231,109
20160508,229,111
20160509,239,107
20160510,182,141
20160511,168,137
20160512,161,142
20160513,183,114
20160514,199,130
20160515,133,79
20160516,168,67
20160517,177,72
20160518,208,99
20160519,203,114
20160520,214,125
20160521,245,120
20160522,262,132
20160523,263,145
20160524,186,113
20160525,259,153
20160526,257,166
20160527,289,160
20160528,298,168
20160529,299,180
20160530,252,153
20160531,257,147
20160601,248,155
20160602,242,161
20160603,246,140
20160604,271,163
20160605,250,155
20160606,257,157
20160607,255,160
20160608,259,151
20160609,256,180
20160610,227,168
20160611,266,152
20160612,206,157
20160613,246,164
20160614,237,160
20160615,238,165
20160616,287,168
20160617,272,200
20160618,278,160
20160619,225,160
20160620,227,147
20160621,277,156
20160622,286,187
20160623,310,209
20160624,330,230
20160625,328,231
20160626,287,204
20160627,252,180
20160628,262,161
20160629,295,174
20160630,294,192
20160701,300,203
20160702,319,214
20160703,260,193
20160704,269,132
20160705,292,175
20160706,267,196
20160707,268,178
20160708,293,192
20160709,305,215
20160710,319,208
20160711,338,227
20160712,347,226
20160713,313,227
20160714,258,182
20160715,211,154
20160716,194,132
20160717,254,145
20160718,300,173
20160719,287,195
20160720,301,187
20160721,321,207
20160722,301,227
20160723,332,218
20160724,316,217
20160725,282,215
20160726,298,195
20160727,297,208
20160728,277,215
20160729,291,200
20160730,314,197
20160731,331,224
20160801,272,205
20160802,266,183
20160803,290,177
20160804,303,195
20160805,324,210
20160806,256,172
20160807,269,198
20160808,275,167
20160809,285,172
20160810,221,143
20160811,193,133
20160812,228,115
20160813,261,154
20160814,279,157
20160815,296,177
20160816,273,167
20160817,227,184
20160818,250,185
20160819,260,184
20160820,279,174
20160821,252,204
20160822,225,146
20160823,257,177
20160824,270,168
20160825,270,170
20160826,282,168
20160827,290,184
20160828,287,176
20160829,298,175
20160830,280,193
20160831,265,178
20160901,276,176
20160902,283,182
20160903,290,180
20160904,290,178
20160905,249,168
20160906,186,156
20160907,258,174
20160908,272,185
20160909,287,178
20160910,287,199
20160911,293,185
20160912,296,197
20160913,291,181
20160914,268,183
20160915,273,175
20160916,267,173
20160917,246,172
20160918,226,160
20160919,223,164
20160920,210,150
20160921,189,135
20160922,196,98
20160923,207,94
20160924,217,111
20160925,213,107
20160926,204,114
20160927,214,118
20160928,216,106
20160929,234,104
20160930,240,125
20161001,248,138
20161002,183,153
20161003,156,107
20161004,172,74
20161005,142,73
20161006,168,38
20161007,145,90
20161008,142,45
20161009,149,80
20161010,109,70
20161011,94,69
20161012,134,49
20161013,139,44
20161014,149,95
20161015,139,94
20161016,183,119
20161017,168,90
20161018,141,89
20161019,132,92
20161020,110,93
20161021,97,81
20161022,104,41
20161023,120,48
20161024,175,88
20161025,220,143
20161026,180,130
20161027,138,97
20161028,137,78
20161029,150,61
20161030,142,70
20161031,132,61
20161101,147,30
20161102,182,70
20161103,130,60
20161104,64,9
20161105,150,30
20161106,173,126
20161107,132,56
20161108,82,37
20161109,85,38
20161110,105,37
20161111,84,34
20161112,68,32
20161113,57,20
20161114,54,-1
20161115,59,-7
20161116,67,6
20161117,142,38
20161118,164,81
20161119,190,116
20161120,160,113
20161121,168,101
20161122,176,92
20161123,165,89
20161124,153,94
20161125,145,101
20161126,102,77
20161127,97,76
20161128,84,20
20161129,40,-2
20161130,54,-30
20161201,70,-4
20161202,100,-8
20161203,64,21
20161204,60,-4
20161205,45,-3
20161206,60,-18
20161207,35,-23
20161208,-11,-28
20161209,20,-38
20161210,43,-28
20161211,118,-29
20161212,107,35
20161213,80,11
20161214,62,-19
20161215,65,20
20161216,58,30
20161217,30,-26
20161218,-1,-42
20161219,1,-44
20161220,-14,-35
20161221,-7,-33
20161222,-3,-27
20161223,-12,-35
20161224,-6,-32
20161225,9,-30
20161226,74,-12
20161227,92,25
20161228,38,0
20161229,40,6
20161230,27,-24
20161231,28,-52
20170101,33,-58
20170102,101,-40
20170103,49,-2
20170104,22,-52
20170105,35,-20
20170106,-20,-56
20170107,-30,-93
20170108,-42,-85
20170109,-15,-60
20170110,-24,-88
20170111,-43,-102
20170112,60,-70
20170113,104,2
20170114,50,2
20170115,40,-17
20170116,12,-15
20170117,1,-19
20170118,2,-17
20170119,9,-19
20170120,3,-57
20170121,-16,-68
20170122,5,-30
20170123,-30,-71
20170124,-38,-51
20170125,5,-46
20170126,10,-20
20170127,-6,-54
20170128,-34,-75
20170129,-49,-69
20170130,-45,-69
20170131,-4,-71
20170201,45,-4
20170202,109,29
20170203,129,90
20170204,132,73
20170205,134,60
20170206,86,50
20170207,54,35
20170208,51,3
20170209,10,0
20170210,14,4
20170211,36,8
20170212,45,20
20170213,40,8
20170214,64,-10
20170215,100,-20
20170216,105,0
20170217,124,-4
20170218,90,25
20170219,100,33
20170220,115,4
20170221,116,35
20170222,146,46
20170223,164,77
20170224,141,56
20170225,104,29
20170226,111,11
20170227,161,47
20170228,163,93
20170301,136,43
20170302,135,24
20170303,148,80
20170304,189,68
20170305,155,79
20170306,125,61
20170307,116,69
20170308,135,74
20170309,165,57
20170310,149,78
20170311,126,64
20170312,98,40
20170313,123,15
20170314,153,27
20170315,153,55
20170316,168,53
20170317,203,55
20170318,171,102
20170319,166,110
20170320,220,106
20170321,225,107
20170322,218,109
20170323,229,116
20170324,226,110
20170325,175,77
20170326,136,69
20170327,155,50
20170328,194,47
20170329,232,59
20170330,226,100
20170331,229,105
20170401,250,110
20170402,238,112
20170403,246,116
20170404,201,134
20170405,177,116
20170406,176,100
20170407,182,61
20170408,200,95
20170409,215,112
20170410,241,102
20170411,201,114
20170412,178,75
20170413,232,99
20170414,215,115
20170415,172,112
20170416,161,104
20170417,152,76
20170418,105,73
20170419,85,28
20170420,87,20
20170421,129,14
20170422,190,22
20170423,140,42
20170424,192,74
20170425,203,103
20170426,223,119
20170427,199,137
20170428,158,106
20170429,150,65
20170430,176,55
20170501,207,110
20170502,215,123
20170503,193,131
20170504,214,106
20170505,160,106
20170506,235,94
20170507,179,117
20170508,212,122
20170509,155,98
20170510,178,73
20170511,228,96
20170512,256,134
20170513,230,146
20170514,262,152
20170515,204,152
20170516,250,145
20170517,250,169
20170518,269,137
20170519,286,150
20170520,240,155
20170521,231,153
20170522,260,135
20170523,272,156
20170524,225,154
20170525,215,135
20170526,237,133
20170527,266,160
20170528,271,155
20170529,284,149
20170530,304,179
20170531,304,193
20170601,285,183
20170602,280,174
20170603,298,171
20170604,303,186
20170605,270,178
20170606,272,180
20170607,212,134
20170608,240,114
20170609,268,132
20170610,266,164
20170611,269,168
20170612,314,158
20170613,312,208
20170614,266,170
20170615,296,173
20170616,286,190
20170617,246,175
20170618,255,163
20170619,295,170
20170620,324,175
20170621,337,206
20170622,342,188
20170623,344,226
20170624,334,223
20170625,320,202
20170626,301,176
20170627,308,199
20170628,325,208
20170629,282,169
20170630,282,183
20170701,273,164
20170702,274,159
20170703,264,194
20170704,291,165
20170705,317,178
20170706,340,208
20170707,352,215
20170708,339,217
20170709,349,233
20170710,360,244
20170711,345,228
20170712,330,195
20170713,276,223
20170714,235,183
20170715,258,156
20170716,255,157
20170717,295,163
20170718,310,176
20170719,342,187
20170720,350,204
20170721,334,233
20170722,355,226
20170723,335,225
20170724,307,204
20170725,270,154
20170726,260,132
20170727,260,149
20170728,306,165
20170729,300,195
20170730,326,206
20170731,329,199
20170801,345,222
20170802,351,226
20170803,349,209
20170804,376,234
20170805,343,236
20170806,302,214
20170807,276,167
20170808,290,195
20170809,342,213
20170810,357,212
20170811,316,205
20170812,245,159
20170813,266,162
20170814,284,166
20170815,299,175
20170816,309,180
20170817,314,198
20170818,331,205
20170819,314,202
20170820,234,153
20170821,243,143
20170822,246,132
20170823,263,138
20170824,303,160
20170825,324,178
20170826,334,194
20170827,339,217
20170828,295,183
20170829,267,166
20170830,281,148
20170831,324,165
20170901,267,190
20170902,194,140
20170903,182,133
20170904,228,99
20170905,237,130
20170906,260,132
20170907,228,133
20170908,185,132
20170909,237,120
20170910,258,156
20170911,200,162
20170912,178,129
20170913,213,106
20170914,248,140
20170915,206,107
20170916,146,113
20170917,183,140
20170918,197,110
20170919,144,104
20170920,140,100
20170921,190,105
20170922,198,83
20170923,208,103
20170924,177,134
20170925,182,133
20170926,201,133
20170927,200,139
20170928,210,117
20170929,192,98
20170930,180,80
20171001,174,74
20171002,182,77
20171003,192,89
20171004,197,128
20171005,221,120
20171006,184,94
20171007,167,63
20171008,183,74
20171009,163,79
20171010,149,103
20171011,169,83
20171012,217,98
20171013,216,109
20171014,202,110
20171015,200,96
20171016,213,100
20171017,208,105
20171018,223,103
20171019,236,90
20171020,236,87
20171021,202,120
20171022,161,103
20171023,124,73
20171024,164,110
20171025,163,67
20171026,174,62
20171027,180,72
20171028,140,45
20171029,183,80
20171030,140,59
20171031,122,45
20171101,135,34
20171102,158,54
20171103,152,102
20171104,129,54
20171105,176,70
20171106,130,72
20171107,104,73
20171108,107,84
20171109,112,83
20171110,123,81
20171111,120,50
20171112,155,75
20171113,132,36
20171114,84,56
20171115,68,47
20171116,75,36
20171117,83,48
20171118,86,42
20171119,60,6
20171120,92,-15
20171121,131,26
20171122,157,76
20171123,156,70
20171124,163,89
20171125,148,74
20171126,145,49
20171127,76,6
20171128,62,-19
20171129,59,24
20171130,53,23
20171201,53,25
20171202,46,2
20171203,37,0
20171204,45,-38
20171205,76,-7
20171206,76,-6
20171207,106,-13
20171208,126,54
20171209,100,3
20171210,43,-39
20171211,147,40
20171212,167,86
20171213,92,20
20171214,132,15
20171215,132,38
20171216,57,17
20171217,62,14
20171218,44,-15
20171219,23,-32
20171220,24,-18
20171221,52,5
20171222,71,-4
20171223,78,-6
20171224,126,14
20171225,105,5
20171226,124,40
20171227,136,65
20171228,114,29
20171229,67,22
20171230,63,2
20171231,120,20
20180101,120,65
20180102,75,45
20180103,86,0
20180104,59,0
20180105,140,52
20180106,162,98
20180107,156,84
20180108,140,65
20180109,122,71
20180110,102,65
20180111,79,50
20180112,70,54
20180113,63,31
20180114,40,2
20180115,25,-10
20180116,101,0
20180117,96,44
20180118,100,3
20180119,99,16
20180120,30,-2
20180121,95,2
20180122,68,-5
20180123,84,13
20180124,92,1
20180125,120,8
20180126,135,60
20180127,101,38
20180128,57,38
20180129,88,17
20180130,143,29
20180131,103,25
20180201,126,61
20180202,113,6
20180203,28,7
20180204,73,4
20180205,16,-4
20180206,19,-9
20180207,32,-2
20180208,48,2
20180209,69,14
20180210,35,21
20180211,84,2
20180212,29,-5
20180213,34,2
20180214,46,1
20180215,53,-19
20180216,61,-18
20180217,72,12
20180218,59,17
20180219,44,7
20180220,28,6
20180221,22,0
20180222,13,-11
20180223,22,-9
20180224,13,-29
20180225,-20,-66
20180226,-46,-104
20180227,-50,-90
20180228,-32,-114
20180301,-54,-107
20180302,-31,-68
20180303,4,-42
20180304,34,-20
20180305,13,-3
20180306,40,-2
20180307,123,5
20180308,113,37
20180309,152,18
20180310,140,65
20180311,158,80
20180312,162,94
20180313,173,57
20180314,163,80
20180315,162,64
20180316,146,82
20180317,108,51
20180318,57,-6
20180319,10,-16
20180320,21,-24
20180321,62,3
20180322,63,-12
20180323,70,2
20180324,109,39
20180325,88,20
20180326,122,14
20180327,117,50
20180328,170,34
20180329,149,102
20180330,173,80
20180331,145,90
20180401,155,67
20180402,185,64
20180403,180,117
20180404,184,105
20180405,166,111
20180406,175,86
20180407,177,69
20180408,227,81
20180409,239,117
20180410,178,117
20180411,214,114
20180412,184,125
20180413,201,115
20180414,223,99
20180415,218,160
20180416,237,160
20180417,190,140
20180418,220,148
20180419,246,114
20180420,256,146
20180421,260,128
20180422,281,127
20180423,284,159
20180424,263,166
20180425,278,146
20180426,249,129
20180427,219,123
20180428,273,131
20180429,293,151
20180430,257,176
20180501,235,130
20180502,274,158
20180503,265,144
20180504,238,179
20180505,234,156
20180506,240,170
20180507,249,156
20180508,242,145
20180509,255,140
20180510,269,158
20180511,242,170
20180512,275,165
20180513,267,143
20180514,210,150
20180515,196,119
20180516,221,106
20180517,228,125
20180518,232,131
20180519,239,139
20180520,245,144
20180521,250,173
20180522,255,155
20180523,262,161
20180524,269,184
20180525,247,183
20180526,273,165
20180527,296,179
20180528,308,190
20180529,304,204
20180530,291,188
20180531,312,192
20180601,319,197
20180602,304,180
20180603,303,197
20180604,314,196
20180605,293,189
20180606,300,169
20180607,307,194
20180608,298,201
20180609,271,183
20180610,299,190
20180611,314,205
20180612,333,201
20180613,252,185
20180614,204,173
20180615,215,165
20180616,262,205
20180617,269,208
20180618,294,215
20180619,295,223
20180620,302,219
20180621,328,207
20180622,272,130
20180623,219,107
20180624,233,146
20180625,224,164
20180626,256,140
20180627,239,171
20180628,221,147
20180629,200,173
20180630,284,194
20180701,237,165
20180702,261,179
20180703,283,206
20180704,280,190
20180705,316,184
20180706,250,179
20180707,273,184
20180708,275,193
20180709,284,191
20180710,308,184
20180711,249,179
20180712,250,173
20180713,278,194
20180714,310,173
20180715,249,190
20180716,288,164
20180717,284,177
20180718,310,188
20180719,306,188
20180720,310,195
20180721,302,192
20180722,274,202
20180723,240,184
20180724,297,200
20180725,304,209
20180726,292,204
20180727,294,188
20180728,303,198
20180729,324,217
20180730,333,227
20180731,336,244
20180801,330,233
20180802,311,232
20180803,308,220
20180804,322,221
20180805,328,208
20180806,335,223
20180807,337,227
20180808,340,230
20180809,345,234
20180810,336,225
20180811,273,201
20180812,297,203
20180813,332,204
20180814,274,210
20180815,280,201
20180816,284,202
20180817,302,194
20180818,312,206
20180819,322,211
20180820,334,207
20180821,330,214
20180822,329,216
20180823,337,217
20180824,330,205
20180825,256,202
20180826,206,135
20180827,237,135
20180828,271,137
20180829,278,156
20180830,277,164
20180831,254,175
20180901,218,190
20180902,227,171
20180903,232,173
20180904,206,174
20180905,257,180
20180906,270,166
20180907,258,175
20180908,261,189
20180909,275,164
20180910,283,167
20180911,291,174
20180912,297,170
20180913,286,175
20180914,286,183
20180915,261,180
20180916,268,169
20180917,280,167
20180918,274,184
20180919,278,164
20180920,273,182
20180921,283,175
20180922,223,128
20180923,205,130
20180924,191,109
20180925,154,68
20180926,162,80
20180927,184,63
20180928,205,80
20180929,177,106
20180930,170,72
20181001,173,63
20181002,149,97
20181003,176,68
20181004,190,96
20181005,193,87
20181006,193,104
20181007,205,130
20181008,193,156
20181009,222,127
20181010,213,123
20181011,212,110
20181012,207,110
20181013,209,110
20181014,192,104
20181015,171,114
20181016,175,118
20181017,213,123
20181018,187,134
20181019,203,117
20181020,193,102
20181021,142,96
20181022,139,103
20181023,164,80
20181024,204,98
20181025,163,92
20181026,163,97
20181027,226,141
20181028,223,147
20181029,208,146
20181030,206,140
20181031,197,103
20181101,177,110
20181102,163,117
20181103,166,132
20181104,158,140
20181105,163,122
20181106,141,95
20181107,128,101
20181108,138,103
20181109,112,92
20181110,160,100
20181111,195,92
20181112,204,122
20181113,192,118
20181114,145,96
20181115,131,75
20181116,114,71
20181117,84,30
20181118,59,32
20181119,36,22
20181120,37,5
20181121,61,29
20181122,65,46
20181123,74,54
20181124,78,54
20181125,86,74
20181126,97,68
20181127,79,28
20181128,45,9
20181129,34,-17
20181130,6,-24
20181201,21,-18
20181202,52,-3
20181203,140,35
20181204,144,69
20181205,114,56
20181206,56,22
20181207,90,12
20181208,106,35
20181209,95,6
20181210,95,42
20181211,74,6
20181212,73,15
20181213,29,-10
20181214,21,0
20181215,20,0
20181216,29,-5
20181217,26,-15
20181218,55,-4
20181219,18,-2
20181220,21,-7
20181221,70,0
20181222,118,70
20181223,108,45
20181224,110,45
20181225,46,14
20181226,60,-6
20181227,64,-14
20181228,57,3
20181229,80,-12
20181230,73,4
20181231,77,20
20190101,72,22
20190102,75,-4
20190103,37,-3
20190104,25,-12
20190105,42,-19
20190106,45,8
20190107,18,0
20190108,18,-15
20190109,54,-4
20190110,37,17
20190111,42,-2
20190112,58,-23
20190113,97,0
20190114,116,56
20190115,77,3
20190116,118,26
20190117,126,76
20190118,95,20
20190119,27,14
20190120,36,11
20190121,29,8
20190122,16,-11
20190123,-6,-19
20190124,15,-17
20190125,13,-37
20190126,15,-53
20190127,26,-41
20190128,58,18
20190129,37,16
20190130,35,4
20190131,28,8
20190201,96,5
20190202,166,94
20190203,126,80
20190204,80,34
20190205,52,25
20190206,80,-7
20190207,67,-14
20190208,75,0
20190209,78,-16
20190210,118,22
20190211,105,24
20190212,90,15
20190213,88,17
20190214,122,13
20190215,101,20
20190216,117,8
20190217,135,6
20190218,143,18
20190219,165,20
20190220,140,36
20190221,145,51
20190222,132,52
20190223,52,-27
20190224,62,-29
20190225,100,34
20190226,197,25
20190227,155,72
20190228,216,22
20190301,165,93
20190302,152,60
20190303,184,59
20190304,179,80
20190305,145,49
20190306,175,64
20190307,229,106
20190308,184,118
20190309,176,88
20190310,165,93
20190311,137,34
20190312,117,11
20190313,127,19
20190314,146,36
20190315,163,75
20190316,175,95
20190317,198,86
20190318,144,39
20190319,95,20
20190320,113,56
20190321,144,31
20190322,174,39
20190323,197,58
20190324,215,75
20190325,171,57
20190326,123,52
20190327,107,31
20190328,143,68
20190329,170,87
20190330,191,57
20190331,216,70
20190401,206,87
20190402,206,107
20190403,209,102
20190404,210,102
20190405,167,70
20190406,167,76
20190407,149,84
20190408,191,106
20190409,195,113
20190410,167,116
20190411,127,76
20190412,82,55
20190413,97,54
20190414,92,69
20190415,167,79
20190416,182,56
20190417,196,68
20190418,187,93
20190419,218,80
20190420,223,102
20190421,231,88
20190422,247,87
20190423,184,127
20190424,243,130
20190425,256,130
20190426,271,141
20190427,188,123
20190428,195,84
20190429,142,97
20190430,161,92
20190501,219,102
20190502,241,95
20190503,194,131
20190504,156,118
20190505,132,60
20190506,92,59
20190507,169,56
20190508,202,61
20190509,147,100
20190510,230,68
20190511,235,94
20190512,174,110
20190513,116,84
20190514,111,85
20190515,85,65
20190516,124,73
20190517,169,87
20190518,211,94
20190519,200,134
20190520,203,129
20190521,166,131
20190522,235,135
20190523,235,132
20190524,246,140
20190525,265,137
20190526,273,164
20190527,189,160
20190528,242,165
20190529,171,132
20190530,151,125
20190531,220,119
20190601,260,151
20190602,274,163
20190603,292,164
20190604,300,179
20190605,292,185
20190606,286,173
20190607,295,184
20190608,323,190
20190609,300,186
20190610,324,204
20190611,330,221
20190612,334,202
20190613,329,227
20190614,332,193
20190615,314,212
20190616,324,187
20190617,265,182
20190618,272,191
20190619,302,196
20190620,315,196
20190621,304,206
20190622,285,183
20190623,243,188
20190624,292,195
20190625,315,214
20190626,334,226
20190627,355,224
20190628,300,237
20190629,299,200
20190630,318,187
20190701,359,206
20190702,331,215
20190703,314,187
20190704,257,185
20190705,314,177
20190706,334,223
20190707,308,179
20190708,264,165
20190709,225,172
20190710,243,169
20190711,266,140
20190712,281,180
20190713,254,166
20190714,267,154
20190715,262,175
20190716,287,159
20190717,300,170
20190718,297,202
20190719,313,186
20190720,328,193
20190721,331,205
20190722,325,212
20190723,334,218
20190724,337,223
20190725,348,234
20190726,324,233
20190727,345,228
20190728,281,195
20190729,270,190
20190730,310,206
20190731,307,220
20190801,290,199
20190802,283,206
20190803,275,191
20190804,272,163
20190805,297,174
20190806,321,196
20190807,325,217
20190808,283,227
20190809,312,204
20190810,342,220
20190811,311,242
20190812,346,214
20190813,296,223
20190814,244,163
20190815,259,154
20190816,253,174
20190817,279,154
20190818,306,170
20190819,322,193
20190820,331,212
20190821,272,211
20190822,239,190
20190823,278,200
20190824,307,205
20190825,287,194
20190826,302,209
20190827,311,205
20190828,316,212
20190829,320,222
20190830,313,215
20190831,327,215
20190901,327,213
20190902,290,182
20190903,230,156
20190904,250,136
20190905,258,144
20190906,220,165
20190907,198,157
20190908,205,154
20190909,206,134
20190910,234,127
20190911,231,135
20190912,247,180
20190913,265,150
20190914,259,162
20190915,259,163
20190916,273,150
20190917,279,172
20190918,234,145
20190919,198,132
20190920,185,100
20190921,195,87
20190922,203,85
20190923,209,156
20190924,206,149
20190925,198,128
20190926,216,142
20190927,235,129
20190928,228,153
20190929,212,144
20190930,251,161
20191001,245,176
20191002,246,147
20191003,164,111
20191004,167,80
20191005,187,103
20191006,163,94
20191007,151,90
20191008,150,52
20191009,204,84
20191010,166,117
20191011,153,104
20191012,215,107
20191013,226,124
20191014,211,126
20191015,233,124
20191016,190,129
20191017,185,114
20191018,210,111
20191019,224,120
20191020,243,145
20191021,246,155
20191022,240,136
20191023,217,130
20191024,220,106
20191025,215,106
20191026,200,105
20191027,190,96
20191028,194,101
20191029,141,80
20191030,92,75
20191031,80,60
20191101,97,44
20191102,114,69
20191103,205,109
20191104,172,109
20191105,175,97
20191106,149,101
20191107,135,85
20191108,108,53
20191109,136,95
20191110,103,70
20191111,86,50
20191112,106,77
20191113,114,82
20191114,106,65
20191115,121,83
20191116,125,108
20191117,160,107
20191118,154,98
20191119,137,88
20191120,106,75
20191121,128,73
20191122,119,74
20191123,118,73
20191124,107,60
20191125,77,53
20191126,83,50
20191127,99,59
20191128,133,94
20191129,142,89
20191130,128,41
20191201,65,16
20191202,60,28
20191203,45,-2
20191204,19,-9
20191205,27,-4
20191206,28,-9
20191207,36,5
20191208,45,5
20191209,103,34
20191210,88,45
20191211,48,-10
20191212,25,15
20191213,55,6
20191214,83,33
20191215,95,6
20191216,140,83
20191217,177,121
20191218,169,112
20191219,142,90
20191220,130,76
20191221,145,110
20191222,124,68
20191223,114,62
20191224,105,35
20191225,114,27
20191226,95,40
20191227,77,32
20191228,60,18
20191229,31,0
20191230,29,-27
20191231,31,-29
20210101,75,0
20210102,85,54
20210103,72,48
20210104,70,48
20210105,65,48
20210106,67,35
20210107,64,0
20210108,38,21
20210109,38,12
20210110,15,0
20210111,31,-6
20210112,20,-25
20210113,45,-25
20210114,39,-25
20210115,38,-47
20210116,0,-25
20210117,-10,-44
20210118,19,-27
20210119,59,-41
20210120,112,41
20210121,129,70
20210122,153,90
20210123,122,75
20210124,80,24
20210125,34,8
20210126,49,-8
20210127,56,-20
20210128,49,-16
20210129,83,40
20210130,92,15
20210131,78,2
20210201,38,-4
20210202,19,-9
20210203,125,-4
20210204,173,103
20210205,163,93
20210206,162,99
20210207,141,81
20210208,120,40
20210209,77,38
20210210,78,36
20210211,73,-30
20210212,-8,-57
20210213,-9,-65
20210214,34,-27
20210215,52,-56
20210216,93,-8
20210217,100,18
20210218,84,5
20210219,155,30
20210220,166,96
20210221,169,56
20210222,177,59
20210223,196,73
20210224,185,57
20210225,194,57
20210226,208,50
20210227,146,63
20210228,125,37
20210301,137,12
20210302,142,20
20210303,169,10
20210304,182,40
20210305,166,30
20210306,86,5
20210307,92,-21
20210308,126,-14
20210309,100,23
20210310,106,6
20210311,127,6
20210312,135,86
20210313,153,69
20210314,125,40
20210315,117,40
20210316,123,40
20210317,112,18
20210318,84,33
20210319,87,-4
20210320,74,-6
20210321,90,-12
20210322,96,24
20210323,125,30
20210324,145,63
20210325,164,25
20210326,206,39
20210327,180,75
20210328,135,92
20210329,206,52
20210330,237,109
20210331,236,102
20210401,262,104
20210402,235,135
20210403,137,63
20210404,120,55
20210405,170,11
20210406,112,1
20210407,82,-14
20210408,145,-8
20210409,166,20
20210410,177,65
20210411,156,99
20210412,154,120
20210413,122,38
20210414,94,30
20210415,124,8
20210416,112,18
20210417,104,68
20210418,101,60
20210419,111,66
20210420,143,72
20210421,194,52
20210422,215,75
20210423,185,86
20210424,197,67
20210425,227,75
20210426,150,86
20210427,94,71
20210428,116,83
20210429,207,96
20210430,240,136
20210501,242,150
20210502,222,124
20210503,148,85
20210504,224,59
20210505,205,106
20210506,137,72
20210507,128,81
20210508,175,60
20210509,242,75
20210510,278,113
20210511,288,130
20210512,230,145
20210513,172,127
20210514,209,125
20210515,216,115
20210516,186,126
20210517,165,120
20210518,230,85
20210519,150,106
20210520,204,103
20210521,234,84
20210522,225,91
20210523,244,120
20210524,151,94
20210525,200,111
20210526,220,92
20210527,246,113
20210528,216,105
20210529,206,95
20210530,180,91
20210531,207,111
20210601,220,120
20210602,246,115
20210603,264,144
20210604,278,168
20210605,296,178
20210606,242,195
20210607,274,178
20210608,289,165
20210609,294,166
20210610,268,206
20210611,266,180
20210612,283,154
20210613,250,185
20210614,239,127
20210615,277,134
20210616,304,166
20210617,318,177
20210618,328,196
20210619,338,207
20210620,341,219
20210621,353,225
20210622,352,229
20210623,362,214
20210624,365,240
20210625,346,238
20210626,312,199
20210627,325,207
20210628,353,207
20210629,370,213
20210630,345,227
20210701,277,182
20210702,278,150
20210703,300,163
20210704,280,204
20210705,259,188
20210706,322,175
20210707,369,209
20210708,369,233
20210709,349,237
20210710,309,210
20210711,307,208
20210712,316,202
20210713,354,213
20210714,303,213
20210715,290,183
20210716,295,204
20210717,266,183
20210718,266,205
20210719,272,228
20210720,285,182
20210721,282,171
20210722,290,167
20210723,297,185
20210724,317,176
20210725,329,208
20210726,323,207
20210727,330,221
20210728,345,218
20210729,329,212
20210730,348,213
20210731,313,226
20210801,334,224
20210802,262,187
20210803,294,184
20210804,306,180
20210805,246,183
20210806,300,167
20210807,327,187
20210808,334,201
20210809,317,204
20210810,338,200
20210811,348,224
20210812,344,210
20210813,353,219
20210814,366,228
20210815,384,224
20210816,360,220
20210817,292,179
20210818,270,169
20210819,280,150
20210820,305,161
20210821,324,173
20210822,336,170
20210823,268,173
20210824,267,136
20210825,223,157
20210826,273,119
20210827,216,136
20210828,202,124
20210829,184,136
20210830,259,104
20210831,273,137
20210901,250,140
20210902,257,129
20210903,275,131
20210904,280,134
20210905,285,144
20210906,284,155
20210907,282,141
20210908,282,146
20210909,281,134
20210910,290,136
20210911,298,141
20210912,304,148
20210913,307,155
20210914,317,160
20210915,325,160
20210916,283,200
20210917,221,155
20210918,224,129
20210919,214,127
20210920,174,108
20210921,195,105
20210922,195,93
20210923,215,90
20210924,263,109
20210925,265,136
20210926,282,147
20210927,250,164
20210928,260,151
20210929,250,146
20210930,185,130
20211001,175,88
20211002,190,128
20211003,259,105
20211004,269,132
20211005,264,140
20211006,198,124
20211007,124,113
20211008,130,103
20211009,120,92
20211010,108,73
20211011,116,76
20211012,146,58
20211013,135,53
20211014,137,35
20211015,135,54
20211016,160,42
20211017,169,49
20211018,170,50
20211019,166,55
20211020,201,63
20211021,188,134
20211022,162,126
20211023,132,92
20211024,140,44
20211025,139,26
20211026,124,33
20211027,148,49
20211028,126,32
20211029,122,27
20211030,89,17
20211031,106,40
20211101,145,39
20211102,138,79
20211103,132,59
20211104,178,107
20211105,109,80
20211106,120,80
20211107,122,77
20211108,99,76
20211109,110,49
20211110,97,40
20211111,70,40
20211112,61,49
20211113,101,50
20211114,84,70
20211115,88,62
20211116,78,62
20211117,91,67
20211118,118,60
20211119,108,19
20211120,130,30
20211121,72,10
20211122,74,17
20211123,106,34
20211124,72,-9
20211125,74,38
20211126,60,40
20211127,62,26
20211128,75,45
20211129,64,13
20211130,56,-21
20211201,120,47
20211202,103,37
20211203,83,23
20211204,50,-17
20211205,65,27
20211206,69,24
20211207,50,-18
20211208,37,-32
20211209,40,10
20211210,34,1
20211211,54,20
20211212,68,-2
20211213,50,-3
20211214,87,37
20211215,79,56
20211216,93,55
20211217,90,16
20211218,87,3
20211219,100,-1
20211220,76,4
20211221,42,-1
20211222,45,4
20211223,33,-14
20211224,118,30
20211225,118,74
20211226,107,7
20211227,12,3
20211228,34,2
20211229,87,25
20211230,90,52
20211231,90,32
20220101,125,19
20220102,120,20
20220103,130,54
20220104,137,69
20220105,159,48
20220106,48,17
20220107,46,-14
20220108,25,-41
20220109,5,-48
20220110,32,-3
20220111,43,-1
20220112,28,-20
20220113,38,-46
20220114,103,-28
20220115,86,-3
20220116,69,-23
20220117,82,4
20220118,85,19
20220119,70,-10
20220120,48,9
20220121,44,-8
20220122,65,-21
20220123,27,7
20220124,21,-29
20220125,33,-56
20220126,50,-30
20220127,53,-23
20220128,95,7
20220129,67,-2
20220130,135,30
20220131,66,19
20220201,75,1
20220202,124,2
20220203,96,5
20220204,145,30
20220205,119,43
20220206,125,8
20220207,116,62
20220208,115,10
20220209,159,15
20220210,148,9
20220211,137,59
20220212,88,29
20220213,96,-10
20220214,102,-13
20220215,118,45
20220216,109,52
20220217,140,49
20220218,163,49
20220219,126,66
20220220,72,46
20220221,102,50
20220222,121,33
20220223,155,13
20220224,174,17
20220225,102,25
20220226,77,15
20220227,66,29
20220228,66,25
20220301,70,8
20220302,110,-13
20220303,126,-21
20220304,97,2
20220305,76,9
20220306,73,15
20220307,58,3
20220308,87,-12
20220309,125,-13
20220310,105,11
20220311,84,-23
20220312,91,-37
20220313,138,-33
20220314,167,2
20220315,132,26
20220316,169,96
20220317,167,62
20220318,125,54
20220319,138,14
20220320,127,29
20220321,148,4
20220322,185,7
20220323,225,28
20220324,246,36
20220325,224,66
20220326,227,63
20220327,230,65
20220328,240,79
20220329,217,86
20220330,157,103
20220331,123,100
20220401,129,85
20220402,94,19
20220403,87,18
20220404,133,28
20220405,195,40
20220406,222,69
20220407,210,100
20220408,208,114
20220409,187,45
20220410,144,35
20220411,182,25
20220412,227,49
20220413,233,79
20220414,250,102
20220415,234,98
20220416,172,89
20220417,137,66
20220418,157,49
20220419,125,59
20220420,135,52
20220421,169,31
20220422,142,96
20220423,184,103
20220424,214,102
20220425,221,82
20220426,222,105
20220427,154,100
20220428,201,84
20220429,219,121
20220430,227,85
20220501,228,125
20220502,227,122
20220503,236,102
20220504,263,104
20220505,236,131
20220506,200,159
20220507,190,144
20220508,232,137
20220509,256,135
20220510,264,130
20220511,296,136
20220512,320,170
20220513,288,187
20220514,261,166
20220515,291,152
20220516,309,162
20220517,275,184
20220518,250,162
20220519,268,108
20220520,314,129
20220521,309,192
20220522,279,193
20220523,264,196
20220524,302,174
20220525,308,178
20220526,278,165
20220527,307,187
20220528,248,129
20220529,130,105
20220530,145,105
20220531,217,125
20220601,274,147
20220602,292,170
20220603,293,170
20220604,322,196
20220605,317,213
20220606,290,182
20220607,294,176
20220608,235,161
20220609,207,172
20220610,235,165
20220611,280,205
20220612,295,175
20220613,305,176
20220614,265,171
20220615,287,165
20220616,307,190
20220617,286,181
20220618,290,188
20220619,308,170
20220620,333,183
20220621,303,216
20220622,286,197
20220623,297,217
20220624,326,203
20220625,297,212
20220626,337,197
20220627,351,217
20220628,355,244
20220629,359,250
20220630,343,219
20220701,359,223
20220702,305,194
20220703,341,197
20220704,357,208
20220705,300,205
20220706,315,200
20220707,287,171
20220708,245,166
20220709,269,150
20220710,276,186
20220711,250,151
20220712,266,176
20220713,317,157
20220714,339,178
20220715,303,196
20220716,308,196
20220717,302,207
20220718,317,176
20220719,335,183
20220720,346,194
20220721,365,200
20220722,373,220
20220723,391,228
20220724,324,208
20220725,351,217
20220726,290,217
20220727,308,196
20220728,323,195
20220729,343,200
20220730,270,202
20220731,300,174
20220801,338,191
20220802,297,210
20220803,341,193
20220804,357,203
20220805,374,209
20220806,329,226
20220807,299,198
20220808,278,223
20220809,298,181
20220810,274,218
20220811,308,173
20220812,284,194
20220813,243,169
20220814,314,168
20220815,335,180
20220816,311,204
20220817,361,205
20220818,356,215
20220819,318,220
20220820,287,194
20220821,268,193
20220822,216,180
20220823,213,166
20220824,283,189
20220825,309,215
20220826,324,203
20220827,332,210
20220828,311,195
20220829,286,204
20220830,302,180
20220831,283,179
20220901,216,165
20220902,244,150
20220903,260,136
20220904,298,176
20220905,285,169
20220906,326,184
20220907,318,190
20220908,274,182
20220909,257,195
20220910,264,164
20220911,262,135
20220912,262,133
20220913,290,138
20220914,274,173
20220915,274,180
20220916,187,138
20220917,142,101
20220918,202,64
20220919,185,116
20220920,209,78
20220921,185,84
20220922,183,72
20220923,200,68
20220924,204,75
20220925,198,135
20220926,188,146
20220927,207,121
20220928,163,110
20220929,162,134
20220930,217,127
20221001,232,149
20221002,232,120
20221003,227,134
20221004,207,94
20221005,214,86
20221006,218,110
20221007,224,113
20221008,203,113
20221009,199,124
20221010,188,124
20221011,204,105
20221012,190,107
20221013,200,101
20221014,202,110
20221015,162,97
20221016,209,106
20221017,219,110
20221018,216,102
20221019,193,111
20221020,175,115
20221021,172,89
20221022,207,149
20221023,217,119
20221024,231,161
20221025,192,142
20221026,164,114
20221027,162,124
20221028,142,112
20221029,145,110
20221030,159,105
20221031,167,91
20221101,203,98
20221102,198,112
20221103,190,134
20221104,164,113
20221105,121,99
20221106,120,96
20221107,159,88
20221108,147,52
20221109,192,78
20221110,145,112
20221111,142,72
20221112,113,66
20221113,126,68
20221114,92,75
20221115,104,75
20221116,105,84
20221117,95,58
20221118,113,87
20221119,95,50
20221120,56,44
20221121,55,16
20221122,69,42
20221123,63,32
20221124,114,11
20221125,66,15
20221126,89,20
20221127,114,40
20221128,60,35
20221129,47,32
20221130,47,30
20221201,54,35
20221202,53,28
20221203,49,35
20221204,47,37
20221205,60,36
20221206,81,37
20221207,55,34
20221208,56,42
20221209,70,49
20221210,72,26
20221211,40,3
20221212,29,-19
20221213,2,-39
20221214,10,-3
20221215,38,3
20221216,55,29
20221217,44,17
20221218,44,-7
20221219,2,-26
20221220,6,-11
20221221,48,3
20221222,92,20
20221223,146,39
20221224,134,89
20221225,114,65
20221226,155,62
20221227,133,83
20221228,104,45
20221229,126,25
20221230,118,92
20221231,175,87
20230101,176,90
20230102,170,87
20230103,133,98
20230104,123,76
20230105,125,41
20230106,134,45
20230107,119,24
20230108,147,53
20230109,123,55
20230110,109,46
20230111,87,6
20230112,94,32
20230113,84,20
20230114,119,50
20230115,97,7
20230116,99,21
20230117,62,20
20230118,65,29
20230119,62,11
20230120,22,-2
20230121,28,-10
20230122,29,11
20230123,53,11
20230124,54,38
20230125,42,32
20230126,38,17
20230127,36,4
20230128,27,0
20230129,30,15
20230130,53,-23
20230131,112,-18
20230201,107,-4
20230202,99,0
20230203,99,23
20230204,106,20
20230205,43,-11
20230206,27,-38
20230207,22,-60
20230208,13,-45
20230209,50,-25
20230210,50,-55
20230211,70,-50
20230212,107,9
20230213,124,15
20230214,116,-1
20230215,108,-4
20230216,134,-4
20230217,174,44
20230218,147,79
20230219,160,95
20230220,162,50
20230221,180,94
20230222,163,46
20230223,131,66
20230224,158,70
20230225,130,35
20230226,35,2
20230227,35,6
20230228,45,5
20230301,50,20
20230302,59,48
20230303,92,44
20230304,119,4
20230305,108,26
20230306,106,27
20230307,138,54
20230308,156,77
20230309,192,121
20230310,162,82
20230311,120,67
20230312,106,22
20230313,195,19
20230314,217,108
20230315,130,60
20230316,115,15
20230317,133,4
20230318,180,34
20230319,199,44
20230320,153,99
20230321,193,67
20230322,218,71
20230323,228,79
20230324,221,99
20230325,155,84
20230326,177,52
20230327,134,50
20230328,117,15
20230329,133,19
20230330,173,92
20230331,165,119
20230401,186,85
20230402,181,79
20230403,101,47
20230404,73,19
20230405,92,7
20230406,128,9
20230407,159,20
20230408,124,60
20230409,106,55
20230410,165,19
20230411,170,39
20230412,177,67
20230413,132,86
20230414,112,59
20230415,126,69
20230416,121,77
20230417,157,95
20230418,148,116
20230419,174,97
20230420,185,92
20230421,201,86
20230422,222,85
20230423,227,95
20230424,175,112
20230425,184,98
20230426,165,77
20230427,187,87
20230428,189,93
20230429,234,117
20230430,198,114
20230501,214,90
20230502,180,133
20230503,164,126
20230504,214,123
20230505,233,102
20230506,257,120
20230507,260,144
20230508,174,106
20230509,179,109
20230510,176,118
20230511,140,108
20230512,135,115
20230513,172,107
20230514,139,124
20230515,194,118
20230516,162,125
20230517,140,116
20230518,152,109
20230519,167,109
20230520,238,130
20230521,259,174
20230522,265,153
20230523,280,147
20230524,222,165
20230525,244,154
20230526,255,156
20230527,224,164
20230528,250,145
20230529,242,149
20230530,224,159
20230531,197,154
20230601,263,158
20230602,271,154
20230603,229,161
20230604,260,176
20230605,188,163
20230606,219,166
20230607,234,163
20230608,238,162
20230609,250,152
20230610,252,158
20230611,235,186
20230612,239,167
20230613,240,139
20230614,250,142
20230615,250,163
20230616,260,144
20230617,263,163
20230618,296,155
20230619,314,174
20230620,314,206
20230621,339,214
20230622,337,228
20230623,337,185
20230624,237,176
20230625,271,168
20230626,292,172
20230627,270,169
20230628,224,159
20230629,265,146
20230630,290,158
20230701,268,198
20230702,277,184
20230703,281,202
20230704,259,184
20230705,289,178
20230706,270,195
20230707,277,200
20230708,300,170
20230709,317,189
20230710,338,207
20230711,347,225
20230712,319,208
20230713,293,194
20230714,290,173
20230715,337,195
20230716,342,221
20230717,358,230
20230718,330,234
20230719,337,170
20230720,308,190
20230721,279,183
20230722,265,187
20230723,267,166
20230724,319,194
20230725,271,204
20230726,234,162
20230727,240,132
20230728,288,152
20230729,304,187
20230730,270,190
20230731,265,177
20230801,296,181
20230802,270,161
20230803,300,200
20230804,237,174
20230805,190,168
20230806,207,162
20230807,235,143
20230808,237,126
20230809,235,139
20230810,234,142
20230811,259,153
20230812,273,150
20230813,287,154
20230814,298,171
20230815,309,186
20230816,299,191
20230817,287,190
20230818,298,199
20230819,294,201
20230820,323,200
20230821,338,213
20230822,347,216
20230823,346,219
20230824,338,240
20230825,348,231
20230826,358,220
20230827,345,209
20230828,294,214
20230829,270,170
20230830,200,159
20230831,230,153
20230901,274,145
20230902,290,166
20230903,274,180
20230904,244,180
20230905,251,176
20230906,281,151
20230907,290,158
20230908,296,162
20230909,299,164
20230910,310,166
20230911,305,169
20230912,301,173
20230913,297,172
20230914,261,181
20230915,249,160
20230916,275,161
20230917,284,161
20230918,276,172
20230919,247,192
20230920,259,159
20230921,273,184
20230922,287,183
20230923,244,149
20230924,153,129
20230925,186,152
20230926,272,143
20230927,280,151
20230928,278,141
20230929,274,136
20230930,255,134
20231001,234,164
20231002,259,131
20231003,274,129
20231004,217,167
20231005,226,122
20231006,232,141
20231007,249,104
20231008,280,146
20231009,210,116
20231010,230,152
20231011,248,125
20231012,259,127
20231013,258,140
20231014,273,158
20231015,194,87
20231016,117,54
20231017,147,45
20231018,144,61
20231019,193,98
20231020,277,165
20231021,239,160
20231022,215,135
20231023,226,103
20231024,222,142
20231025,214,147
20231026,218,136
20231027,194,137
20231028,213,114
20231029,202,106
20231030,222,149
20231031,197,111
20231101,122,70
20231102,187,101
20231103,185,92
20231104,138,73
20231105,200,84
20231106,198,89
20231107,135,99
20231108,154,74
20231109,153,46
20231110,108,84
20231111,112,59
20231112,76,32
20231113,136,50
20231114,182,104
20231115,177,105
20231116,114,52
20231117,137,75
20231118,109,16
20231119,104,25
20231120,109,57
20231121,91,63
20231122,92,45
20231123,90,4
20231124,139,11
20231125,67,19
20231126,82,-16
20231127,65,-25
20231128,100,54
20231129,72,14
20231130,49,10
20231201,97,35
20231202,58,11
20231203,44,-9
20231204,24,-39
20231205,30,-10
20231206,40,17
20231207,88,12
20231208,37,-22
20231209,20,-2
20231210,38,2
20231211,90,10
20231212,93,40
20231213,95,77
20231214,107,56
20231215,107,37
20231216,77,27
20231217,77,-5
20231218,99,-3
20231219,109,-2
20231220,71,-12
20231221,95,18
20231222,106,52
20231223,96,25
20231224,78,23
20231225,147,75
20231226,162,92
20231227,135,47
20231228,145,42
20231229,149,74
20231230,157,82
20231231,155,68
