Date,TMax,TMin
19380101,-328,-408
19380102,-311,-389
19380103,-294,-391
19380104,-317,-390
19380105,-249,-357
19380106,-231,-272
19380107,-243,-334
19380108,-169,-251
19380109,-207,-313
19380110,-304,-367
19380111,-207,-321
19380112,-169,-252
19380113,-230,-341
19380114,-199,-244
19380115,-155,-199
19380116,-174,-273
19380117,-247,-379
19380118,-288,-394
19380119,-268,-364
19380120,-264,-374
19380121,-308,-348
19380122,-246,-361
19380123,-354,-484
19380124,-279,-446
19380125,-184,-299
19380126,-194,-312
19380127,-282,-379
19380128,-276,-365
19380129,-242,-345
19380130,-306,-436
19380131,-276,-429
19380201,-290,-379
19380202,-222,-344
19380203,-283,-423
19380204,-289,-408
19380205,-239,-316
19380206,-195,-317
19380207,-162,-247
19380208,-200,-334
19380209,-215,-347
19380210,-211,-330
19380211,-251,-383
19380212,-212,-351
19380213,-259,-413
19380214,-252,-414
19380215,-264,-425
19380216,-207,-272
19380217,-157,-276
19380218,-114,-258
19380219,-72,-240
19380220,-7,-129
19380221,-114,-295
19380222,-98,-312
19380223,-78,-281
19380224,-78,-246
19380225,-102,-289
19380226,-90,-252
19380227,-115,-230
19380228,-93,-163
19380301,-97,-211
19380302,-157,-370
19380303,-178,-410
19380304,-190,-355
19380305,-132,-383
19380306,-122,-400
19380307,-86,-279
19380308,-35,-274
19380309,-20,-296
19380310,-27,-260
19380311,-22,-271
19380312,16,-282
19380313,43,-254
19380314,13,-250
19380315,-8,-93
19380316,-9,-225
19380317,-30,-154
19380318,-55,-224
19380319,-44,-256
19380320,16,-187
19380321,40,-4
19380322,16,-127
19380323,-58,-296
19380324,-6,-270
19380325,-30,-206
19380326,-5,-73
19380327,55,-117
19380328,101,-37
19380329,121,-140
19380330,73,-142
19380331,74,-120
19380401,10,-46
19380402,72,-120
19380403,89,-24
19380404,92,-28
19380405,101,27
19380406,77,-12
19380407,64,10
19380408,55,15
19380409,39,-46
19380410,86,-45
19380411,108,-68
19380412,70,-13
19380413,90,-60
19380414,67,-16
19380415,78,16
19380416,25,-44
19380417,58,-65
19380418,33,-41
19380419,27,-44
19380420,68,-117
19380421,94,-33
19380422,75,-8
19380423,8,-70
19380424,25,-92
19380425,16,-35
19380426,47,-144
19380427,59,-16
19380428,9,-55
19380429,26,-95
19380430,44,-48
19380501,91,-60
19380502,84,-91
19380503,80,-22
19380504,111,-28
19380505,129,-63
19380506,145,-32
19380507,114,-23
19380508,126,4
19380509,156,-41
19380510,199,-22
19380511,177,-16
19380512,58,-47
19380513,79,-16
19380514,102,-49
19380515,132,-71
19380516,168,-54
19380517,177,-46
19380518,182,-29
19380519,208,-37
19380520,188,11
19380521,86,-26
19380522,59,33
19380523,88,22
19380524,154,3
19380525,142,42
19380526,98,13
19380527,106,-22
19380528,129,-53
19380529,143,-53
19380530,111,57
19380531,68,-27
19380601,38,-24
19380602,88,-3
19380603,81,21
19380604,66,-4
19380605,71,-12
19380606,88,3
19380607,125,-59
19380608,124,43
19380609,204,58
19380610,222,-8
19380611,222,14
19380612,300,54
19380613,304,72
19380614,285,147
19380615,179,95
19380616,251,103
19380617,261,58
19380618,278,102
19380619,255,102
19380620,283,72
19380621,282,54
19380622,260,130
19380623,170,49
19380624,210,107
19380625,227,102
19380626,245,66
19380627,254,67
19380628,188,92
19380629,204,2
19380630,237,-12
19380701,250,12
19380702,276,16
19380703,255,41
19380704,265,45
19380705,277,51
19380706,288,58
19380707,288,53
19380708,256,120
19380709,234,84
19380710,253,145
19380711,275,79
19380712,282,62
19380713,248,116
19380714,205,67
19380715,227,7
19380716,231,-3
19380717,216,95
19380718,260,32
19380719,274,17
19380720,257,91
19380721,212,133
19380722,203,72
19380723,156,90
19380724,209,18
19380725,226,23
19380726,211,49
19380727,193,4
19380728,235,-12
19380729,219,86
19380730,187,16
19380731,178,35
19380801,220,30
19380802,182,58
19380803,133,112
19380804,197,82
19380805,235,48
19380806,256,14
19380807,276,81
19380808,283,68
19380809,280,31
19380810,294,48
19380811,288,53
19380812,229,146
19380813,237,19
19380814,244,38
19380815,267,43
19380816,238,30
19380817,243,134
19380818,270,118
19380819,226,138
19380820,204,136
19380821,231,40
19380822,267,68
19380823,256,70
19380824,212,122
19380825,161,81
19380826,140,72
19380827,103,25
19380828,104,13
19380829,101,-27
19380830,109,13
19380831,141,56
19380901,138,-25
19380902,119,33
19380903,133,-10
19380904,181,38
19380905,91,39
19380906,98,16
19380907,102,5
19380908,86,26
19380909,155,24
19380910,145,-28
19380911,149,22
19380912,169,53
19380913,134,62
19380914,101,72
19380915,96,52
19380916,148,57
19380917,99,36
19380918,74,2
19380919,120,21
19380920,120,-37
19380921,86,-42
19380922,120,14
19380923,15,-64
19380924,39,7
19380925,44,-6
19380926,24,-18
19380927,20,-17
19380928,39,-7
19380929,54,12
19380930,69,25
19381001,85,27
19381002,49,-9
19381003,79,-9
19381004,46,-12
19381005,17,-15
19381006,-7,-42
19381007,-14,-74
19381008,-11,-96
19381009,-3,-51
19381010,10,-88
19381011,-47,-155
19381012,-4,-51
19381013,-25,-61
19381014,-49,-118
19381015,3,-67
19381016,5,-55
19381017,-29,-121
19381018,12,-34
19381019,37,-34
19381020,-17,-141
19381021,-21,-40
19381022,-32,-119
19381023,-79,-158
19381024,-65,-160
19381025,-81,-146
19381026,-74,-153
19381027,-66,-115
19381028,-74,-249
19381029,-153,-297
19381030,-110,-164
19381031,-94,-133
19381101,-124,-196
19381102,-137,-279
19381103,-184,-327
19381104,-192,-313
19381105,-171,-264
19381106,-231,-379
19381107,-142,-231
19381108,-78,-143
19381109,-31,-80
19381110,-33,-113
19381111,-27,-113
19381112,-3,-61
19381113,-11,-46
19381114,-41,-159
19381115,-124,-245
19381116,-211,-324
19381117,-267,-357
19381118,-262,-371
19381119,-170,-270
19381120,-145,-199
19381121,-196,-331
19381122,-211,-337
19381123,-164,-211
19381124,-162,-218
19381125,-162,-180
19381126,-129,-207
19381127,-202,-273
19381128,-202,-266
19381129,-193,-292
19381130,-189,-315
19381201,9999,-333
19381202,9999,-324
19381203,9999,-356
19381204,9999,-419
19381205,9999,-450
19381206,9999,-488
19381207,9999,-495
19381208,9999,-494
19381209,9999,-503
19381210,9999,-462
19381211,9999,-375
19381212,9999,-474
19381213,9999,-489
19381214,9999,-511
19381215,9999,-500
19381216,9999,-426
19381217,9999,-343
19381218,9999,-267
19381219,9999,-214
19381220,9999,-230
19381221,9999,-310
19381222,9999,-408
19381223,9999,-277
19381224,9999,-347
19381225,9999,-362
19381226,9999,-357
19381227,9999,-342
19381228,9999,-186
19381229,9999,-185
19381230,9999,-321
19381231,9999,-407
19390101,9999,-463
19390102,9999,-482
19390103,9999,-475
19390104,9999,-349
19390105,9999,-439
19390106,9999,-463
19390107,9999,-348
19390108,9999,-351
19390109,9999,-383
19390110,9999,-336
19390111,9999,-344
19390112,9999,-277
19390113,9999,-225
19390114,9999,-239
19390115,9999,-423
19390116,9999,-472
19390117,9999,-501
19390118,9999,-478
19390119,9999,-396
19390120,9999,-294
19390121,9999,-238
19390122,9999,-268
19390123,9999,-230
19390124,9999,-274
19390125,9999,-321
19390126,9999,-417
19390127,9999,-487
19390128,9999,-419
19390129,9999,-483
19390130,9999,-392
19390131,9999,-265
19390201,-226,-361
19390202,-252,-397
19390203,-244,-394
19390204,-204,-346
19390205,-139,-320
19390206,-86,-169
19390207,-169,-375
19390208,-132,-286
19390209,-183,-293
19390210,-130,-245
19390211,-180,-282
19390212,-85,-227
19390213,-54,-104
19390214,-68,-192
19390215,-74,-245
19390216,-75,-274
19390217,-112,-284
19390218,-35,-172
19390219,-27,-95
19390220,-39,-130
19390221,-57,-103
19390222,-79,-207
19390223,-96,-230
19390224,-84,-243
19390225,-109,-266
19390226,-91,-177
19390227,-110,-359
19390228,-120,-280
19390301,-129,-223
19390302,-76,-261
19390303,-53,-139
19390304,-86,-244
19390305,-76,-194
19390306,-187,-321
19390307,-171,-402
19390308,-119,-276
19390309,-111,-306
19390310,-135,-265
19390311,-142,-353
19390312,-113,-277
19390313,-55,-285
19390314,-20,-100
19390315,12,-44
19390316,18,-123
19390317,-28,-244
19390318,19,-108
19390319,3,-134
19390320,-4,-70
19390321,17,-221
19390322,42,-267
19390323,76,-207
19390324,60,-220
19390325,84,-180
19390326,51,-208
19390327,75,-219
19390328,51,-200
19390329,-8,-170
19390330,-36,-173
19390331,1,-241
19390401,16,-262
19390402,19,-161
19390403,52,-27
19390404,130,-89
19390405,85,-69
19390406,11,-111
19390407,3,-165
19390408,15,-133
19390409,35,-135
19390410,60,-3
19390411,66,-47
19390412,8,-145
19390413,69,-51
19390414,142,-101
19390415,114,-56
19390416,55,-69
19390417,144,-122
19390418,74,-16
19390419,75,-54
19390420,72,-73
19390421,136,-61
19390422,90,-2
19390423,81,2
19390424,107,-29
19390425,214,-37
19390426,170,7
19390427,64,-43
19390428,36,-10
19390429,89,-42
19390430,143,-16
19390501,128,24
19390502,72,-30
19390503,43,-44
19390504,-25,-102
19390505,-37,-118
19390506,11,-172
19390507,81,-58
19390508,118,-53
19390509,100,-4
19390510,126,-49
19390511,145,18
19390512,122,-37
19390513,162,-26
19390514,159,6
19390515,116,-1
19390516,65,-29
19390517,108,-79
19390518,144,-46
19390519,126,28
19390520,130,-5
19390521,113,36
19390522,154,-38
19390523,149,-17
19390524,168,-28
19390525,143,58
19390526,84,25
19390527,76,13
19390528,110,-18
19390529,105,22
19390530,109,12
19390531,126,-38
19390601,214,51
19390602,191,22
19390603,230,-29
19390604,164,12
19390605,210,22
19390606,315,56
19390607,334,47
19390608,332,61
19390609,340,102
19390610,306,99
19390611,211,38
19390612,230,39
19390613,230,106
19390614,176,105
19390615,221,10
19390616,255,76
19390617,261,51
19390618,275,53
19390619,284,92
19390620,294,56
19390621,179,105
19390622,249,36
19390623,231,122
19390624,262,128
19390625,290,57
19390626,313,57
19390627,315,82
19390628,249,130
19390629,259,146
19390630,170,115
19390701,256,103
19390702,295,64
19390703,264,116
19390704,149,77
19390705,144,11
19390706,240,66
19390707,232,77
19390708,215,121
19390709,246,108
19390710,270,56
19390711,225,106
19390712,221,24
19390713,212,45
19390714,210,116
19390715,201,112
19390716,200,63
19390717,230,37
19390718,256,46
19390719,274,36
19390720,276,26
19390721,280,35
19390722,274,32
19390723,242,93
19390724,249,90
19390725,205,87
19390726,246,52
19390727,194,121
19390728,225,54
19390729,229,12
19390730,244,4
19390731,257,20
19390801,251,41
19390802,285,23
19390803,295,43
19390804,285,104
19390805,300,112
19390806,268,85
19390807,203,146
19390808,242,10
19390809,222,89
19390810,181,22
19390811,170,27
19390812,219,116
19390813,199,26
19390814,204,109
19390815,197,31
19390816,166,82
19390817,191,48
19390818,218,34
19390819,229,7
19390820,222,26
19390821,188,16
19390822,166,14
19390823,178,0
19390824,150,61
19390825,166,67
19390826,142,22
19390827,116,56
19390828,160,65
19390829,115,60
19390830,98,48
19390831,119,8
19390901,125,36
19390902,117,-29
19390903,126,28
19390904,87,-19
19390905,243,63
19390906,179,37
19390907,121,-9
19390908,63,29
19390909,80,-17
19390910,90,39
19390911,145,61
19390912,138,-6
19390913,146,-7
19390914,127,20
19390915,164,30
19390916,130,27
19390917,94,7
19390918,88,-59
19390919,88,27
19390920,45,-8
19390921,67,-33
19390922,64,-61
19390923,79,-22
19390924,119,56
19390925,184,26
19390926,155,-8
19390927,66,-61
19390928,203,-38
19390929,230,-42
19390930,94,-27
19391001,35,-26
19391002,5,-61
19391003,22,-24
19391004,40,-32
19391005,26,-48
19391006,25,-22
19391007,8,-30
19391008,25,-63
19391009,9,-26
19391010,6,-44
19391011,13,-147
19391012,1,-145
19391013,-5,-65
19391014,-4,-101
19391015,-16,-68
19391016,-23,-138
19391017,-25,-100
19391018,-50,-197
19391019,-24,-110
19391020,5,-80
19391021,35,-95
19391022,35,-76
19391023,-24,-124
19391024,-24,-139
19391025,-48,-89
19391026,-42,-83
19391027,-27,-70
19391028,0,-34
19391029,-4,-171
19391030,-83,-175
19391031,-42,-178
19391101,-139,-266
19391102,-16,-143
19391103,-47,-113
19391104,-80,-145
19391105,-136,-300
19391106,-208,-357
19391107,-125,-233
19391108,-51,-158
19391109,-44,-249
19391110,-220,-369
19391111,-259,-403
19391112,-170,-296
19391113,-173,-309
19391114,-110,-193
19391115,-109,-170
19391116,-127,-167
19391117,-122,-194
19391118,-133,-200
19391119,-164,-215
19391120,-206,-304
19391121,-235,-324
19391122,-276,-389
19391123,-321,-408
19391124,-246,-397
19391125,-224,-304
19391126,-227,-305
19391127,-93,-227
19391128,-88,-196
19391129,-96,-130
19391130,-119,-288
19391201,-110,-294
19391202,-66,-155
19391203,-77,-127
19391204,-122,-166
19391205,-109,-141
19391206,-110,-147
19391207,-137,-344
19391208,-256,-354
19391209,-250,-335
19391210,-307,-364
19391211,-196,-357
19391212,-193,-380
19391213,-200,-349
19391214,-280,-405
19391215,-142,-412
19391216,-105,-155
19391217,-143,-259
19391218,-158,-214
19391219,-136,-244
19391220,-29,-146
19391221,-40,-91
19391222,-81,-143
19391223,-14,-143
19391224,-30,-293
19391225,-158,-316
19391226,-126,-268
19391227,-25,-136
19391228,-29,-294
19391229,-197,-341
19391230,-217,-376
19391231,-156,-294
19400101,9999,-274
19400102,9999,-451
19400103,9999,-482
19400104,9999,-499
19400105,9999,-500
19400106,9999,-510
19400107,9999,-499
19400108,9999,-494
19400109,9999,-466
19400110,9999,-479
19400111,9999,-489
19400112,9999,-491
19400113,9999,-510
19400114,9999,-468
19400115,9999,-497
19400116,9999,-515
19400117,9999,-487
19400118,9999,-449
19400119,9999,-468
19400120,9999,-465
19400121,9999,-280
19400122,9999,-333
19400123,9999,-382
19400124,9999,-393
19400125,9999,-454
19400126,9999,-441
19400127,9999,-334
19400128,9999,-334
19400129,9999,-364
19400130,9999,-447
19400131,9999,-460
19400201,-327,-443
19400202,-236,-348
19400203,-238,-374
19400204,-258,-424
19400205,-218,-375
19400206,-169,-263
19400207,-120,-254
19400208,-241,-353
19400209,-305,-455
19400210,-301,-412
19400211,-252,-344
19400212,-275,-360
19400213,-282,-402
19400214,-315,-475
19400215,-288,-483
19400216,-240,-440
19400217,-162,-277
19400218,-151,-269
19400219,-51,-172
19400220,-46,-268
19400221,-40,-227
19400222,-164,-322
19400223,-147,-328
19400224,-87,-290
19400225,-92,-220
19400226,-95,-313
19400227,-66,-186
19400228,-14,-165
19400229,-14,-51
19400301,-30,-168
19400302,-5,-227
19400303,-45,-166
19400304,-72,-174
19400305,-82,-353
19400306,-127,-361
19400307,-73,-311
19400308,-46,-146
19400309,-89,-250
19400310,-84,-205
19400311,-92,-266
19400312,-132,-364
19400313,-99,-240
19400314,-44,-309
19400315,-35,-135
19400316,6,-196
19400317,-2,-65
19400318,-4,-149
19400319,19,-37
19400320,41,1
19400321,85,0
19400322,48,-26
19400323,-12,-210
19400324,-75,-346
19400325,-66,-334
19400326,-31,-102
19400327,-30,-158
19400328,11,-196
19400329,26,-241
19400330,3,-99
19400331,-37,-253
19400401,-7,-75
19400402,-2,-105
19400403,96,-112
19400404,73,-1
19400405,49,-43
19400406,16,-40
19400407,118,-26
19400408,92,-26
19400409,31,-97
19400410,-5,-212
19400411,33,-216
19400412,36,-56
19400413,44,-85
19400414,8,-175
19400415,45,-196
19400416,16,-152
19400417,47,-62
19400418,30,-1
19400419,51,3
19400420,6,-97
19400421,-33,-182
19400422,22,-135
19400423,62,-151
19400424,78,-107
19400425,121,-1
19400426,88,26
19400427,83,-105
19400428,85,6
19400429,53,-18
19400430,17,-55
19400501,29,-67
19400502,53,-27
19400503,51,0
19400504,66,11
19400505,40,-38
19400506,0,-63
19400507,46,-130
19400508,77,-48
19400509,59,-52
19400510,72,-64
19400511,128,-67
19400512,96,-6
19400513,62,12
19400514,119,5
19400515,143,-42
19400516,75,4
19400517,42,-30
19400518,99,11
19400519,47,-36
19400520,52,-13
19400521,62,-34
19400522,74,-21
19400523,104,34
19400524,96,-9
19400525,92,-6
19400526,170,-6
19400527,219,-24
19400528,246,7
19400529,231,36
19400530,193,52
19400531,247,-4
19400601,229,30
19400602,147,65
19400603,169,25
19400604,202,-27
19400605,243,-1
19400606,232,108
19400607,219,14
19400608,267,-4
19400609,252,63
19400610,204,94
19400611,210,20
19400612,223,45
19400613,243,8
19400614,292,52
19400615,285,110
19400616,244,64
19400617,217,113
19400618,148,-22
19400619,131,32
19400620,190,-10
19400621,241,80
19400622,229,124
19400623,206,92
19400624,227,90
19400625,238,66
19400626,231,59
19400627,172,54
19400628,216,112
19400629,210,112
19400630,246,107
19400701,267,43
19400702,294,61
19400703,282,131
19400704,333,115
19400705,305,156
19400706,228,155
19400707,251,97
19400708,208,68
19400709,199,52
19400710,154,87
19400711,187,76
19400712,157,42
19400713,151,92
19400714,139,55
19400715,143,82
19400716,141,34
19400717,206,85
19400718,218,11
19400719,202,91
19400720,253,142
19400721,248,144
19400722,194,90
19400723,241,26
19400724,241,82
19400725,225,62
19400726,269,43
19400727,263,79
19400728,219,33
19400729,261,11
19400730,258,17
19400731,272,54
19400801,267,46
19400802,263,45
19400803,245,17
19400804,209,37
19400805,252,90
19400806,259,110
19400807,222,92
19400808,231,145
19400809,243,52
19400810,201,105
19400811,225,118
19400812,210,68
19400813,186,65
19400814,183,63
19400815,150,12
19400816,150,4
19400817,107,7
19400818,164,-17
19400819,178,76
19400820,214,120
19400821,220,36
19400822,256,26
19400823,218,80
19400824,231,97
19400825,204,66
19400826,149,71
19400827,158,105
19400828,136,109
19400829,121,86
19400830,174,44
19400831,200,-2
19400901,170,57
19400902,191,13
19400903,165,85
19400904,151,92
19400905,140,83
19400906,173,58
19400907,198,16
19400908,190,-14
19400909,203,-1
19400910,190,0
19400911,177,-25
19400912,184,6
19400913,188,-21
19400914,203,2
19400915,136,-30
19400916,103,37
19400917,139,75
19400918,95,8
19400919,90,55
19400920,58,0
19400921,34,-5
19400922,33,-25
19400923,16,-40
19400924,11,-64
19400925,59,-129
19400926,13,-98
19400927,52,-13
19400928,-1,-61
19400929,59,-18
19400930,27,-3
19401001,30,-29
19401002,52,2
19401003,20,-5
19401004,13,-31
19401005,46,-5
19401006,56,9
19401007,49,16
19401008,18,-21
19401009,11,-43
19401010,3,-40
19401011,1,-38
19401012,-15,-55
19401013,-32,-68
19401014,-4,-62
19401015,-13,-77
19401016,-60,-98
19401017,-86,-153
19401018,-107,-249
19401019,-89,-177
19401020,-58,-191
19401021,-56,-176
19401022,-83,-270
19401023,-50,-120
19401024,7,-78
19401025,2,-185
19401026,-106,-229
19401027,-89,-250
19401028,-104,-226
19401029,-113,-236
19401030,-128,-288
19401031,-145,-269
19401101,-206,-385
19401102,-271,-409
19401103,-208,-355
19401104,-177,-305
19401105,-185,-341
19401106,-116,-255
19401107,-82,-185
19401108,-23,-187
19401109,-19,-151
19401110,-11,-101
19401111,-76,-125
19401112,-14,-83
19401113,-71,-133
19401114,-106,-245
19401115,-121,-244
19401116,-145,-276
19401117,-161,-278
19401118,-252,-360
19401119,-240,-385
19401120,-130,-249
19401121,-128,-161
19401122,-156,-246
19401123,-109,-202
19401124,-104,-163
19401125,-145,-207
19401126,-105,-160
19401127,-95,-353
19401128,-188,-372
19401129,-132,-249
19401130,-109,-162
19401201,9999,-258
19401202,9999,-310
19401203,9999,-369
19401204,9999,-307
19401205,9999,-391
19401206,9999,-412
19401207,9999,-308
19401208,9999,-256
19401209,9999,-406
19401210,9999,-462
19401211,9999,-444
19401212,9999,-480
19401213,9999,-477
19401214,9999,-473
19401215,9999,-480
19401216,9999,-457
19401217,9999,-391
19401218,9999,-320
19401219,9999,-394
19401220,9999,-447
19401221,9999,-458
19401222,9999,-437
19401223,9999,-304
19401224,9999,-152
19401225,9999,-218
19401226,9999,-261
19401227,9999,-336
19401228,9999,-265
19401229,9999,-335
19401230,9999,-394
19401231,9999,-422
19410101,-252,-346
19410102,-289,-421
19410103,-265,-315
19410104,-231,-423
19410105,-217,-305
19410106,-290,-428
19410107,-308,-448
19410108,-278,-354
19410109,-244,-324
19410110,-309,-457
19410111,-397,-469
19410112,-397,-477
19410113,-278,-422
19410114,-217,-293
19410115,-211,-317
19410116,-299,-406
19410117,-384,-473
19410118,-327,-466
19410119,-301,-379
19410120,-365,-473
19410121,-365,-469
19410122,-184,-365
19410123,-191,-312
19410124,-270,-372
19410125,-275,-361
19410126,-274,-363
19410127,-260,-369
19410128,-277,-386
19410129,-265,-373
19410130,-282,-399
19410131,-240,-348
19410201,-83,-249
19410202,-118,-328
19410203,-199,-307
19410204,-253,-376
19410205,-297,-458
19410206,-249,-383
19410207,-277,-435
19410208,-265,-441
19410209,-248,-425
19410210,-287,-421
19410211,-160,-305
19410212,-149,-189
19410213,-157,-282
19410214,-237,-403
19410215,-271,-394
19410216,-224,-388
19410217,-204,-259
19410218,-229,-414
19410219,-232,-418
19410220,-225,-422
19410221,-246,-431
19410222,-162,-264
19410223,-182,-371
19410224,-195,-433
19410225,-209,-441
19410226,-188,-429
19410227,-202,-434
19410228,-181,-422
19410301,-162,-415
19410302,-148,-346
19410303,-106,-178
19410304,-70,-145
19410305,-122,-378
19410306,-112,-330
19410307,-140,-256
19410308,-173,-254
19410309,-186,-347
19410310,-177,-409
19410311,-101,-269
19410312,-140,-291
19410313,-145,-417
19410314,-109,-348
19410315,-76,-289
19410316,-119,-227
19410317,-78,-155
19410318,-87,-288
19410319,-66,-341
19410320,-56,-300
19410321,-58,-311
19410322,-50,-300
19410323,-5,-196
19410324,-44,-128
19410325,-71,-298
19410326,-33,-225
19410327,-2,-263
19410328,13,-98
19410329,43,-215
19410330,70,-153
19410331,35,-113
19410401,-9,-117
19410402,-64,-263
19410403,-6,-259
19410404,13,-68
19410405,34,-41
19410406,42,-91
19410407,-62,-286
19410408,-64,-306
19410409,-28,-206
19410410,-1,-131
19410411,-7,-205
19410412,-14,-200
19410413,-14,-89
19410414,-5,-276
19410415,9,-179
19410416,3,-225
19410417,39,-266
19410418,51,-227
19410419,36,-194
19410420,64,-189
19410421,82,-165
19410422,67,6
19410423,50,-23
19410424,37,-167
19410425,7,-128
19410426,25,-190
19410427,64,-51
19410428,33,-99
19410429,52,-149
19410430,54,-92
19410501,58,-60
19410502,26,-122
19410503,48,-59
19410504,64,-120
19410505,66,-13
19410506,87,6
19410507,74,-68
19410508,77,-74
19410509,111,-45
19410510,107,-15
19410511,145,-13
19410512,175,-35
19410513,151,-1
19410514,43,-9
19410515,79,-3
19410516,132,-43
19410517,174,-42
19410518,143,15
19410519,144,15
19410520,145,-3
19410521,136,-16
19410522,169,-26
19410523,164,46
19410524,188,-24
19410525,189,42
19410526,168,13
19410527,185,52
19410528,158,76
19410529,215,55
19410530,215,76
19410531,243,22
19410601,200,96
19410602,151,67
19410603,227,24
19410604,218,114
19410605,252,26
19410606,268,46
19410607,244,48
19410608,252,117
19410609,225,39
19410610,189,23
19410611,225,55
19410612,227,6
19410613,266,103
19410614,268,64
19410615,148,51
19410616,138,54
19410617,201,9
19410618,266,50
19410619,215,102
19410620,246,47
19410621,213,111
19410622,155,51
19410623,173,-2
19410624,195,64
19410625,245,96
19410626,258,52
19410627,264,56
19410628,231,57
19410629,266,120
19410630,274,104
19410701,195,124
19410702,229,88
19410703,205,84
19410704,187,64
19410705,184,46
19410706,169,91
19410707,148,34
19410708,204,42
19410709,204,76
19410710,255,47
19410711,265,129
19410712,309,92
19410713,269,141
19410714,247,106
19410715,228,144
19410716,255,86
19410717,224,135
19410718,258,90
19410719,223,103
19410720,219,130
19410721,202,63
19410722,198,93
19410723,200,134
19410724,197,82
19410725,226,14
19410726,249,33
19410727,258,148
19410728,258,141
19410729,272,74
19410730,298,73
19410731,219,123
19410801,213,89
19410802,241,76
19410803,268,103
19410804,268,68
19410805,235,98
19410806,265,94
19410807,249,72
19410808,265,48
19410809,243,59
19410810,207,84
19410811,210,16
19410812,199,124
19410813,214,65
19410814,216,13
19410815,225,-17
19410816,239,-18
19410817,253,-3
19410818,245,-3
19410819,283,2
19410820,244,144
19410821,234,50
19410822,223,112
19410823,184,121
19410824,156,87
19410825,174,94
19410826,171,67
19410827,163,73
19410828,145,32
19410829,148,70
19410830,208,28
19410831,228,15
19410901,205,-2
19410902,203,-10
19410903,237,-2
19410904,242,9
19410905,222,11
19410906,173,3
19410907,167,114
19410908,147,58
19410909,128,72
19410910,179,78
19410911,146,73
19410912,118,49
19410913,82,-28
19410914,56,-10
19410915,54,-76
19410916,57,19
19410917,102,-13
19410918,167,43
19410919,209,-24
19410920,157,-39
19410921,207,61
19410922,223,-8
19410923,147,35
19410924,88,21
19410925,163,46
19410926,151,25
19410927,62,-20
19410928,55,6
19410929,95,9
19410930,103,38
19411001,66,-7
19411002,74,15
19411003,40,-46
19411004,39,-22
19411005,99,-73
19411006,53,-110
19411007,23,-68
19411008,32,-10
19411009,28,-25
19411010,41,-15
19411011,69,-18
19411012,68,-104
19411013,17,-87
19411014,27,-49
19411015,25,-113
19411016,12,-56
19411017,21,-24
19411018,-2,-101
19411019,-6,-155
19411020,10,-17
19411021,4,-63
19411022,-55,-182
19411023,-118,-266
19411024,-40,-168
19411025,-101,-246
19411026,14,-114
19411027,16,-39
19411028,-22,-142
19411029,45,-47
19411030,45,-14
19411031,13,-55
19411101,-38,-64
19411102,-22,-193
19411103,-153,-267
19411104,-100,-226
19411105,29,-102
19411106,10,-145
19411107,-42,-153
19411108,-119,-208
19411109,-183,-276
19411110,-145,-242
19411111,-99,-152
19411112,-136,-218
19411113,-98,-219
19411114,-159,-332
19411115,-252,-360
19411116,-204,-303
19411117,-297,-412
19411118,-210,-367
19411119,-137,-212
19411120,-145,-306
19411121,-289,-360
19411122,-359,-448
19411123,-323,-463
19411124,-317,-451
19411125,-450,-513
19411126,-269,-477
19411127,-64,-272
19411128,-135,-198
19411129,-116,-165
19411130,-99,9999
19411201,9999,-279
19411202,-207,-274
19411203,-207,-307
19411204,-213,-303
19411205,-140,-233
19411206,-167,-359
19411207,-345,-389
19411208,-344,-421
19411209,-293,-433
19411210,-273,-380
19411211,-376,-472
19411212,-279,-409
19411213,-312,-372
19411214,-235,-363
19411215,-188,-238
19411216,-202,-314
19411217,-292,-432
19411218,-363,-452
19411219,-451,-482
19411220,-452,-509
19411221,-445,-482
19411222,-435,-497
19411223,-396,-506
19411224,-324,-416
19411225,-206,-324
19411226,-251,-341
19411227,-203,-316
19411228,-174,-229
19411229,-109,-177
19411230,-123,-201
19411231,-105,-136
19420101,-82,-228
19420102,-220,-332
19420103,-204,-317
19420104,-266,-366
19420105,-266,-404
19420106,-260,-349
19420107,-308,-380
19420108,-327,-377
19420109,-243,-369
19420110,-244,-356
19420111,-355,-422
19420112,-294,-406
19420113,-334,-427
19420114,-390,-462
19420115,-200,-390
19420116,-160,-203
19420117,-193,-327
19420118,-155,-227
19420119,-155,-274
19420120,-160,-323
19420121,-208,-399
19420122,-183,-400
19420123,-135,-198
19420124,-135,-257
19420125,-200,-334
19420126,-123,-200
19420127,-145,-295
19420128,-204,-372
19420129,-145,-347
19420130,-337,-465
19420131,-340,-450
19420201,-313,-402
19420202,-321,-447
19420203,-352,-477
19420204,-260,-370
19420205,-221,-320
19420206,-251,-349
19420207,-275,-383
19420208,-296,-439
19420209,-301,-448
19420210,-317,-442
19420211,-274,-444
19420212,-300,-465
19420213,-253,-427
19420214,-264,-428
19420215,-283,-448
19420216,-274,-463
19420217,-243,-425
19420218,-263,-409
19420219,-155,-290
19420220,-165,-303
19420221,-196,-383
19420222,-127,-290
19420223,-143,-327
19420224,-83,-215
19420225,-174,-296
19420226,-261,-436
19420227,-231,-377
19420228,-206,-443
19420301,-140,-316
19420302,-173,-299
19420303,-218,-392
19420304,-207,-412
19420305,-221,-429
19420306,-63,-230
19420307,-73,-164
19420308,-88,-230
19420309,-62,-290
19420310,-73,-201
19420311,-125,-266
19420312,-130,-254
19420313,-106,-365
19420314,-128,-323
19420315,-126,-237
19420316,-129,-382
19420317,-55,-223
19420318,-60,-214
19420319,-95,-223
19420320,-121,-245
19420321,-146,-364
19420322,-155,-281
19420323,-127,-366
19420324,-87,-288
19420325,-77,-358
19420326,-34,-138
19420327,-14,-168
19420328,-2,-194
19420329,26,-108
19420330,-11,-147
19420331,-7,-97
19420401,-6,-272
19420402,-18,-281
19420403,-14,-261
19420404,-6,-100
19420405,20,-104
19420406,-6,-44
19420407,-10,-108
19420408,-15,-273
19420409,5,-192
19420410,-3,-41
19420411,1,-143
19420412,14,-140
19420413,25,-167
19420414,38,-125
19420415,38,-110
19420416,53,-72
19420417,34,-53
19420418,17,-119
19420419,31,-125
19420420,67,-53
19420421,54,7
19420422,29,-28
19420423,34,-169
19420424,38,-14
19420425,53,-2
19420426,56,-114
19420427,140,-26
19420428,56,-77
19420429,5,-107
19420430,-20,-261
19420501,12,-191
19420502,70,-28
19420503,58,-43
19420504,9,-94
19420505,3,-92
19420506,-11,-94
19420507,36,-168
19420508,88,-115
19420509,104,-101
19420510,92,-55
19420511,82,-55
19420512,118,-12
19420513,137,-13
19420514,168,-44
19420515,181,-41
19420516,180,-2
19420517,153,-33
19420518,89,18
19420519,48,-13
19420520,62,-31
19420521,75,-32
19420522,101,-58
19420523,136,24
19420524,183,13
19420525,158,-10
19420526,148,8
19420527,154,-20
19420528,165,-42
19420529,204,-21
19420530,182,74
19420531,183,12
19420601,160,57
19420602,183,21
19420603,205,49
19420604,221,7
19420605,195,9
19420606,188,96
19420607,214,118
19420608,212,51
19420609,171,57
19420610,194,-9
19420611,238,26
19420612,214,85
19420613,241,93
19420614,232,80
19420615,240,106
19420616,210,114
19420617,203,69
19420618,153,46
19420619,93,38
19420620,178,63
19420621,185,66
19420622,179,88
19420623,223,39
19420624,235,36
19420625,224,105
19420626,194,83
19420627,211,81
19420628,250,146
19420629,216,134
19420630,244,83
19420701,263,69
19420702,263,97
19420703,233,143
19420704,257,105
19420705,245,98
19420706,234,144
19420707,276,122
19420708,260,106
19420709,260,74
19420710,268,64
19420711,239,146
19420712,253,101
19420713,224,96
19420714,225,121
19420715,240,33
19420716,243,32
19420717,259,44
19420718,270,57
19420719,251,78
19420720,236,37
19420721,260,9
19420722,287,37
19420723,287,80
19420724,278,68
19420725,301,52
19420726,317,69
19420727,334,73
19420728,355,95
19420729,343,103
19420730,328,109
19420731,312,144
19420801,306,64
19420802,276,92
19420803,227,5
19420804,195,27
19420805,174,4
19420806,172,70
19420807,192,16
19420808,186,78
19420809,228,38
19420810,243,63
19420811,234,30
19420812,231,131
19420813,198,63
19420814,170,111
19420815,159,35
19420816,143,11
19420817,148,61
19420818,155,44
19420819,158,62
19420820,163,8
19420821,163,15
19420822,194,5
19420823,186,14
19420824,251,114
19420825,278,63
19420826,204,121
19420827,136,74
19420828,125,73
19420829,125,32
19420830,135,76
19420831,177,-15
19420901,215,80
19420902,233,91
19420903,216,50
19420904,156,12
19420905,183,-14
19420906,152,-32
19420907,113,13
19420908,115,-46
19420909,117,-1
19420910,186,47
19420911,205,23
19420912,199,-15
19420913,172,-25
19420914,128,23
19420915,147,79
19420916,138,43
19420917,115,-5
19420918,161,6
19420919,139,-16
19420920,125,-5
19420921,80,-41
19420922,126,13
19420923,157,-6
19420924,169,7
19420925,161,-28
19420926,152,-34
19420927,150,-54
19420928,102,-35
19420929,87,-104
19420930,85,-124
19421001,68,-102
19421002,44,-27
19421003,31,-3
19421004,20,-20
19421005,17,-23
19421006,22,-117
19421007,15,-55
19421008,25,-3
19421009,5,-67
19421010,-1,-94
19421011,-16,-76
19421012,-24,-64
19421013,-26,-60
19421014,-28,-118
19421015,-60,-134
19421016,-54,-162
19421017,-41,-108
19421018,-43,-137
19421019,-86,-210
19421020,-89,-159
19421021,-90,-136
19421022,-2,-99
19421023,33,-37
19421024,0,-36
19421025,-5,-101
19421026,-86,-166
19421027,-126,-275
19421028,-55,-130
19421029,-44,-116
19421030,-25,-106
19421031,-27,-85
19421101,-59,-156
19421102,-97,-183
19421103,-108,-224
19421104,-206,-342
19421105,-214,-363
19421106,-141,-290
19421107,-85,-148
19421108,-46,-260
19421109,-164,-268
19421110,-143,-219
19421111,-198,-383
19421112,-109,-288
19421113,-54,-123
19421114,-71,-103
19421115,-66,-258
19421116,-253,-363
19421117,-264,-349
19421118,-218,-295
19421119,-181,-234
19421120,-135,-201
19421121,-69,-149
19421122,-55,-297
19421123,-288,-380
19421124,-304,-380
19421125,-254,-379
19421126,-196,-319
19421127,-107,-198
19421128,-86,-121
19421129,-74,-176
19421130,-55,-84
19421201,-34,-65
19421202,-34,-153
19421203,-134,-174
19421204,-135,-179
19421205,-128,-200
19421206,-157,-263
19421207,-202,-297
19421208,-109,-215
19421209,-142,-370
19421210,-259,-368
19421211,-207,-291
19421212,-127,-213
19421213,-130,-309
19421214,-196,-303
19421215,-138,-197
19421216,-35,-147
19421217,-28,-228
19421218,-221,-394
19421219,-232,-352
19421220,-250,-339
19421221,-304,-371
19421222,-329,-403
19421223,-346,-472
19421224,-161,-374
19421225,-73,-190
19421226,-56,-107
19421227,-65,-121
19421228,-84,-204
19421229,-165,-309
19421230,-148,-221
19421231,-200,-301
19430101,-218,-308
19430102,-155,-223
19430103,-143,-283
19430104,-180,-287
19430105,-108,-182
19430106,-128,-275
19430107,-112,-216
19430108,-177,-299
19430109,-262,-446
19430110,-324,-380
19430111,-225,-347
19430112,-203,-263
19430113,-163,-247
19430114,-140,-249
19430115,-17,-149
19430116,-20,-291
19430117,-241,-373
19430118,-241,-361
19430119,-309,-421
19430120,-336,-460
19430121,-415,-474
19430122,-359,-484
19430123,-385,-454
19430124,-379,-461
19430125,-389,-467
19430126,-346,-465
19430127,-349,-463
19430128,-285,-458
19430129,-346,-461
19430130,-343,-442
19430131,-299,-432
19430201,-351,-439
19430202,-341,-443
19430203,-313,-412
19430204,-292,-393
19430205,-208,-301
19430206,-154,-244
19430207,-125,-229
19430208,-84,-213
19430209,-76,-124
19430210,-99,-218
19430211,-177,-315
19430212,-143,-269
19430213,-157,-278
19430214,-154,-283
19430215,-165,-339
19430216,-162,-306
19430217,-97,-190
19430218,-88,-271
19430219,-135,-340
19430220,-152,-316
19430221,-145,-338
19430222,-123,-304
19430223,-51,-182
19430224,-47,-124
19430225,-54,-167
19430226,-68,-251
19430227,-144,-327
19430228,-77,-239
19430301,-56,-122
19430302,-36,-214
19430303,-26,-214
19430304,-5,-84
19430305,25,-111
19430306,-33,-247
19430307,43,-198
19430308,-35,-206
19430309,-59,-256
19430310,-62,-112
19430311,-35,-84
19430312,-41,-133
19430313,-44,-100
19430314,-29,-113
19430315,-64,-310
19430316,-79,-277
19430317,-51,-291
19430318,-32,-203
19430319,-44,-134
19430320,-7,-164
19430321,-72,-253
19430322,-98,-246
19430323,-98,-375
19430324,-109,-354
19430325,-142,-328
19430326,-57,-311
19430327,-10,-301
19430328,-27,-166
19430329,-42,-111
19430330,-75,-318
19430331,-86,-260
19430401,-77,-196
19430402,-30,-270
19430403,-7,-257
19430404,34,-217
19430405,22,-226
19430406,36,-73
19430407,86,-46
19430408,61,-20
19430409,102,-159
19430410,122,-152
19430411,120,-128
19430412,112,-120
19430413,147,-121
19430414,171,-107
19430415,147,-80
19430416,94,-17
19430417,141,-54
19430418,64,-48
19430419,129,10
19430420,145,14
19430421,190,-15
19430422,166,-13
19430423,120,17
19430424,131,-3
19430425,34,-67
19430426,116,-40
19430427,72,19
19430428,124,-91
19430429,171,-68
19430430,126,-46
19430501,143,13
19430502,160,7
19430503,104,4
19430504,81,-23
19430505,136,-63
19430506,128,15
19430507,105,33
19430508,112,33
19430509,87,8
19430510,101,8
19430511,121,46
19430512,68,-30
19430513,42,-32
19430514,56,-15
19430515,115,-75
19430516,115,28
19430517,225,30
19430518,209,88
19430519,136,73
19430520,164,60
19430521,230,-18
19430522,219,9
19430523,95,12
19430524,162,-30
19430525,148,60
19430526,178,71
19430527,138,9
19430528,175,37
19430529,146,-5
19430530,107,-53
19430531,201,30
19430601,183,-34
19430602,185,76
19430603,160,84
19430604,135,37
19430605,122,34
19430606,124,11
19430607,191,7
19430608,134,60
19430609,117,36
19430610,122,-3
19430611,224,9
19430612,263,6
19430613,263,54
19430614,285,16
19430615,302,51
19430616,302,70
19430617,215,116
19430618,241,94
19430619,272,27
19430620,243,35
19430621,270,9
19430622,270,26
19430623,256,71
19430624,218,91
19430625,204,37
19430626,194,7
19430627,202,99
19430628,200,53
19430629,240,89
19430630,222,142
19430701,176,126
19430702,227,86
19430703,251,26
19430704,285,47
19430705,281,110
19430706,271,101
19430707,313,108
19430708,272,142
19430709,261,139
19430710,297,133
19430711,232,156
19430712,262,56
19430713,248,104
19430714,268,129
19430715,266,85
19430716,219,112
19430717,160,107
19430718,198,86
19430719,220,12
19430720,193,58
19430721,186,132
19430722,196,116
19430723,211,113
19430724,203,94
19430725,197,80
19430726,245,76
19430727,263,46
19430728,273,53
19430729,267,62
19430730,223,105
19430731,192,14
19430801,227,113
19430802,197,96
19430803,223,26
19430804,255,12
19430805,254,28
19430806,211,114
19430807,270,95
19430808,273,117
19430809,225,131
19430810,178,57
19430811,209,106
19430812,166,79
19430813,171,86
19430814,180,25
19430815,200,4
19430816,213,66
19430817,195,-2
19430818,189,5
19430819,168,35
19430820,197,46
19430821,193,-11
19430822,255,-18
19430823,260,27
19430824,262,-5
19430825,254,-11
19430826,275,-1
19430827,259,3
19430828,201,72
19430829,241,58
19430830,191,56
19430831,162,75
19430901,134,111
19430902,134,106
19430903,174,34
19430904,186,21
19430905,204,53
19430906,211,17
19430907,201,18
19430908,196,11
19430909,130,24
19430910,136,83
19430911,179,72
19430912,158,9
19430913,145,7
19430914,155,-12
19430915,143,28
19430916,165,28
19430917,80,11
19430918,72,-14
19430919,118,30
19430920,119,-4
19430921,150,27
19430922,146,-13
19430923,169,1
19430924,157,-30
19430925,114,-6
19430926,148,62
19430927,142,35
19430928,133,43
19430929,171,56
19430930,170,-11
19431001,171,-24
19431002,194,-28
19431003,108,41
19431004,61,-17
19431005,60,-5
19431006,67,11
19431007,79,21
19431008,99,23
19431009,34,-18
19431010,44,-3
19431011,70,-22
19431012,8,-104
19431013,6,-74
19431014,-8,-65
19431015,-10,-92
19431016,-2,-43
19431017,-24,-124
19431018,32,-61
19431019,4,-74
19431020,-41,-141
19431021,-13,-76
19431022,-19,-116
19431023,-93,-202
19431024,-66,-181
19431025,-48,-102
19431026,23,-64
19431027,26,-54
19431028,-41,-144
19431029,-66,-129
19431030,-64,-94
19431031,-77,-109
19431101,-95,-181
19431102,-118,-189
19431103,-127,-225
19431104,-215,-341
19431105,-165,-310
19431106,-156,-263
19431107,-232,-380
19431108,-147,-272
19431109,-82,-234
19431110,-165,-301
19431111,-103,-182
19431112,-74,-257
19431113,-197,-330
19431114,-212,-322
19431115,-230,-337
19431116,-127,-237
19431117,-172,-298
19431118,-95,-182
19431119,-47,-121
19431120,-22,-151
19431121,-55,-141
19431122,-97,-348
19431123,-174,-240
19431124,-182,-232
19431125,-200,-331
19431126,-232,-345
19431127,-242,-400
19431128,-242,-323
19431129,-315,-391
19431130,-330,-418
19431201,-227,-390
19431202,-136,-240
19431203,-127,-198
19431204,-130,-166
19431205,-138,-261
19431206,-252,-386
19431207,-187,-316
19431208,-115,-201
19431209,-106,-218
19431210,-96,-146
19431211,-109,-193
19431212,-112,-304
19431213,-255,-382
19431214,-353,-407
19431215,-262,-357
19431216,-304,-395
19431217,-203,-405
19431218,-175,-264
19431219,-217,-381
19431220,-373,-456
19431221,-413,-461
19431222,-357,-454
19431223,-333,-420
19431224,-215,-368
19431225,-200,-282
19431226,-51,-208
19431227,-87,-181
19431228,-137,-348
19431229,-297,-428
19431230,-277,-379
19431231,-225,-286
19440101,-225,-358
19440102,-268,-356
19440103,-217,-354
19440104,-138,-254
19440105,-217,-285
19440106,-147,-282
19440107,-112,-180
19440108,-120,-264
19440109,-230,-323
19440110,-138,-241
19440111,-138,-229
19440112,-120,-157
19440113,-77,-131
19440114,-56,-97
19440115,-71,-263
19440116,-154,-275
19440117,-154,-320
19440118,-190,-322
19440119,-180,-327
19440120,-167,-231
19440121,-157,-232
19440122,-143,-185
19440123,-177,-262
19440124,-247,-360
19440125,-269,-356
19440126,-297,-399
19440127,-313,-396
19440128,-337,-418
19440129,-327,-420
19440130,-327,-428
19440131,-202,-370
19440201,-174,-254
19440202,-157,-272
19440203,-253,-357
19440204,-202,-330
19440205,-200,-333
19440206,-202,-328
19440207,-197,-270
19440208,-262,-373
19440209,-222,-366
19440210,-243,-434
19440211,-269,-410
19440212,-268,-414
19440213,-151,-274
19440214,-142,-219
19440215,-127,-186
19440216,-107,-246
19440217,-146,-329
19440218,-56,-162
19440219,-45,-96
19440220,-66,-114
19440221,-65,-156
19440222,-77,-259
19440223,-114,-294
19440224,-116,-296
19440225,-49,-216
19440226,-41,-226
19440227,-13,-233
19440228,-39,-150
19440229,-25,-157
19440301,-52,-159
19440302,-97,-294
19440303,-102,-283
19440304,-102,-303
19440305,-153,-359
19440306,-156,-372
19440307,-138,-312
19440308,-86,-231
19440309,-45,-183
19440310,-67,-245
19440311,-51,-280
19440312,-49,-277
19440313,-97,-321
19440314,-80,-324
19440315,-52,-348
19440316,-9,-135
19440317,-25,-87
19440318,-23,-260
19440319,-1,-106
19440320,-1,-105
19440321,-21,-158
19440322,-3,-149
19440323,35,-54
19440324,5,-157
19440325,-61,-242
19440326,-33,-266
19440327,-12,-72
19440328,-2,-146
19440329,-1,-131
19440330,33,-99
19440331,49,-232
19440401,14,-217
19440402,34,-223
19440403,40,-241
19440404,33,-211
19440405,58,-166
19440406,62,-232
19440407,79,-151
19440408,112,-117
19440409,88,2
19440410,62,-172
19440411,97,-182
19440412,128,-114
19440413,135,-64
19440414,124,-34
19440415,65,6
19440416,46,-127
19440417,69,-164
19440418,46,-44
19440419,55,-53
19440420,76,-16
19440421,74,-27
19440422,8,-54
19440423,53,-156
19440424,84,-88
19440425,67,-27
19440426,42,-45
19440427,12,-31
19440428,74,-27
19440429,29,-24
19440430,-10,-141
19440501,15,-234
19440502,55,-119
19440503,45,-44
19440504,59,0
19440505,52,-41
19440506,47,-47
19440507,97,-101
19440508,140,-51
19440509,105,11
19440510,94,7
19440511,17,-48
19440512,147,-36
19440513,154,-10
19440514,183,-28
19440515,172,-25
19440516,139,-3
19440517,76,14
19440518,90,-16
19440519,174,16
19440520,96,16
19440521,78,-3
19440522,77,-12
19440523,108,10
19440524,97,24
19440525,85,-13
19440526,94,-11
19440527,94,-28
19440528,75,17
19440529,128,-7
19440530,170,-43
19440531,190,49
19440601,252,52
19440602,195,26
19440603,193,15
19440604,245,2
19440605,228,43
19440606,185,73
19440607,213,77
19440608,188,94
19440609,225,9
19440610,207,71
19440611,190,75
19440612,161,67
19440613,136,-8
19440614,125,44
19440615,156,25
19440616,113,38
19440617,132,17
19440618,106,18
19440619,141,11
19440620,150,17
19440621,145,29
19440622,173,51
19440623,248,-3
19440624,284,40
19440625,311,44
19440626,292,76
19440627,244,93
19440628,248,68
19440629,315,22
19440630,330,64
19440701,223,120
19440702,182,90
19440703,202,31
19440704,234,7
19440705,257,9
19440706,253,38
19440707,235,102
19440708,179,87
19440709,182,100
19440710,199,22
19440711,239,26
19440712,267,125
19440713,270,67
19440714,222,125
19440715,215,80
19440716,223,110
19440717,234,122
19440718,222,58
19440719,250,43
19440720,262,61
19440721,283,82
19440722,270,141
19440723,294,91
19440724,290,109
19440725,281,109
19440726,231,142
19440727,265,107
19440728,268,85
19440729,261,85
19440730,248,115
19440731,224,97
19440801,241,31
19440802,226,151
19440803,173,70
19440804,186,81
19440805,178,71
19440806,186,27
19440807,233,84
19440808,264,101
19440809,263,88
19440810,208,66
19440811,191,88
19440812,171,41
19440813,160,100
19440814,162,92
19440815,172,82
19440816,180,114
19440817,246,142
19440818,253,43
19440819,256,53
19440820,264,56
19440821,281,92
19440822,201,93
19440823,216,61
19440824,202,64
19440825,211,74
19440826,256,83
19440827,250,63
19440828,176,53
19440829,160,-8
19440830,219,-6
19440831,239,75
19440901,190,120
19440902,153,105
19440903,148,82
19440904,206,112
19440905,260,66
19440906,250,86
19440907,238,67
19440908,185,66
19440909,156,83
19440910,149,59
19440911,98,-18
19440912,101,50
19440913,86,10
19440914,110,56
19440915,101,46
19440916,160,56
19440917,137,51
19440918,93,28
19440919,70,-37
19440920,65,-8
19440921,103,17
19440922,96,6
19440923,69,14
19440924,75,6
19440925,73,-5
19440926,76,-13
19440927,46,-3
19440928,80,-8
19440929,72,-33
19440930,80,-6
19441001,116,70
19441002,102,45
19441003,113,16
19441004,104,32
19441005,63,-2
19441006,73,15
19441007,70,8
19441008,84,14
19441009,93,-19
19441010,89,-34
19441011,103,-70
19441012,96,-66
19441013,65,-14
19441014,71,-6
19441015,14,-35
19441016,-30,-92
19441017,-47,-130
19441018,-33,-182
19441019,-39,-103
19441020,-46,-131
19441021,-9,-135
19441022,52,-29
19441023,-25,-67
19441024,-64,-107
19441025,-102,-258
19441026,-59,-115
19441027,-26,-76
19441028,-67,-288
19441029,-232,-353
19441030,-163,-273
19441031,-154,-300
19441101,-156,-314
19441102,-37,-166
19441103,-32,-91
19441104,-35,-118
19441105,-98,-215
19441106,-175,-298
19441107,-140,-234
19441108,-127,-206
19441109,-127,-226
19441110,-69,-146
19441111,-15,-166
19441112,-81,-237
19441113,-200,-321
19441114,-177,-233
19441115,-165,-216
19441116,-180,-226
19441117,-191,-314
19441118,-287,-368
19441119,-279,-342
19441120,-270,-389
19441121,-303,-422
19441122,-394,-459
19441123,-383,-457
19441124,-391,-461
19441125,-371,-449
19441126,-261,-375
19441127,-245,-352
19441128,-188,-253
19441129,-163,-222
19441130,-158,-221
19441201,-147,-220
19441202,-217,-318
19441203,-285,-362
19441204,-326,-391
19441205,-284,-362
19441206,-297,-391
19441207,-226,-401
19441208,-231,-388
19441209,-319,-420
19441210,-259,-416
19441211,-215,-265
19441212,-214,-279
19441213,-182,-237
19441214,-177,-204
19441215,-177,-197
19441216,-187,-285
19441217,-265,-387
19441218,-217,-391
19441219,-46,-223
19441220,-68,-199
19441221,-195,-410
19441222,-348,-434
19441223,-299,-350
19441224,-259,-385
19441225,-160,-270
19441226,-115,-175
19441227,-147,-323
19441228,-262,-358
19441229,-221,-321
19441230,-221,-328
19441231,-320,-401
19450101,-331,-387
19450102,-352,-398
19450103,-388,-452
19450104,-353,-433
19450105,-353,-423
19450106,-298,-408
19450107,-295,-368
19450108,-368,-401
19450109,-272,-401
19450110,-272,-340
19450111,-322,-399
19450112,-187,-427
19450113,-119,-193
19450114,-117,-168
19450115,-152,-321
19450116,-266,-351
19450117,-145,-355
19450118,-142,-216
19450119,-167,-272
19450120,-259,-370
19450121,-285,-389
19450122,-227,-336
19450123,-215,-318
19450124,-261,-367
19450125,-260,-374
19450126,-280,-349
19450127,-322,-417
19450128,-383,-444
19450129,-392,-474
19450130,-312,-410
19450131,-208,-349
19450201,-197,-262
19450202,-230,-348
19450203,-206,-357
19450204,-175,-275
19450205,-210,-319
19450206,-188,-267
19450207,-132,-263
19450208,-228,-363
19450209,-152,-237
19450210,-170,-259
19450211,-138,-247
19450212,-157,-308
19450213,-202,-297
19450214,-267,-368
19450215,-222,-361
19450216,-252,-404
19450217,-172,-337
19450218,-250,-366
19450219,-252,-401
19450220,-206,-371
19450221,-199,-413
19450222,-152,-391
19450223,-137,-243
19450224,-164,-258
19450225,-122,-305
19450226,-165,-309
19450227,-162,-303
19450228,-127,-360
19450301,-137,-365
19450302,-162,-249
19450303,-202,-398
19450304,-179,-260
19450305,-123,-285
19450306,-125,-247
19450307,-174,-379
19450308,-212,-421
19450309,-232,-441
19450310,-182,-386
19450311,-152,-390
19450312,-152,-372
19450313,-149,-394
19450314,-5,-323
19450315,51,-283
19450316,-10,-257
19450317,-9,-109
19450318,16,-90
19450319,-21,-154
19450320,-101,-350
19450321,-51,-267
19450322,10,-234
19450323,29,-207
19450324,0,-54
19450325,1,-247
19450326,-10,-112
19450327,-36,-195
19450328,-31,-91
19450329,-46,-307
19450330,-59,-112
19450331,-88,-185
19450401,-97,-338
19450402,-46,-318
19450403,-3,-106
19450404,71,-67
19450405,101,18
19450406,130,-63
19450407,108,-65
19450408,98,12
19450409,73,-9
19450410,31,-7
19450411,85,-37
19450412,83,-35
19450413,110,-72
19450414,66,-55
19450415,132,-60
19450416,83,-18
19450417,41,-21
19450418,121,-26
19450419,93,-10
19450420,10,-95
19450421,13,-96
19450422,63,-107
19450423,44,-26
19450424,58,-42
19450425,68,-19
19450426,100,-61
19450427,76,14
19450428,113,-48
19450429,133,-59
19450430,118,-17
19450501,110,-12
19450502,151,-52
19450503,148,-36
19450504,164,-33
19450505,132,20
19450506,119,-7
19450507,79,4
19450508,29,-56
19450509,49,-102
19450510,114,-100
19450511,214,-16
19450512,202,-13
19450513,98,13
19450514,121,-3
19450515,158,-41
19450516,188,45
19450517,207,-16
19450518,200,9
19450519,246,-2
19450520,216,70
19450521,190,48
19450522,122,75
19450523,175,40
19450524,212,1
19450525,201,85
19450526,235,-10
19450527,280,7
19450528,277,11
19450529,261,40
19450530,185,84
19450531,192,81
19450601,185,21
19450602,226,-6
19450603,199,41
19450604,176,2
19450605,184,82
19450606,190,17
19450607,194,11
19450608,218,7
19450609,195,60
19450610,227,67
19450611,200,83
19450612,165,43
19450613,151,22
19450614,130,52
19450615,199,76
19450616,225,15
19450617,199,125
19450618,214,59
19450619,226,36
19450620,242,59
19450621,291,97
19450622,239,107
19450623,271,109
19450624,263,103
19450625,228,146
19450626,236,89
19450627,208,105
19450628,222,106
19450629,248,74
19450630,238,113
19450701,234,120
19450702,171,106
19450703,176,45
19450704,187,91
19450705,218,70
19450706,226,71
19450707,211,121
19450708,265,84
19450709,273,96
19450710,268,117
19450711,202,104
19450712,282,50
19450713,223,154
19450714,213,116
19450715,223,33
19450716,253,88
19450717,258,99
19450718,230,93
19450719,216,70
19450720,187,108
19450721,225,123
19450722,226,116
19450723,247,31
19450724,234,81
19450725,252,45
19450726,270,46
19450727,283,70
19450728,280,74
19450729,297,116
19450730,303,80
19450731,297,88
19450801,274,80
19450802,290,57
19450803,255,131
19450804,240,100
19450805,235,108
19450806,252,132
19450807,245,112
19450808,198,90
19450809,173,46
19450810,138,64
19450811,140,51
19450812,205,81
19450813,158,46
19450814,214,66
19450815,163,33
19450816,140,55
19450817,200,30
19450818,227,85
19450819,239,29
19450820,229,39
19450821,169,68
19450822,156,-11
19450823,150,42
19450824,145,-22
19450825,176,30
19450826,204,-11
19450827,178,45
19450828,230,84
19450829,242,29
19450830,253,23
19450831,258,23
19450901,244,16
19450902,198,65
19450903,174,56
19450904,150,99
19450905,178,86
19450906,146,72
19450907,173,7
19450908,193,3
19450909,188,-14
19450910,200,-6
19450911,137,7
19450912,160,16
19450913,198,-4
19450914,196,-3
19450915,212,-26
19450916,228,-24
19450917,218,-30
19450918,167,56
19450919,107,0
19450920,118,5
19450921,101,-17
19450922,108,-1
19450923,106,7
19450924,102,7
19450925,78,7
19450926,80,0
19450927,43,-7
19450928,78,10
19450929,78,-37
19450930,93,27
19451001,86,20
19451002,83,2
19451003,44,-62
19451004,59,-122
19451005,34,-141
19451006,44,-9
19451007,39,10
19451008,85,-6
19451009,105,15
19451010,109,-20
19451011,128,-24
19451012,34,-36
19451013,57,15
19451014,60,13
19451015,83,-1
19451016,84,-31
19451017,44,-55
19451018,40,-59
19451019,10,-34
19451020,18,-32
19451021,-15,-95
19451022,-10,-115
19451023,-7,-67
19451024,15,-36
19451025,65,-12
19451026,1,-77
19451027,-14,-121
19451028,9,-32
19451029,-12,-52
19451030,-13,-94
19451031,-33,-107
19451101,-1,-53
19451102,33,-6
19451103,12,-75
19451104,-56,-95
19451105,-28,-104
19451106,34,-48
19451107,-26,-121
19451108,-77,-149
19451109,-91,-175
19451110,-46,-151
19451111,-58,-143
19451112,-142,-198
19451113,-94,-179
19451114,-118,-242
19451115,-105,-221
19451116,-217,-348
19451117,-202,-365
19451118,-125,-202
19451119,-192,-399
19451120,-297,-434
19451121,-152,-304
19451122,-87,-181
19451123,-102,-210
19451124,-202,-362
19451125,-343,-444
19451126,-152,-346
19451127,-180,-334
19451128,-332,-400
19451129,-392,-475
19451130,-283,-429
19451201,-172,-374
19451202,-88,-189
19451203,-74,-117
19451204,-72,-196
19451205,-188,-393
19451206,-354,-444
19451207,-262,-375
19451208,-283,-369
19451209,-248,-377
19451210,-123,-262
19451211,-70,-127
19451212,-107,-149
19451213,-148,-321
19451214,-317,-417
19451215,-374,-441
19451216,-282,-401
19451217,-285,-436
19451218,-436,-511
19451219,-456,-492
19451220,-434,-493
19451221,-431,-490
19451222,-327,-468
19451223,-326,-386
19451224,-345,-390
19451225,-368,-432
19451226,-421,-466
19451227,-352,-462
19451228,-324,-390
19451229,-382,-441
19451230,-441,-473
19451231,-454,-478
19460101,-342,-477
19460102,-342,-442
19460103,-326,-452
19460104,-279,-388
19460105,-312,-427
19460106,-236,-324
19460107,-245,-344
19460108,-222,-291
19460109,-196,-259
19460110,-172,-242
19460111,-181,-250
19460112,-142,-192
19460113,-143,-330
19460114,-326,-401
19460115,-186,-374
19460116,-105,-199
19460117,-104,-218
19460118,-197,-242
19460119,-192,-255
19460120,-174,-214
19460121,-206,-273
19460122,-232,-307
19460123,-246,-294
19460124,-268,-370
19460125,-369,-449
19460126,-300,-379
19460127,-314,-408
19460128,-405,-499
19460129,-444,-521
19460130,-405,-501
19460131,-411,-501
19460201,-384,-460
19460202,-406,-497
19460203,-346,-410
19460204,-388,-467
19460205,-422,-519
19460206,-306,-461
19460207,-192,-316
19460208,-102,-216
19460209,-34,-165
19460210,-154,-284
19460211,-33,-172
19460212,-51,-227
19460213,-222,-419
19460214,-262,-419
19460215,-110,-272
19460216,-92,-213
19460217,-64,-273
19460218,-67,-151
19460219,-82,-167
19460220,-148,-369
19460221,-36,-155
19460222,-53,-152
19460223,-122,-321
19460224,-162,-345
19460225,-211,-342
19460226,-122,-264
19460227,-108,-274
19460228,-152,-374
19460301,-118,-283
19460302,-157,-389
19460303,-150,-287
19460304,-154,-288
19460305,-132,-243
19460306,-164,-390
19460307,-123,-396
19460308,-152,-394
19460309,-149,-368
19460310,-136,-329
19460311,-78,-359
19460312,-88,-353
19460313,-90,-286
19460314,-62,-285
19460315,-62,-160
19460316,-82,-197
19460317,-112,-355
19460318,-82,-217
19460319,-62,-176
19460320,-54,-227
19460321,-67,-307
19460322,-10,-251
19460323,10,-207
19460324,10,-127
19460325,25,-128
19460326,-31,-91
19460327,-7,-221
19460328,-3,-287
19460329,55,-55
19460330,39,-31
19460331,2,-95
19460401,43,-136
19460402,49,-215
19460403,57,-217
19460404,78,-203
19460405,56,-19
19460406,38,-95
19460407,22,-43
19460408,48,-48
19460409,31,-39
19460410,7,-76
19460411,24,-196
19460412,74,-173
19460413,98,-76
19460414,63,-44
19460415,34,-154
19460416,116,-107
19460417,63,-90
19460418,121,11
19460419,83,-32
19460420,7,-76
19460421,15,-142
19460422,27,-162
19460423,63,-184
19460424,78,-147
19460425,96,-66
19460426,55,-40
19460427,-14,-151
19460428,19,-201
19460429,68,-162
19460430,85,-57
19460501,57,-7
19460502,68,4
19460503,71,-6
19460504,79,-15
19460505,89,-78
19460506,166,-60
19460507,107,-78
19460508,142,-19
19460509,186,-48
19460510,199,-56
19460511,210,-57
19460512,205,-47
19460513,247,-28
19460514,209,-13
19460515,211,-33
19460516,262,-26
19460517,180,5
19460518,71,-28
19460519,75,-37
19460520,71,11
19460521,100,14
19460522,140,-9
19460523,106,-29
19460524,147,-51
19460525,102,-5
19460526,86,4
19460527,160,-53
19460528,174,-41
19460529,108,20
19460530,185,52
19460531,138,26
19460601,90,-11
19460602,131,-52
19460603,85,17
19460604,124,25
19460605,209,-33
19460606,152,52
19460607,127,29
19460608,132,2
19460609,143,49
19460610,205,11
19460611,256,-10
19460612,217,26
19460613,133,47
19460614,126,30
19460615,166,54
19460616,199,34
19460617,140,14
19460618,170,3
19460619,187,40
19460620,192,68
19460621,224,23
19460622,239,31
19460623,219,100
19460624,229,82
19460625,216,94
19460626,247,45
19460627,222,65
19460628,284,61
19460629,294,73
19460630,291,110
19460701,254,126
19460702,257,143
19460703,238,137
19460704,192,139
19460705,216,103
19460706,244,116
19460707,246,134
19460708,248,130
19460709,260,111
19460710,280,121
19460711,301,97
19460712,297,65
19460713,305,88
19460714,304,110
19460715,302,112
19460716,304,140
19460717,292,126
19460718,287,134
19460719,280,170
19460720,254,139
19460721,282,113
19460722,294,132
19460723,253,154
19460724,213,138
19460725,186,43
19460726,181,31
19460727,265,67
19460728,195,102
19460729,191,70
19460730,184,44
19460731,223,68
19460801,199,100
19460802,208,92
19460803,247,101
19460804,265,78
19460805,266,92
19460806,269,67
19460807,291,90
19460808,289,73
19460809,281,70
19460810,244,117
19460811,246,120
19460812,231,82
19460813,232,71
19460814,191,60
19460815,142,36
19460816,172,-4
19460817,176,-13
19460818,196,14
19460819,215,3
19460820,222,17
19460821,233,91
19460822,223,52
19460823,217,109
19460824,181,126
19460825,147,73
19460826,145,88
19460827,154,82
19460828,194,70
19460829,160,102
19460830,157,93
19460831,176,-8
19460901,191,-15
19460902,147,-10
19460903,163,75
19460904,192,3
19460905,197,6
19460906,183,-12
19460907,122,-3
19460908,92,-9
19460909,63,1
19460910,77,-25
19460911,81,23
19460912,62,-37
19460913,76,-53
19460914,46,-81
19460915,91,-4
19460916,71,-7
19460917,37,-20
19460918,41,-26
19460919,29,-6
19460920,50,-4
19460921,85,-95
19460922,52,-100
19460923,58,-127
19460924,46,-80
19460925,89,-25
19460926,68,-46
19460927,54,-26
19460928,39,-14
19460929,49,-85
19460930,83,-48
19461001,102,-87
19461002,107,-125
19461003,69,-102
19461004,68,-16
19461005,75,-9
19461006,57,-54
19461007,29,-23
19461008,25,-26
19461009,3,-30
19461010,0,-56
19461011,20,-127
19461012,23,-69
19461013,-27,-191
19461014,39,-52
19461015,37,1
19461016,107,-17
19461017,44,-9
19461018,3,-39
19461019,12,-68
19461020,37,-12
19461021,10,-143
19461022,-39,-165
19461023,-69,-201
19461024,-19,-112
19461025,-19,-113
19461026,-97,-237
19461027,8,-104
19461028,-50,-121
19461029,-49,-121
19461030,-109,-210
19461031,-101,-200
19461101,-99,-251
19461102,-54,-153
19461103,-49,-140
19461104,-46,-126
19461105,-60,-130
19461106,-59,-134
19461107,-61,-144
19461108,-131,-291
19461109,-199,-343
19461110,-154,-327
19461111,-114,-205
19461112,-59,-134
19461113,41,-63
19461114,32,-91
19461115,-87,-180
19461116,-119,-210
19461117,-61,-130
19461118,-69,-165
19461119,-82,-210
19461120,-207,-358
19461121,-309,-384
19461122,-360,-431
19461123,-209,-389
19461124,-265,-378
19461125,-319,-452
19461126,-203,-338
19461127,-174,-265
19461128,-265,-354
19461129,-279,-358
19461130,-353,-422
19461201,9999,-441
19461202,9999,-396
19461203,9999,-296
19461204,9999,-359
19461205,9999,-440
19461206,9999,-481
19461207,9999,-456
19461208,9999,-455
19461209,9999,-491
19461210,9999,-492
19461211,9999,-419
19461212,9999,-397
19461213,9999,-449
19461214,9999,-425
19461215,9999,-326
19461216,9999,-432
19461217,9999,-461
19461218,9999,-455
19461219,9999,-456
19461220,9999,-477
19461221,9999,-445
19461222,9999,-409
19461223,9999,-349
19461224,9999,-345
19461225,9999,-455
19461226,9999,-416
19461227,9999,-364
19461228,9999,-247
19461229,9999,-310
19461230,9999,-442
19461231,9999,-465
19470101,9999,-448
19470102,9999,-405
19470103,9999,-508
19470104,9999,-520
19470105,9999,-522
19470106,-149,-374
19470107,-119,-205
19470108,-127,-170
19470109,-169,-317
19470110,9999,-455
19470111,9999,-498
19470112,9999,-457
19470113,9999,-465
19470114,9999,-492
19470115,9999,-506
19470116,9999,-511
19470117,9999,-536
19470118,9999,-549
19470119,9999,-512
19470120,9999,-533
19470121,9999,-531
19470122,9999,-526
19470123,-256,-460
19470124,-184,-272
19470125,-155,-222
19470126,-162,-242
19470127,-152,-291
19470128,-280,-408
19470129,-281,-358
19470130,9999,-440
19470131,9999,-468
19470201,-359,-455
19470202,-308,-410
19470203,-284,-391
19470204,-237,-304
19470205,-286,-404
19470206,-326,-425
19470207,-271,-401
19470208,-251,-327
19470209,-297,-431
19470210,-257,-433
19470211,-271,-344
19470212,-226,-395
19470213,-269,-402
19470214,-194,-323
19470215,-184,-318
19470216,-209,-374
19470217,-159,-267
19470218,-149,-293
19470219,-154,-287
19470220,-76,-169
19470221,-160,-321
19470222,-152,-344
19470223,-183,-324
19470224,-204,-359
19470225,-231,-418
19470226,-210,-460
19470227,-189,-243
19470228,-210,-328
19470301,-212,-454
19470302,-177,-436
19470303,-149,-355
19470304,-154,-400
19470305,-140,-404
19470306,-154,-406
19470307,-96,-321
19470308,-50,-277
19470309,-70,-201
19470310,-54,-124
19470311,-89,-222
19470312,-80,-290
19470313,-120,-333
19470314,-101,-338
19470315,-89,-313
19470316,-90,-278
19470317,-46,-134
19470318,-71,-313
19470319,-51,-217
19470320,-61,-243
19470321,-14,-85
19470322,-44,-205
19470323,3,-116
19470324,-1,-65
19470325,-62,-216
19470326,-82,-176
19470327,-41,-299
19470328,-10,-284
19470329,19,-56
19470330,40,-22
19470331,27,-65
19470401,-12,-155
19470402,-120,-243
19470403,-70,-162
19470404,-29,-88
19470405,-20,-161
19470406,32,-42
19470407,87,-139
19470408,109,-122
19470409,144,-106
19470410,145,-81
19470411,98,-66
19470412,101,-14
19470413,51,-15
19470414,3,-79
19470415,24,-106
19470416,-2,-61
19470417,-5,-188
19470418,31,-206
19470419,63,-175
19470420,77,-81
19470421,92,8
19470422,74,0
19470423,56,-18
19470424,80,-39
19470425,58,-77
19470426,66,-5
19470427,54,15
19470428,68,-43
19470429,85,5
19470430,145,-21
19470501,158,-57
19470502,166,-37
19470503,115,-23
19470504,65,-44
19470505,94,-91
19470506,167,-73
19470507,199,-2
19470508,170,14
19470509,51,-15
19470510,49,-57
19470511,31,-60
19470512,47,-45
19470513,106,-35
19470514,120,-23
19470515,170,-6
19470516,161,28
19470517,77,-29
19470518,205,24
19470519,220,-7
19470520,200,-6
19470521,242,-5
19470522,215,15
19470523,260,9
19470524,268,20
19470525,142,32
19470526,55,-12
19470527,102,5
19470528,203,6
19470529,250,3
19470530,218,40
19470531,155,-11
19470601,236,61
19470602,273,32
19470603,291,32
19470604,233,140
19470605,243,84
19470606,261,32
19470607,247,29
19470608,229,82
19470609,243,40
19470610,276,8
19470611,291,22
19470612,252,68
19470613,283,84
19470614,290,64
19470615,266,140
19470616,291,73
19470617,171,95
19470618,184,6
19470619,128,68
19470620,200,19
19470621,252,4
19470622,257,25
19470623,237,84
19470624,233,134
19470625,169,116
19470626,187,50
19470627,179,75
19470628,160,46
19470629,197,95
19470630,277,56
19470701,309,72
19470702,318,96
19470703,274,121
19470704,270,101
19470705,231,121
19470706,213,124
19470707,197,31
19470708,233,54
19470709,206,135
19470710,242,31
19470711,293,47
19470712,266,90
19470713,261,149
19470714,232,86
19470715,281,123
19470716,258,98
19470717,275,54
19470718,270,85
19470719,236,146
19470720,220,106
19470721,192,100
19470722,185,109
19470723,195,35
19470724,222,48
19470725,231,41
19470726,237,42
19470727,263,49
19470728,283,52
19470729,275,43
19470730,267,94
19470731,264,72
19470801,287,76
19470802,312,57
19470803,306,83
19470804,296,82
19470805,245,61
19470806,229,76
19470807,221,74
19470808,244,75
19470809,251,40
19470810,208,5
19470811,190,65
19470812,181,9
19470813,195,2
19470814,179,44
19470815,219,56
19470816,211,74
19470817,182,83
19470818,145,0
19470819,140,55
19470820,172,-5
19470821,174,55
19470822,177,12
19470823,181,44
19470824,206,20
19470825,146,-20
19470826,166,-34
19470827,151,25
19470828,135,-1
19470829,132,-10
19470830,137,-1
19470831,112,61
19470901,80,43
19470902,132,8
19470903,116,13
19470904,121,32
19470905,85,22
19470906,137,-45
19470907,172,-5
19470908,110,32
19470909,120,6
19470910,98,47
19470911,96,10
19470912,96,25
19470913,97,-25
19470914,129,-82
19470915,137,-6
19470916,157,53
19470917,142,-7
19470918,131,12
19470919,132,-16
19470920,113,38
19470921,152,78
19470922,102,32
19470923,96,-71
19470924,98,-33
19470925,41,-44
19470926,73,-8
19470927,92,-8
19470928,60,-25
19470929,123,-4
19470930,150,-8
19471001,155,-18
19471002,147,-18
19471003,123,-55
19471004,135,-71
19471005,136,-71
19471006,102,-39
19471007,125,-20
19471008,132,-21
19471009,128,-96
19471010,92,-56
19471011,102,-51
19471012,115,-112
19471013,71,-75
19471014,67,-14
19471015,27,-84
19471016,19,-30
19471017,20,-23
19471018,22,2
19471019,12,-13
19471020,28,-4
19471021,44,10
19471022,72,-16
19471023,48,-64
19471024,24,-16
19471025,-9,-51
19471026,-44,-83
19471027,-15,-117
19471028,0,-61
19471029,-13,-71
19471030,-11,-49
19471031,11,-45
19471101,-4,-32
19471102,-1,-47
19471103,-36,-159
19471104,-29,-78
19471105,-74,-138
19471106,-137,-212
19471107,-136,-267
19471108,-171,-339
19471109,-267,-368
19471110,-259,-324
19471111,-251,-369
19471112,-340,-405
19471113,-300,-412
19471114,-297,-387
19471115,-312,-422
19471116,-292,-397
19471117,-291,-400
19471118,-327,-395
19471119,-211,-349
19471120,-190,-274
19471121,-247,-359
19471122,-210,-271
19471123,-218,-383
19471124,-353,-402
19471125,-334,-393
19471126,-229,-347
19471127,-233,-356
19471128,-285,-354
19471129,-302,-386
19471130,-384,-442
19471201,9999,-436
19471202,9999,-436
19471203,9999,-432
19471204,9999,-411
19471205,9999,-369
19471206,9999,-417
19471207,9999,-412
19471208,9999,-467
19471209,9999,-498
19471210,9999,-503
19471211,9999,-495
19471212,9999,-474
19471213,9999,-495
19471214,9999,-508
19471215,9999,-495
19471216,9999,-476
19471217,9999,-446
19471218,9999,-389
19471219,9999,-405
19471220,-289,-405
19471221,-213,-300
19471222,-124,-231
19471223,-152,-257
19471224,-152,-261
19471225,-156,-252
19471226,-179,-331
19471227,-319,-368
19471228,-346,-385
19471229,-219,-363
19471230,-134,-254
19471231,-104,-151
19480101,-30,-151
19480102,1,-140
19480103,-129,-242
19480104,-128,-311
19480105,-187,-314
19480106,-173,-254
19480107,-114,-187
19480108,-129,-211
19480109,-176,-314
19480110,-242,-318
19480111,-302,-423
19480112,-326,-461
19480113,-200,-336
19480114,-92,-211
19480115,-27,-102
19480116,-57,-252
19480117,-247,-406
19480118,-402,-461
19480119,-402,-478
19480120,-422,-462
19480121,-432,-475
19480122,-434,-486
19480123,-352,-462
19480124,-234,-354
19480125,-243,-423
19480126,-216,-347
19480127,-163,-249
19480128,-129,-206
19480129,-124,-193
19480130,-138,-254
19480131,-247,-436
19480201,-191,-392
19480202,-144,-206
19480203,-141,-176
19480204,-124,-181
19480205,-117,-178
19480206,-98,-176
19480207,-127,-214
19480208,-75,-163
19480209,-109,-179
19480210,-112,-177
19480211,-153,-218
19480212,-218,-356
19480213,-274,-461
19480214,-378,-492
19480215,-380,-484
19480216,-347,-490
19480217,-279,-410
19480218,-280,-349
19480219,-305,-445
19480220,-250,-424
19480221,-139,-265
19480222,-139,-220
19480223,-149,-223
19480224,-174,-359
19480225,-260,-360
19480226,-244,-369
19480227,-131,-313
19480228,-96,-190
19480229,-87,-248
19480301,-44,-141
19480302,-66,-294
19480303,-179,-354
19480304,-120,-221
19480305,-115,-338
19480306,-39,-121
19480307,-47,-136
19480308,-51,-113
19480309,-49,-121
19480310,-59,-223
19480311,-160,-375
19480312,-122,-348
19480313,-24,-287
19480314,-27,-122
19480315,-27,-253
19480316,-49,-318
19480317,-41,-164
19480318,-17,-292
19480319,-61,-245
19480320,-119,-358
19480321,-56,-351
19480322,-45,-308
19480323,12,-257
19480324,3,-103
19480325,17,-42
19480326,52,-61
19480327,27,-89
19480328,-15,-171
19480329,-11,-204
19480330,2,-70
19480331,-1,-117
19480401,17,-57
19480402,5,-108
19480403,-12,-121
19480404,-9,-44
19480405,53,-28
19480406,49,-117
19480407,44,-86
19480408,59,0
19480409,66,-27
19480410,66,15
19480411,90,-25
19480412,75,-88
19480413,56,-25
19480414,53,-67
19480415,76,-48
19480416,41,2
19480417,9,-51
19480418,25,-112
19480419,49,-12
19480420,64,-30
19480421,78,-98
19480422,57,-5
19480423,25,-15
19480424,66,-106
19480425,101,-97
19480426,121,-9
19480427,116,-45
19480428,27,-67
19480429,33,-94
19480430,60,-62
19480501,95,-104
19480502,80,10
19480503,56,-35
19480504,78,-74
19480505,77,-41
19480506,95,-16
19480507,110,-37
19480508,120,-52
19480509,141,-23
19480510,123,23
19480511,71,-1
19480512,48,-65
19480513,-1,-81
19480514,-14,-138
19480515,7,-91
19480516,72,-31
19480517,95,14
19480518,73,-43
19480519,89,-67
19480520,117,1
19480521,106,20
19480522,113,-19
19480523,103,44
19480524,177,-48
19480525,163,5
19480526,164,70
19480527,214,23
19480528,183,81
19480529,231,-10
19480530,261,24
19480531,274,26
19480601,259,58
19480602,230,2
19480603,265,32
19480604,265,76
19480605,89,47
19480606,103,25
19480607,144,-4
19480608,189,-6
19480609,226,-10
19480610,220,13
19480611,170,38
19480612,80,3
19480613,98,-10
19480614,186,5
19480615,176,86
19480616,143,71
19480617,167,38
19480618,174,56
19480619,209,6
19480620,230,59
19480621,224,98
19480622,211,108
19480623,246,35
19480624,217,112
19480625,190,115
19480626,180,109
19480627,148,57
19480628,156,53
19480629,222,4
19480630,199,109
19480701,230,122
19480702,296,111
19480703,334,126
19480704,320,137
19480705,275,123
19480706,266,154
19480707,291,130
19480708,294,94
19480709,273,118
19480710,279,98
19480711,247,160
19480712,244,138
19480713,238,106
19480714,275,96
19480715,272,140
19480716,245,135
19480717,220,67
19480718,266,134
19480719,289,135
19480720,289,142
19480721,241,151
19480722,282,132
19480723,294,68
19480724,290,95
19480725,284,58
19480726,271,89
19480727,222,75
19480728,250,68
19480729,206,51
19480730,239,36
19480731,247,84
19480801,270,140
19480802,269,87
19480803,249,88
19480804,239,124
19480805,229,38
19480806,217,83
19480807,241,128
19480808,255,76
19480809,268,17
19480810,259,47
19480811,178,90
19480812,174,105
19480813,166,112
19480814,174,92
19480815,215,106
19480816,176,74
19480817,129,25
19480818,150,55
19480819,138,79
19480820,160,84
19480821,195,103
19480822,152,84
19480823,143,82
19480824,163,85
19480825,129,74
19480826,141,34
19480827,116,23
19480828,110,50
19480829,124,44
19480830,116,49
19480831,171,22
19480901,169,17
19480902,177,69
19480903,172,78
19480904,184,34
19480905,187,11
19480906,169,11
19480907,152,66
19480908,136,85
19480909,127,64
19480910,170,18
19480911,153,6
19480912,172,29
19480913,125,-37
19480914,169,-21
19480915,171,16
19480916,183,-29
19480917,149,-21
19480918,120,14
19480919,115,31
19480920,136,-3
19480921,176,64
19480922,116,-18
19480923,155,-34
19480924,174,-50
19480925,174,-45
19480926,174,-65
19480927,181,-61
19480928,137,-55
19480929,93,-20
19480930,74,-8
19481001,76,27
19481002,81,14
19481003,80,30
19481004,163,60
19481005,140,60
19481006,133,8
19481007,83,15
19481008,61,-2
19481009,48,4
19481010,36,0
19481011,21,-81
19481012,28,-7
19481013,24,-20
19481014,2,-24
19481015,6,-24
19481016,11,-26
19481017,47,-14
19481018,19,-46
19481019,-24,-96
19481020,-77,-162
19481021,-75,-275
19481022,-89,-131
19481023,-85,-233
19481024,-99,-282
19481025,-92,-242
19481026,-31,-187
19481027,-91,-273
19481028,-99,-291
19481029,-105,-268
19481030,-84,-255
19481031,-7,-86
19481101,1,-100
19481102,-89,-234
19481103,-155,-299
19481104,-157,-256
19481105,-174,-284
19481106,-198,-299
19481107,-186,-313
19481108,-182,-341
19481109,-102,-248
19481110,-201,-321
19481111,-156,-303
19481112,-19,-161
19481113,-29,-102
19481114,-24,-106
19481115,-69,-215
19481116,-64,-231
19481117,-64,-258
19481118,-133,-257
19481119,-123,-247
19481120,-97,-145
19481121,-134,-311
19481122,-244,-354
19481123,-199,-370
19481124,-174,-301
19481125,-281,-351
19481126,-209,-311
19481127,-82,-217
19481128,-57,-96
19481129,-59,-106
19481130,-69,-98
19481201,-54,-151
19481202,-150,-361
19481203,-200,-373
19481204,-129,-226
19481205,-48,-136
19481206,-28,-131
19481207,-69,-128
19481208,-127,-335
19481209,-324,-420
19481210,-379,-413
19481211,-245,-386
19481212,-180,-287
19481213,-252,-357
19481214,-147,-258
19481215,-169,-369
19481216,-342,-441
19481217,-395,-505
19481218,-504,-536
19481219,-523,-544
19481220,-341,-523
19481221,-220,-344
19481222,-258,-328
19481223,-198,-288
19481224,-139,-301
19481225,-212,-421
19481226,-398,-453
19481227,-406,-442
19481228,-335,-406
19481229,-310,-403
19481230,-294,-436
19481231,-409,-450
19490101,-439,-468
19490102,-451,-483
19490103,-410,-453
19490104,-385,-439
19490105,-380,-414
19490106,-211,-391
19490107,-101,-214
19490108,-72,-156
19490109,-104,-218
19490110,-129,-218
19490111,-111,-161
19490112,-140,-334
19490113,-231,-349
19490114,-41,-234
19490115,-38,-114
19490116,-98,-146
19490117,-101,-215
19490118,-173,-229
19490119,-184,-247
19490120,-177,-249
19490121,-193,-272
19490122,-209,-267
19490123,-209,-286
19490124,-173,-266
19490125,-32,-224
19490126,-37,-117
19490127,-94,-265
19490128,-224,-351
19490129,-251,-352
19490130,-99,-257
19490131,-99,9999
19490201,9999,-277
19490202,-249,-349
19490203,-269,-413
19490204,-193,-287
19490205,-204,-305
19490206,-161,-248
19490207,-74,-162
19490208,-79,-293
19490209,-184,-314
19490210,-154,-262
19490211,-155,-274
19490212,-209,-289
19490213,-202,-298
19490214,-200,-340
19490215,-174,-296
19490216,-183,-300
19490217,-158,-268
19490218,-214,-332
19490219,-170,-262
19490220,-129,-248
19490221,-101,-207
19490222,-101,-237
19490223,-144,-279
19490224,-222,-373
19490225,-216,-364
19490226,-196,-374
19490227,-56,-207
19490228,-66,-242
19490301,-69,-187
19490302,-24,-146
19490303,-67,-260
19490304,-46,-111
19490305,-72,-194
19490306,-111,-314
19490307,-170,-375
19490308,-79,-259
19490309,-100,-247
19490310,-182,-420
19490311,-187,-427
19490312,-161,-402
19490313,-134,-389
19490314,-142,-384
19490315,-94,-333
19490316,-34,-237
19490317,-74,-303
19490318,-57,-305
19490319,-62,-293
19490320,-14,-295
19490321,12,-285
19490322,-8,-276
19490323,-2,-280
19490324,-9,-252
19490325,49,-165
19490326,40,-242
19490327,57,-238
19490328,95,-181
19490329,49,-65
19490330,-9,-135
19490331,-31,-172
19490401,-12,-158
19490402,-4,-95
19490403,26,-240
19490404,80,-135
19490405,48,-95
19490406,-19,-280
19490407,25,-79
19490408,71,-30
19490409,98,-46
19490410,65,-74
19490411,48,-148
19490412,111,-93
19490413,120,-81
19490414,95,-31
19490415,61,-13
19490416,48,-66
19490417,49,-89
19490418,37,-124
19490419,66,-137
19490420,71,-16
19490421,63,-3
19490422,52,-19
19490423,105,-98
19490424,77,-59
19490425,14,-58
19490426,41,-64
19490427,127,-21
19490428,98,-12
19490429,138,-34
19490430,165,-34
19490501,133,5
19490502,110,25
19490503,86,23
19490504,63,-31
19490505,95,20
19490506,256,0
19490507,105,-17
19490508,81,-19
19490509,51,-43
19490510,77,-18
19490511,94,-48
19490512,76,-28
19490513,78,17
19490514,90,-57
19490515,127,-24
19490516,107,-47
19490517,87,40
19490518,52,-1
19490519,61,-19
19490520,133,-69
19490521,174,-43
19490522,194,-27
19490523,204,-11
19490524,186,30
19490525,128,34
19490526,137,13
19490527,115,40
19490528,97,13
19490529,100,-51
19490530,141,-53
19490531,130,-1
19490601,154,-35
19490602,239,78
19490603,189,91
19490604,165,33
19490605,163,100
19490606,117,16
19490607,144,-23
19490608,107,7
19490609,78,43
19490610,132,50
19490611,156,22
19490612,172,7
19490613,165,32
19490614,110,57
19490615,90,-17
19490616,103,23
19490617,137,43
19490618,135,60
19490619,169,75
19490620,140,2
19490621,186,100
19490622,169,87
19490623,232,34
19490624,222,70
19490625,233,67
19490626,245,104
19490627,266,120
19490628,249,126
19490629,230,120
19490630,212,46
19490701,150,80
19490702,157,68
19490703,174,55
19490704,163,88
19490705,216,46
19490706,197,103
19490707,216,35
19490708,253,32
19490709,257,103
19490710,234,146
19490711,214,107
19490712,226,109
19490713,245,105
19490714,232,121
19490715,239,74
19490716,147,85
19490717,244,75
19490718,286,64
19490719,289,78
19490720,285,80
19490721,200,122
19490722,221,32
19490723,273,29
19490724,276,103
19490725,191,152
19490726,242,125
19490727,227,71
19490728,232,36
19490729,259,13
19490730,275,106
19490731,302,100
19490801,313,108
19490802,305,108
19490803,303,115
19490804,300,104
19490805,247,140
19490806,221,144
19490807,236,120
19490808,219,78
19490809,236,160
19490810,241,122
19490811,216,100
19490812,210,126
19490813,166,77
19490814,193,28
19490815,226,16
19490816,199,58
19490817,170,5
19490818,177,-5
19490819,195,73
19490820,193,82
19490821,216,2
19490822,229,114
19490823,201,103
19490824,110,60
19490825,102,55
19490826,137,-31
19490827,211,-3
19490828,200,85
19490829,172,54
19490830,169,-6
19490831,178,35
19490901,147,93
19490902,157,95
19490903,181,66
19490904,156,12
19490905,212,10
19490906,201,18
19490907,212,-7
19490908,194,5
19490909,204,5
19490910,196,-12
19490911,205,-12
19490912,204,-12
19490913,123,10
19490914,93,13
19490915,100,-4
19490916,102,40
19490917,90,36
19490918,73,14
19490919,70,-7
19490920,63,0
19490921,67,20
19490922,87,-12
19490923,56,-25
19490924,57,-29
19490925,68,-15
19490926,87,16
19490927,69,-55
19490928,74,-37
19490929,65,-25
19490930,41,-40
19491001,94,2
19491002,82,-9
19491003,80,-33
19491004,68,-23
19491005,74,17
19491006,96,15
19491007,77,-37
19491008,102,-45
19491009,80,-69
19491010,51,-20
19491011,47,-28
19491012,41,-68
19491013,43,-10
19491014,22,-51
19491015,18,-67
19491016,-22,-91
19491017,-7,-52
19491018,66,-8
19491019,0,-91
19491020,6,-126
19491021,4,-91
19491022,11,-56
19491023,-30,-126
19491024,-54,-147
19491025,-13,-82
19491026,-16,-170
19491027,-99,-226
19491028,-4,-106
19491029,27,-16
19491030,61,-38
19491031,-36,-165
19491101,36,-60
19491102,-1,-57
19491103,4,-47
19491104,-39,-108
19491105,-51,-166
19491106,-71,-203
19491107,-201,-363
19491108,-231,-354
19491109,-231,-344
19491110,-272,-390
19491111,-289,-424
19491112,-314,-414
19491113,-292,-408
19491114,-195,-293
19491115,-254,-367
19491116,-153,-259
19491117,-115,-177
19491118,-119,-190
19491119,-146,-230
19491120,-197,-299
19491121,-197,-257
19491122,-172,-210
19491123,-194,-318
19491124,-316,-450
19491125,-299,-460
19491126,-257,-344
19491127,-172,-264
19491128,-172,-441
19491129,-435,-501
19491130,-473,-533
19491201,9999,-524
19491202,9999,-499
19491203,9999,-405
19491204,9999,-415
19491205,9999,-425
19491206,-287,-352
19491207,-298,-367
19491208,-279,-379
19491209,-132,-298
19491210,-105,-250
19491211,-160,-263
19491212,-79,-166
19491213,-86,-206
19491214,-203,-395
19491215,9999,-415
19491216,9999,-411
19491217,9999,-476
19491218,9999,-477
19491219,9999,-461
19491220,9999,-485
19491221,9999,-489
19491222,9999,-434
19491223,9999,-456
19491224,9999,-540
19491225,9999,-512
19491226,9999,-510
19491227,9999,-532
19491228,9999,-465
19491229,9999,-488
19491230,9999,-456
19491231,9999,-376
19510101,9999,-518
19510102,9999,-517
19510103,9999,-507
19510104,9999,-507
19510105,9999,-517
19510106,9999,-522
19510107,9999,-513
19510108,9999,-538
19510109,9999,-533
19510110,9999,-466
19510111,9999,-308
19510112,-181,-305
19510113,-181,-238
19510114,-215,-292
19510115,9999,-405
19510116,9999,-410
19510117,9999,-420
19510118,9999,-395
19510119,9999,-456
19510120,-251,-344
19510121,-181,-288
19510122,-191,-328
19510123,-205,-349
19510124,-201,-355
19510125,9999,-382
19510126,9999,-392
19510127,-181,-324
19510128,-231,-313
19510129,9999,-389
19510130,9999,-420
19510131,9999,-461
19510201,-374,-456
19510202,-390,-476
19510203,-356,-461
19510204,-266,-359
19510205,-186,-272
19510206,-264,-405
19510207,-251,-374
19510208,-216,-308
19510209,-286,-407
19510210,-236,-417
19510211,-191,-364
19510212,-356,-507
19510213,-299,-456
19510214,-340,-476
19510215,-241,-471
19510216,-216,-252
19510217,-211,-411
19510218,-161,-257
19510219,-246,-405
19510220,-304,-456
19510221,-319,-451
19510222,-243,-431
19510223,-221,-385
19510224,-261,-466
19510225,-209,-420
19510226,-216,-410
19510227,-173,-337
19510228,-231,-434
19510301,-197,-405
19510302,-156,-374
19510303,-179,-382
19510304,-146,-354
19510305,-115,-242
19510306,-69,-226
19510307,-82,-216
19510308,-176,-328
19510309,-209,-353
19510310,-145,-247
19510311,-65,-176
19510312,-79,-284
19510313,-184,-411
19510314,-105,-189
19510315,-79,-196
19510316,-94,-344
19510317,-79,-287
19510318,-77,-338
19510319,-28,-260
19510320,1,-262
19510321,-8,-242
19510322,-35,-149
19510323,-34,-81
19510324,-34,-257
19510325,-59,-320
19510326,-39,-187
19510327,32,-151
19510328,17,-93
19510329,-1,-91
19510330,3,-166
19510331,-8,-159
19510401,32,-25
19510402,2,-171
19510403,-8,-55
19510404,-39,-191
19510405,-6,-321
19510406,12,-187
19510407,17,-252
19510408,-18,-136
19510409,12,-287
19510410,12,-81
19510411,-69,-156
19510412,-62,-318
19510413,31,-292
19510414,112,-71
19510415,98,-55
19510416,122,-156
19510417,78,-46
19510418,34,-93
19510419,0,-51
19510420,12,-219
19510421,22,-36
19510422,37,-171
19510423,82,-126
19510424,87,-70
19510425,107,-30
19510426,158,5
19510427,172,-21
19510428,187,-25
19510429,132,15
19510430,58,-15
19510501,26,-30
19510502,17,-75
19510503,44,-84
19510504,47,-17
19510505,36,-20
19510506,32,-56
19510507,73,-91
19510508,63,-10
19510509,56,-15
19510510,88,-73
19510511,95,-35
19510512,101,-56
19510513,55,5
19510514,54,-5
19510515,122,-61
19510516,207,6
19510517,211,-6
19510518,244,8
19510519,217,-11
19510520,107,-15
19510521,106,32
19510522,237,-10
19510523,235,70
19510524,177,62
19510525,212,65
19510526,117,-20
19510527,147,40
19510528,100,5
19510529,24,-5
19510530,82,-14
19510531,117,-15
19510601,118,20
19510602,102,12
19510603,152,5
19510604,177,12
19510605,156,26
19510606,167,10
19510607,180,75
19510608,189,97
19510609,164,85
19510610,177,40
19510611,212,-10
19510612,252,50
19510613,202,66
19510614,136,75
19510615,200,30
19510616,160,65
19510617,162,27
19510618,162,110
19510619,222,-5
19510620,224,85
19510621,247,85
19510622,178,5
19510623,176,70
19510624,187,60
19510625,162,15
19510626,9999,1
19510627,9999,55
19510628,9999,13
19510629,9999,76
19510630,9999,56
19510701,9999,49
19510702,9999,82
19510703,9999,85
19510704,9999,86
19510705,9999,49
19510706,9999,58
19510707,9999,28
19510708,9999,98
19510709,9999,40
19510710,9999,78
19510711,256,70
19510712,200,60
19510713,226,130
19510714,256,54
19510715,260,91
19510716,275,77
19510717,232,136
19510718,230,5
19510719,218,95
19510720,240,130
19510721,262,135
19510722,265,105
19510723,311,110
19510724,290,132
19510725,240,85
19510726,235,60
19510727,267,122
19510728,235,129
19510729,203,6
19510730,208,0
19510731,224,-5
19510801,230,-3
19510802,245,11
19510803,226,69
19510804,251,36
19510805,182,131
19510806,210,130
19510807,202,120
19510808,160,35
19510809,157,57
19510810,168,55
19510811,128,-1
19510812,136,80
19510813,195,88
19510814,172,84
19510815,174,109
19510816,126,0
19510817,122,2
19510818,131,66
19510819,118,80
19510820,157,58
19510821,169,54
19510822,138,50
19510823,120,60
19510824,89,38
19510825,114,21
19510826,140,2
19510827,143,3
19510828,180,25
19510829,179,25
19510830,151,85
19510831,145,-10
19510901,109,-7
19510902,155,78
19510903,117,0
19510904,54,15
19510905,49,4
19510906,74,10
19510907,99,-15
19510908,125,-8
19510909,190,-35
19510910,187,-38
19510911,208,21
19510912,215,-14
19510913,232,-5
19510914,225,-31
19510915,227,-25
19510916,206,-32
19510917,157,7
19510918,95,-2
19510919,99,35
19510920,110,63
19510921,106,51
19510922,116,40
19510923,94,20
19510924,130,45
19510925,120,-10
19510926,123,-68
19510927,131,-36
19510928,175,-30
19510929,155,-35
19510930,130,-16
19511001,108,28
19511002,89,-6
19511003,64,-35
19511004,58,-1
19511005,16,-10
19511006,2,-51
19511007,2,-36
19511008,-18,-168
19511009,-12,-74
19511010,4,-64
19511011,4,-62
19511012,29,-14
19511013,-12,-67
19511014,3,-51
19511015,10,-33
19511016,-8,-84
19511017,-27,-81
19511018,-12,-51
19511019,18,-17
19511020,39,10
19511021,15,-43
19511022,1,-71
19511023,13,-12
19511024,13,-5
19511025,6,-45
19511026,-41,-79
19511027,-58,-68
19511028,-52,-66
19511029,-42,-73
19511030,13,-46
19511031,8,-28
19511101,-17,-75
19511102,-42,-121
19511103,-18,-91
19511104,-11,-57
19511105,3,-12
19511106,-2,-137
19511107,-132,-292
19511108,-174,-303
19511109,-136,-231
19511110,-114,-140
19511111,-135,-370
19511112,-184,-301
19511113,-184,-297
19511114,-147,-247
19511115,-121,-257
19511116,-133,-183
19511117,-74,-144
19511118,-42,-234
19511119,-229,-427
19511120,-411,-480
19511121,-350,-439
19511122,-258,-356
19511123,-332,-400
19511124,-270,-438
19511125,-159,-287
19511126,-105,-159
19511127,-67,-167
19511128,-163,-276
19511129,-111,-272
19511130,-40,-116
19511201,-22,-87
19511202,-16,-81
19511203,-27,-131
19511204,-10,-109
19511205,-32,-136
19511206,-131,-290
19511207,-165,-334
19511208,-157,-173
19511209,-147,-202
19511210,-74,-148
19511211,-56,-292
19511212,-234,-317
19511213,-163,-272
19511214,-169,-248
19511215,-52,-242
19511216,-77,-126
19511217,-105,-191
19511218,-153,-287
19511219,-284,-431
19511220,-400,-471
19511221,-219,-400
19511222,-219,-290
19511223,-282,-452
19511224,-423,-476
19511225,-432,-461
19511226,-417,-461
19511227,-268,-449
19511228,-248,-323
19511229,-253,-354
19511230,-200,-354
19511231,-146,-221
19520101,-150,-375
19520102,-365,-422
19520103,-384,-471
19520104,-425,-456
19520105,-297,-447
19520106,-253,-349
19520107,-195,-359
19520108,-344,-487
19520109,-403,-512
19520110,-268,-403
19520111,-239,-272
19520112,-229,-292
19520113,-151,-236
19520114,-126,-237
19520115,-214,-333
19520116,-194,-270
19520117,-200,-292
19520118,-185,-267
19520119,-119,-188
19520120,-131,-303
19520121,-253,-359
19520122,-334,-431
19520123,-384,-446
19520124,-205,-403
19520125,-205,-297
19520126,-172,-325
19520127,-272,-374
19520128,-324,-436
19520129,-297,-384
19520130,-294,-409
19520131,-318,-422
19520201,-234,-318
19520202,-182,-272
19520203,-171,-222
19520204,-186,-262
19520205,-217,-257
19520206,-194,-256
19520207,-176,-283
19520208,-277,-425
19520209,-226,-313
19520210,-231,-366
19520211,-246,-365
19520212,-296,-442
19520213,-334,-459
19520214,-344,-472
19520215,-291,-465
19520216,-166,-296
19520217,-156,-195
19520218,-187,-318
19520219,-185,-369
19520220,-246,-442
19520221,-192,-366
19520222,-150,-350
19520223,-157,-334
19520224,-166,-400
19520225,-91,-359
19520226,-112,-309
19520227,-125,-333
19520228,-75,-270
19520229,-117,-196
19520301,-169,-364
19520302,-125,-374
19520303,-100,-382
19520304,-121,-347
19520305,-161,-292
19520306,-129,-374
19520307,-114,-385
19520308,-96,-442
19520309,-124,-328
19520310,-49,-229
19520311,-20,-262
19520312,-84,-155
19520313,-121,-296
19520314,-113,-292
19520315,-116,-344
19520316,-88,-341
19520317,-16,-171
19520318,20,-246
19520319,-65,-197
19520320,-127,-310
19520321,-128,-254
19520322,-129,-319
19520323,-76,-344
19520324,-111,-344
19520325,-111,-379
19520326,-52,-212
19520327,-93,-202
19520328,-95,-325
19520329,-36,-217
19520330,-61,-260
19520331,-91,-267
19520401,37,-99
19520402,-23,-225
19520403,-97,-283
19520404,-67,-344
19520405,-72,-339
19520406,-76,-216
19520407,-84,-328
19520408,-90,-187
19520409,-40,-328
19520410,-3,-318
19520411,21,-272
19520412,0,-255
19520413,-12,-265
19520414,-6,-278
19520415,-15,-262
19520416,-21,-171
19520417,-23,-171
19520418,-12,-237
19520419,41,-244
19520420,72,-230
19520421,110,-176
19520422,131,-113
19520423,121,-85
19520424,131,-51
19520425,144,-94
19520426,125,-41
19520427,89,-26
19520428,87,-9
19520429,58,-41
19520430,74,9
19520501,77,-43
19520502,47,2
19520503,51,-21
19520504,64,-112
19520505,-14,-101
19520506,47,-87
19520507,63,-6
19520508,57,-74
19520509,86,-4
19520510,221,-11
19520511,120,38
19520512,104,-53
19520513,110,4
19520514,77,-6
19520515,120,-33
19520516,50,-54
19520517,37,-70
19520518,84,-60
19520519,116,-45
19520520,138,-22
19520521,183,-27
19520522,164,-12
19520523,108,-25
19520524,115,-30
19520525,127,33
19520526,159,4
19520527,142,10
19520528,147,52
19520529,198,41
19520530,187,51
19520531,188,70
19520601,182,35
19520602,132,-51
19520603,121,-28
19520604,240,68
19520605,298,102
19520606,260,113
19520607,186,-3
19520608,265,30
19520609,292,62
19520610,258,104
19520611,213,125
19520612,242,11
19520613,227,55
19520614,206,111
19520615,236,95
19520616,240,55
19520617,181,100
19520618,162,28
19520619,126,33
19520620,108,28
19520621,81,28
19520622,117,6
19520623,216,66
19520624,278,20
19520625,272,116
19520626,274,123
19520627,176,106
19520628,230,51
19520629,303,128
19520630,292,110
19520701,313,100
19520702,246,135
19520703,248,107
19520704,297,95
19520705,278,129
19520706,284,76
19520707,292,61
19520708,285,72
19520709,290,135
19520710,258,150
19520711,245,94
19520712,260,65
19520713,216,65
19520714,202,144
19520715,219,114
19520716,199,70
19520717,211,58
19520718,254,26
19520719,256,39
19520720,200,46
19520721,195,7
19520722,205,104
19520723,194,42
19520724,192,30
19520725,156,31
19520726,185,30
19520727,186,27
19520728,206,73
19520729,245,36
19520730,218,80
19520731,274,102
19520801,311,134
19520802,287,108
19520803,192,58
19520804,217,28
19520805,154,110
19520806,166,-3
19520807,196,35
19520808,224,-11
19520809,236,4
19520810,220,48
19520811,178,115
19520812,152,114
19520813,200,15
19520814,238,20
19520815,261,19
19520816,223,65
19520817,224,90
19520818,195,81
19520819,206,130
19520820,220,87
19520821,178,82
19520822,195,36
19520823,139,50
19520824,128,94
19520825,168,0
19520826,201,70
19520827,204,81
19520828,206,15
19520829,190,92
19520830,214,51
19520831,227,34
19520901,213,38
19520902,240,62
19520903,192,32
19520904,208,15
19520905,198,34
19520906,211,79
19520907,192,17
19520908,197,-10
19520909,212,-1
19520910,167,33
19520911,81,-14
19520912,111,-22
19520913,95,-17
19520914,95,20
19520915,75,7
19520916,127,-10
19520917,156,-20
19520918,152,-18
19520919,200,-13
19520920,140,-10
19520921,174,18
19520922,165,22
19520923,126,-31
19520924,90,42
19520925,95,35
19520926,70,-1
19520927,86,14
19520928,120,-14
19520929,68,1
19520930,5,-25
19521001,6,-73
19521002,7,-114
19521003,16,-2
19521004,0,-39
19521005,9,-172
19521006,-6,-147
19521007,-40,-220
19521008,-3,-135
19521009,0,-22
19521010,10,-73
19521011,-26,-142
19521012,-20,-115
19521013,-32,-215
19521014,-46,-190
19521015,5,-60
19521016,-5,-59
19521017,-52,-135
19521018,-85,-191
19521019,-91,-156
19521020,-53,-162
19521021,-36,-76
19521022,-63,-175
19521023,-91,-168
19521024,20,-143
19521025,18,-98
19521026,-91,-176
19521027,-111,-205
19521028,-118,-261
19521029,-185,-338
19521030,-116,-317
19521031,-79,-138
19521101,-119,-215
19521102,-136,-236
19521103,-143,-218
19521104,-206,-372
19521105,-271,-417
19521106,-301,-399
19521107,-256,-362
19521108,-285,-424
19521109,-334,-441
19521110,-306,-414
19521111,-266,-389
19521112,-269,-379
19521113,-161,-276
19521114,-135,-165
19521115,-151,-332
19521116,-329,-426
19521117,-170,-399
19521118,-146,-195
19521119,-127,-237
19521120,-206,-379
19521121,-379,-458
19521122,-338,-445
19521123,-271,-338
19521124,-274,-333
19521125,-306,-369
19521126,-369,-451
19521127,-451,-484
19521128,-470,-510
19521129,-283,-486
19521130,-237,-291
19521201,9999,-256
19521202,9999,-281
19521203,9999,-379
19521204,9999,-384
19521205,9999,-414
19521206,9999,-409
19521207,9999,-310
19521208,9999,-164
19521209,9999,-350
19521210,9999,-257
19521211,9999,-325
19521212,9999,-281
19521213,9999,-314
19521214,9999,-409
19521215,9999,-382
19521216,9999,-455
19521217,9999,-441
19521218,9999,-511
19521219,9999,-536
19521220,9999,-542
19521221,9999,-532
19521222,9999,-522
19521223,9999,-517
19521224,9999,-516
19521225,9999,-475
19521226,9999,-456
19521227,9999,-473
19521228,9999,-435
19521229,9999,-506
19521230,9999,-522
19521231,9999,-530
19530101,-395,-524
19530102,-281,-395
19530103,-289,-433
19530104,-301,-415
19530105,-299,-431
19530106,-316,-482
19530107,-276,-344
19530108,-304,-436
19530109,-389,-487
19530110,-376,-431
19530111,-428,-466
19530112,-342,-466
19530113,-256,-347
19530114,-279,-344
19530115,-267,-328
19530116,-191,-272
19530117,-241,-333
19530118,-195,-285
19530119,-186,-329
19530120,-90,-193
19530121,-36,-105
19530122,-85,-213
19530123,-181,-229
19530124,-205,-258
19530125,-219,-297
19530126,-189,-294
19530127,-286,-427
19530128,-281,-371
19530129,-221,-379
19530130,-225,-397
19530131,-301,-425
19530201,-266,-381
19530202,-256,-413
19530203,-271,-414
19530204,-301,-425
19530205,-296,-427
19530206,-298,-435
19530207,-294,-421
19530208,-257,-363
19530209,-281,-417
19530210,-156,-310
19530211,-199,-343
19530212,-206,-330
19530213,-201,-329
19530214,-221,-365
19530215,-169,-353
19530216,-185,-368
19530217,-196,-400
19530218,-204,-390
19530219,-205,-376
19530220,-47,-208
19530221,-126,-288
19530222,-152,-378
19530223,-119,-253
19530224,-28,-153
19530225,8,-58
19530226,-20,-168
19530227,-134,-276
19530228,-104,-237
19530301,-71,-272
19530302,-66,-151
19530303,-100,-257
19530304,-28,-116
19530305,-42,-140
19530306,-65,-126
19530307,-54,-225
19530308,-67,-323
19530309,-37,-191
19530310,-44,-303
19530311,-30,-323
19530312,-33,-303
19530313,-41,-228
19530314,-72,-231
19530315,-44,-250
19530316,-72,-333
19530317,-30,-142
19530318,-22,-119
19530319,-115,-352
19530320,-67,-269
19530321,-40,-209
19530322,-61,-259
19530323,-171,-360
19530324,-28,-231
19530325,-37,-174
19530326,5,-314
19530327,15,-194
19530328,78,-31
19530329,54,-81
19530330,30,-84
19530331,44,-87
19530401,45,-51
19530402,66,-136
19530403,110,-111
19530404,81,-61
19530405,26,-35
19530406,30,-116
19530407,-40,-128
19530408,-27,-252
19530409,15,-146
19530410,78,-51
19530411,121,-95
19530412,104,-102
19530413,120,-117
19530414,111,-106
19530415,144,-103
19530416,112,-79
19530417,121,-75
19530418,122,-91
19530419,150,-79
19530420,168,-71
19530421,176,-63
19530422,187,-68
19530423,140,-55
19530424,175,-51
19530425,90,-12
19530426,19,-61
19530427,34,-96
19530428,70,3
19530429,4,-103
19530430,-61,-156
19530501,-10,-106
19530502,22,-137
19530503,74,-61
19530504,28,-96
19530505,6,-114
19530506,60,-3
19530507,30,-40
19530508,38,-57
19530509,78,-96
19530510,106,-85
19530511,76,-33
19530512,203,8
19530513,183,-10
19530514,143,-20
19530515,60,-34
19530516,46,-40
19530517,40,-56
19530518,71,-67
19530519,84,-28
19530520,130,-69
19530521,141,-45
19530522,155,-33
19530523,136,41
19530524,144,53
19530525,156,-3
19530526,204,48
19530527,247,9
19530528,243,44
19530529,226,82
19530530,221,10
19530531,259,-2
19530601,304,25
19530602,314,105
19530603,308,91
19530604,287,84
19530605,170,32
19530606,167,10
19530607,164,18
19530608,279,-2
19530609,278,44
19530610,210,89
19530611,196,111
19530612,196,-2
19530613,245,9
19530614,225,55
19530615,157,95
19530616,194,28
19530617,164,104
19530618,146,83
19530619,143,-6
19530620,177,10
19530621,226,-2
19530622,239,10
19530623,275,33
19530624,295,65
19530625,273,124
19530626,234,38
19530627,252,110
19530628,279,83
19530629,286,74
19530630,310,99
19530701,278,141
19530702,243,74
19530703,265,138
19530704,316,97
19530705,328,160
19530706,299,175
19530707,286,86
19530708,251,101
19530709,263,68
19530710,229,110
19530711,249,70
19530712,239,84
19530713,239,90
19530714,256,98
19530715,245,98
19530716,206,140
19530717,243,138
19530718,259,113
19530719,282,129
19530720,317,115
19530721,315,121
19530722,311,107
19530723,239,135
19530724,224,96
19530725,285,98
19530726,300,92
19530727,273,165
19530728,264,155
19530729,252,172
19530730,253,117
19530731,245,110
19530801,249,109
19530802,234,89
19530803,231,100
19530804,264,107
19530805,293,98
19530806,252,95
19530807,282,35
19530808,264,89
19530809,205,56
19530810,175,100
19530811,184,110
19530812,178,21
19530813,166,95
19530814,246,96
19530815,245,20
19530816,227,18
19530817,168,28
19530818,136,31
19530819,166,31
19530820,210,64
19530821,172,-12
19530822,166,80
19530823,156,40
19530824,145,-15
19530825,114,-10
19530826,182,94
19530827,147,52
19530828,102,34
19530829,96,1
19530830,106,-8
19530831,96,-8
19530901,117,32
19530902,100,-5
19530903,101,50
19530904,180,100
19530905,155,90
19530906,124,56
19530907,105,45
19530908,110,45
19530909,196,63
19530910,241,36
19530911,199,58
19530912,150,33
19530913,113,0
19530914,90,45
19530915,72,20
19530916,52,17
19530917,125,50
19530918,209,22
19530919,156,29
19530920,184,-30
19530921,121,-36
19530922,65,25
19530923,65,11
19530924,28,-5
19530925,32,-27
19530926,22,-26
19530927,20,-21
19530928,59,-6
19530929,75,-13
19530930,26,-59
19531001,58,4
19531002,86,21
19531003,85,43
19531004,133,20
19531005,150,-42
19531006,62,-35
19531007,72,-8
19531008,70,-68
19531009,42,-38
19531010,25,-5
19531011,62,-39
19531012,42,1
19531013,25,-5
19531014,60,10
19531015,17,-25
19531016,-6,-39
19531017,-4,-35
19531018,20,-22
19531019,-2,-27
19531020,-19,-74
19531021,-35,-96
19531022,15,-54
19531023,15,-16
19531024,-14,-181
19531025,-121,-181
19531026,-121,-221
19531027,-126,-267
19531028,-116,-237
19531029,-196,-323
19531030,-177,-313
19531031,-201,-352
19531101,-192,-263
19531102,-199,-281
19531103,-174,-321
19531104,-155,-265
19531105,-119,-248
19531106,-218,-319
19531107,-108,-225
19531108,-115,-146
19531109,-119,-221
19531110,-151,-231
19531111,-187,-296
19531112,-182,-312
19531113,-154,-237
19531114,-200,-272
19531115,-165,-242
19531116,-209,-303
19531117,-295,-364
19531118,-301,-362
19531119,-227,-308
19531120,-197,-313
19531121,-131,-244
19531122,-155,-242
19531123,-187,-254
19531124,-198,-257
19531125,-227,-323
19531126,-167,-248
19531127,-172,-303
19531128,-283,-344
19531129,-288,-349
19531130,-290,-364
19531201,-247,-374
19531202,-208,-254
19531203,-129,-226
19531204,-151,-313
19531205,-298,-354
19531206,-252,-380
19531207,-210,-268
19531208,-71,-219
19531209,-14,-167
19531210,-109,-186
19531211,-143,-254
19531212,-237,-350
19531213,-170,-239
19531214,-192,-258
19531215,-139,-242
19531216,-132,-175
19531217,-164,-273
19531218,-264,-410
19531219,-286,-434
19531220,-234,-303
19531221,-64,-297
19531222,-81,-191
19531223,-116,-246
19531224,-146,-272
19531225,-127,-188
19531226,-133,-171
19531227,-167,-211
19531228,-165,-197
19531229,-161,-237
19531230,-192,-305
19531231,-252,-318
19540101,-220,-295
19540102,-166,-313
19540103,-149,-191
19540104,-165,-267
19540105,-243,-273
19540106,-206,-309
19540107,-210,-395
19540108,-318,-379
19540109,-197,-354
19540110,-99,-207
19540111,-204,-308
19540112,-249,-308
19540113,-283,-374
19540114,-328,-403
19540115,-396,-455
19540116,-352,-444
19540117,-379,-436
19540118,-395,-462
19540119,-323,-425
19540120,-276,-323
19540121,-182,-320
19540122,-164,-227
19540123,-174,-237
19540124,-164,-228
19540125,-222,-345
19540126,-328,-425
19540127,-341,-439
19540128,-400,-461
19540129,-354,-436
19540130,-323,-390
19540131,-368,-456
19540201,-328,-419
19540202,-265,-382
19540203,-223,-354
19540204,-209,-323
19540205,-268,-405
19540206,-123,-307
19540207,-27,-165
19540208,-159,-328
19540209,-323,-417
19540210,-289,-433
19540211,-288,-428
19540212,-379,-475
19540213,-398,-485
19540214,-378,-499
19540215,-395,-492
19540216,-312,-401
19540217,-258,-350
19540218,-274,-412
19540219,-242,-419
19540220,-119,-250
19540221,-83,-187
19540222,-83,-232
19540223,-229,-308
19540224,-261,-366
19540225,-271,-444
19540226,-317,-456
19540227,-258,-472
19540228,-190,-421
19540301,-146,-276
19540302,-153,-259
19540303,-178,-409
19540304,-162,-411
19540305,-161,-408
19540306,-146,-400
19540307,-127,-308
19540308,-146,-275
19540309,-208,-444
19540310,-120,-286
19540311,-64,-167
19540312,-41,-247
19540313,-20,-131
19540314,-7,-77
19540315,30,-201
19540316,-15,-174
19540317,-126,-282
19540318,-26,-205
19540319,14,-277
19540320,3,-66
19540321,-65,-197
19540322,-36,-278
19540323,0,-252
19540324,22,-259
19540325,-23,-237
19540326,-24,-225
19540327,-18,-106
19540328,-101,-308
19540329,-26,-325
19540330,12,-298
19540331,-21,-233
19540401,-3,-262
19540402,10,-159
19540403,-11,-57
19540404,-18,-82
19540405,-35,-248
19540406,-29,-117
19540407,-39,-252
19540408,-14,-274
19540409,26,-117
19540410,23,-104
19540411,-8,-119
19540412,-51,-258
19540413,6,-182
19540414,12,-167
19540415,56,-232
19540416,40,-81
19540417,85,-136
19540418,110,-85
19540419,87,-76
19540420,51,-13
19540421,-4,-81
19540422,-12,-122
19540423,34,-162
19540424,33,-121
19540425,44,-161
19540426,83,-145
19540427,122,-103
19540428,136,-84
19540429,148,-45
19540430,140,-66
19540501,110,-40
19540502,144,-16
19540503,173,-48
19540504,115,-4
19540505,106,-28
19540506,78,-18
19540507,62,-81
19540508,66,1
19540509,108,-2
19540510,101,25
19540511,70,-15
19540512,75,-20
19540513,92,-44
19540514,80,-19
19540515,53,-48
19540516,26,-51
19540517,25,-20
19540518,63,-38
19540519,110,-16
19540520,92,9
19540521,82,-51
19540522,130,-76
19540523,158,-23
19540524,152,-22
19540525,69,8
19540526,98,-18
19540527,240,35
19540528,193,32
19540529,140,36
19540530,90,4
19540531,122,-6
19540601,173,-44
19540602,164,58
19540603,138,55
19540604,204,-16
19540605,241,16
19540606,279,15
19540607,309,30
19540608,306,19
19540609,324,72
19540610,330,70
19540611,301,104
19540612,276,92
19540613,256,97
19540614,257,80
19540615,282,51
19540616,266,64
19540617,231,68
19540618,210,35
19540619,205,80
19540620,186,56
19540621,208,44
19540622,244,5
19540623,283,101
19540624,205,100
19540625,194,25
19540626,241,95
19540627,235,65
19540628,249,106
19540629,254,128
19540630,230,130
19540701,166,80
19540702,170,91
19540703,171,105
19540704,215,25
19540705,258,25
19540706,201,118
19540707,197,93
19540708,160,55
19540709,157,101
19540710,184,100
19540711,236,60
19540712,249,85
19540713,199,125
19540714,212,54
19540715,193,10
19540716,153,85
19540717,160,0
19540718,153,81
19540719,180,34
19540720,219,110
19540721,219,85
19540722,209,125
19540723,193,85
19540724,269,96
19540725,255,105
19540726,291,167
19540727,300,130
19540728,286,182
19540729,264,170
19540730,279,145
19540731,279,140
19540801,289,136
19540802,287,135
19540803,299,140
19540804,318,160
19540805,306,153
19540806,254,165
19540807,212,110
19540808,234,112
19540809,251,105
19540810,269,90
19540811,279,74
19540812,275,100
19540813,274,118
19540814,214,105
19540815,234,110
19540816,215,95
19540817,194,145
19540818,225,30
19540819,241,30
19540820,244,20
19540821,235,36
19540822,234,16
19540823,186,110
19540824,150,69
19540825,140,80
19540826,120,35
19540827,140,76
19540828,143,15
19540829,159,-13
19540830,148,-11
19540831,178,30
19540901,212,36
19540902,219,56
19540903,204,80
19540904,194,15
19540905,150,35
19540906,180,113
19540907,165,95
19540908,130,60
19540909,134,2
19540910,116,25
19540911,72,10
19540912,83,-51
19540913,66,20
19540914,71,0
19540915,54,-10
19540916,83,35
19540917,80,24
19540918,58,-21
19540919,117,41
19540920,60,25
19540921,98,-61
19540922,141,-5
19540923,135,-45
19540924,124,-24
19540925,96,0
19540926,105,40
19540927,50,11
19540928,25,-53
19540929,25,-103
19540930,-10,-133
19541001,18,-34
19541002,-6,-61
19541003,-2,-131
19541004,-8,-42
19541005,1,-72
19541006,-9,-51
19541007,8,-73
19541008,41,-36
19541009,44,10
19541010,40,-61
19541011,25,-32
19541012,70,-138
19541013,43,-6
19541014,-6,-40
19541015,-2,-62
19541016,0,-25
19541017,4,-40
19541018,15,-23
19541019,40,-18
19541020,72,4
19541021,48,-33
19541022,60,-30
19541023,-10,-96
19541024,-10,-59
19541025,-23,-56
19541026,-21,-71
19541027,17,-30
19541028,3,-35
19541029,10,-20
19541030,-8,-75
19541031,6,-81
19541101,2,-145
19541102,-111,-217
19541103,-112,-219
19541104,-64,-128
19541105,-76,-151
19541106,-122,-240
19541107,-114,-219
19541108,-172,-333
19541109,-137,-204
19541110,-156,-260
19541111,-232,-364
19541112,-106,-267
19541113,-81,-217
19541114,-143,-282
19541115,-214,-329
19541116,-103,-216
19541117,-55,-131
19541118,-56,-132
19541119,-131,-231
19541120,-227,-278
19541121,-235,-299
19541122,-279,-335
19541123,-263,-350
19541124,-273,-368
19541125,-254,-370
19541126,-240,-310
19541127,-141,-258
19541128,-137,-173
19541129,-151,-198
19541130,-151,-227
19541201,-163,-298
19541202,-298,-366
19541203,-339,-377
19541204,-303,-395
19541205,-250,-339
19541206,-232,-333
19541207,-172,-267
19541208,-116,-179
19541209,-116,-216
19541210,-95,-202
19541211,-109,-298
19541212,-298,-407
19541213,-228,-366
19541214,-217,-274
19541215,-182,-247
19541216,-165,-341
19541217,-320,-436
19541218,-425,-477
19541219,-446,-493
19541220,-490,-504
19541221,-466,-514
19541222,-450,-484
19541223,-431,-466
19541224,-425,-446
19541225,-385,-454
19541226,-246,-390
19541227,-212,-248
19541228,-212,-316
19541229,-266,-361
19541230,-146,-296
19541231,-296,-364
19550101,-338,-369
19550102,-328,-394
19550103,-232,-329
19550104,-196,-339
19550105,-297,-379
19550106,-146,-354
19550107,-125,-155
19550108,-143,-314
19550109,-224,-354
19550110,-224,-344
19550111,-245,-330
19550112,-283,-369
19550113,-369,-431
19550114,-277,-410
19550115,-184,-305
19550116,-132,-224
19550117,-202,-300
19550118,-233,-303
19550119,-288,-354
19550120,-291,-349
19550121,-96,-303
19550122,-73,-126
19550123,-122,-161
19550124,-103,-176
19550125,-128,-221
19550126,-126,-276
19550127,-182,-298
19550128,-267,-350
19550129,-210,-286
19550130,-186,-292
19550131,-229,-361
19550201,-291,-400
19550202,-277,-400
19550203,-283,-359
19550204,-263,-415
19550205,-232,-364
19550206,-263,-374
19550207,-332,-425
19550208,-385,-482
19550209,-328,-431
19550210,-290,-381
19550211,-380,-477
19550212,-379,-489
19550213,-369,-483
19550214,-340,-482
19550215,-321,-466
19550216,-250,-351
19550217,-271,-449
19550218,-214,-329
19550219,-96,-238
19550220,-93,-161
19550221,-156,-309
19550222,-101,-313
19550223,-137,-242
19550224,-140,-233
19550225,-230,-338
19550226,-239,-436
19550227,-242,-425
19550228,-217,-432
19550301,-192,-395
19550302,-178,-354
19550303,-159,-237
19550304,-149,-359
19550305,-134,-318
19550306,-151,-324
19550307,-147,-341
19550308,-111,-272
19550309,-133,-364
19550310,-174,-379
19550311,-131,-352
19550312,-115,-221
19550313,-129,-310
19550314,-107,-282
19550315,-117,-338
19550316,-130,-373
19550317,-125,-354
19550318,-163,-354
19550319,-101,-376
19550320,-97,-364
19550321,-128,-352
19550322,-75,-292
19550323,-77,-354
19550324,-80,-329
19550325,-41,-221
19550326,-35,-196
19550327,-75,-242
19550328,42,-183
19550329,2,-164
19550330,-66,-344
19550331,-75,-248
19550401,95,-141
19550402,47,-51
19550403,30,-35
19550404,64,-79
19550405,35,-30
19550406,20,-216
19550407,20,-211
19550408,16,-141
19550409,28,-206
19550410,37,-191
19550411,-5,-141
19550412,-41,-176
19550413,-72,-262
19550414,-35,-287
19550415,14,-272
19550416,47,-221
19550417,72,-187
19550418,84,-141
19550419,84,-121
19550420,50,-106
19550421,43,-76
19550422,109,0
19550423,130,-27
19550424,90,15
19550425,30,-106
19550426,57,-30
19550427,60,-116
19550428,38,-33
19550429,14,-56
19550430,-41,-71
19550501,-2,-86
19550502,35,-161
19550503,60,-89
19550504,98,-10
19550505,80,8
19550506,37,-27
19550507,78,-59
19550508,85,-59
19550509,82,2
19550510,164,13
19550511,130,-12
19550512,132,10
19550513,98,-26
19550514,100,-5
19550515,122,-36
19550516,64,4
19550517,65,-10
19550518,58,-63
19550519,78,-71
19550520,67,0
19550521,50,-6
19550522,19,-43
19550523,74,-64
19550524,85,-30
19550525,63,-35
19550526,115,0
19550527,197,-13
19550528,262,0
19550529,320,65
19550530,321,42
19550531,290,45
19550601,194,21
19550602,112,26
19550603,114,25
19550604,169,90
19550605,160,34
19550606,140,-16
19550607,155,-25
19550608,132,70
19550609,130,94
19550610,125,5
19550611,263,65
19550612,279,75
19550613,249,93
19550614,189,-20
19550615,244,15
19550616,234,80
19550617,164,70
19550618,155,5
19550619,191,23
19550620,160,55
19550621,180,0
19550622,185,100
19550623,244,120
19550624,236,135
19550625,271,60
19550626,294,85
19550627,262,120
19550628,237,85
19550629,239,95
19550630,266,85
19550701,288,55
19550702,315,62
19550703,322,110
19550704,302,120
19550705,288,138
19550706,298,70
19550707,223,126
19550708,218,146
19550709,262,70
19550710,255,105
19550711,243,136
19550712,224,95
19550713,262,100
19550714,230,86
19550715,219,50
19550716,216,90
19550717,255,70
19550718,214,82
19550719,217,45
19550720,201,45
19550721,235,115
19550722,219,111
19550723,227,113
19550724,197,136
19550725,195,117
19550726,209,30
19550727,215,34
19550728,233,42
19550729,196,50
19550730,236,110
19550731,215,65
19550801,224,75
19550802,177,70
19550803,146,89
19550804,176,64
19550805,204,6
19550806,244,62
19550807,261,75
19550808,289,120
19550809,203,80
19550810,234,15
19550811,267,30
19550812,236,126
19550813,192,112
19550814,164,82
19550815,180,8
19550816,241,74
19550817,215,100
19550818,209,50
19550819,178,34
19550820,178,25
19550821,196,1
19550822,204,8
19550823,196,8
19550824,196,41
19550825,185,0
19550826,185,-6
19550827,192,-13
19550828,214,35
19550829,156,75
19550830,181,44
19550831,211,55
19550901,156,56
19550902,115,20
19550903,128,79
19550904,150,30
19550905,125,74
19550906,125,65
19550907,110,26
19550908,91,-5
19550909,136,10
19550910,130,-4
19550911,136,34
19550912,152,48
19550913,199,-46
19550914,163,-71
19550915,180,-76
19550916,165,-61
19550917,112,40
19550918,167,34
19550919,77,24
19550920,85,9
19550921,95,20
19550922,57,-25
19550923,34,-59
19550924,24,-101
19550925,20,-64
19550926,32,-53
19550927,54,-141
19550928,40,-20
19550929,50,-26
19550930,66,-5
19551001,49,0
19551002,30,-16
19551003,69,-20
19551004,37,-81
19551005,75,2
19551006,45,0
19551007,82,-10
19551008,66,-20
19551009,20,-108
19551010,10,-51
19551011,45,-23
19551012,18,-19
19551013,40,0
19551014,35,-5
19551015,20,-36
19551016,-2,-48
19551017,40,-26
19551018,30,-8
19551019,12,-32
19551020,40,-35
19551021,35,-38
19551022,65,-51
19551023,30,-5
19551024,0,-46
19551025,-40,-116
19551026,-46,-79
19551027,-60,-163
19551028,-124,-248
19551029,-41,-125
19551030,12,-45
19551031,12,-15
19551101,36,-15
19551102,10,-28
19551103,-24,-51
19551104,-3,-45
19551105,-1,-45
19551106,-7,-94
19551107,-90,-171
19551108,-41,-121
19551109,-89,-183
19551110,-66,-104
19551111,-102,-203
19551112,-202,-313
19551113,-268,-344
19551114,-258,-395
19551115,-186,-259
19551116,-20,-188
19551117,-136,-358
19551118,-240,-427
19551119,-111,-242
19551120,-76,-165
19551121,-51,-114
19551122,-61,-248
19551123,-227,-271
19551124,-121,-231
19551125,-59,-181
19551126,-172,-294
19551127,-210,-344
19551128,-111,-247
19551129,-123,-272
19551130,-136,-252
19551201,-41,-141
19551202,-41,-183
19551203,-177,-237
19551204,-217,-344
19551205,-344,-459
19551206,-308,-465
19551207,-222,-313
19551208,-20,-225
19551209,-70,-364
19551210,-275,-385
19551211,-230,-308
19551212,-232,-313
19551213,-290,-462
19551214,-460,-507
19551215,-288,-480
19551216,-217,-288
19551217,-220,-272
19551218,-240,-396
19551219,-390,-466
19551220,-437,-499
19551221,-497,-535
19551222,-360,-522
19551223,-304,-362
19551224,-342,-451
19551225,-448,-483
19551226,-397,-466
19551227,-431,-461
19551228,-431,-462
19551229,-451,-472
19551230,-389,-451
19551231,-288,-400
19560101,-140,-423
19560102,-340,-435
19560103,-378,-456
19560104,-278,-380
19560105,-301,-395
19560106,-283,-376
19560107,-247,-296
19560108,-194,-303
19560109,-117,-209
19560110,-95,-162
19560111,-102,-290
19560112,-288,-405
19560113,-395,-456
19560114,-417,-461
19560115,-451,-499
19560116,-462,-522
19560117,-497,-537
19560118,-457,-537
19560119,-350,-457
19560120,-285,-428
19560121,-214,-308
19560122,-197,-332
19560123,-283,-415
19560124,-218,-300
19560125,-163,-257
19560126,-123,-200
19560127,-126,-323
19560128,-182,-267
19560129,-196,-337
19560130,-330,-442
19560131,-259,-366
19560201,-269,-382
19560202,-346,-431
19560203,-365,-483
19560204,-151,-385
19560205,-186,-323
19560206,-274,-417
19560207,-225,-313
19560208,-273,-388
19560209,-154,-338
19560210,-121,-255
19560211,-151,-272
19560212,-177,-309
19560213,-153,-297
19560214,-182,-354
19560215,-131,-354
19560216,-117,-303
19560217,-106,-248
19560218,-187,-335
19560219,-139,-339
19560220,-86,-315
19560221,-121,-227
19560222,-192,-370
19560223,-128,-231
19560224,-131,-319
19560225,-178,-378
19560226,-182,-411
19560227,-161,-410
19560228,-115,-385
19560229,-93,-247
19560301,-116,-358
19560302,-85,-323
19560303,-79,-257
19560304,-87,-306
19560305,-81,-282
19560306,-78,-306
19560307,-41,-303
19560308,-31,-297
19560309,-31,-303
19560310,-29,-81
19560311,-51,-257
19560312,-70,-274
19560313,-87,-266
19560314,-54,-158
19560315,-68,-136
19560316,-48,-176
19560317,-20,-111
19560318,-20,-148
19560319,-66,-247
19560320,-106,-213
19560321,-207,-400
19560322,-158,-422
19560323,-99,-396
19560324,-54,-306
19560325,-41,-303
19560326,-25,-186
19560327,-69,-272
19560328,-18,-277
19560329,10,-287
19560330,45,-237
19560331,58,-252
19560401,60,-226
19560402,72,-231
19560403,80,-201
19560404,70,-91
19560405,40,-117
19560406,70,-35
19560407,45,-13
19560408,45,-67
19560409,10,-131
19560410,-5,-121
19560411,-10,-81
19560412,-20,-176
19560413,-8,-211
19560414,-5,-266
19560415,-37,-161
19560416,1,-247
19560417,0,-61
19560418,13,-135
19560419,24,-191
19560420,27,-122
19560421,20,-143
19560422,48,-201
19560423,26,-138
19560424,43,-157
19560425,48,-151
19560426,45,-30
19560427,105,-6
19560428,13,-46
19560429,0,-86
19560430,8,-96
19560501,-5,-192
19560502,15,-180
19560503,45,-156
19560504,60,-99
19560505,40,2
19560506,76,-18
19560507,102,-68
19560508,120,-55
19560509,115,-22
19560510,125,14
19560511,96,0
19560512,120,-52
19560513,199,-25
19560514,132,-24
19560515,98,24
19560516,104,-20
19560517,58,-19
19560518,93,-30
19560519,88,-37
19560520,106,-47
19560521,168,-22
19560522,134,16
19560523,190,7
19560524,173,60
19560525,106,15
19560526,82,-20
19560527,102,25
19560528,99,-16
19560529,137,0
19560530,150,-34
19560531,203,-15
19560601,180,26
19560602,211,-13
19560603,247,-10
19560604,279,5
19560605,304,16
19560606,279,80
19560607,264,10
19560608,249,15
19560609,253,26
19560610,279,22
19560611,260,44
19560612,262,38
19560613,223,62
19560614,117,40
19560615,120,-23
19560616,140,60
19560617,184,65
19560618,168,82
19560619,152,34
19560620,106,40
19560621,117,20
19560622,114,-3
19560623,140,20
19560624,160,9
19560625,154,34
19560626,172,90
19560627,186,109
19560628,177,17
19560629,199,60
19560630,188,68
19560701,220,0
19560702,154,88
19560703,201,99
19560704,264,68
19560705,272,50
19560706,277,106
19560707,307,100
19560708,289,90
19560709,310,110
19560710,286,120
19560711,284,106
19560712,292,135
19560713,293,114
19560714,303,135
19560715,299,150
19560716,292,106
19560717,279,116
19560718,240,136
19560719,243,166
19560720,256,149
19560721,274,140
19560722,237,126
19560723,276,109
19560724,255,110
19560725,216,160
19560726,236,136
19560727,249,86
19560728,236,133
19560729,236,130
19560730,257,115
19560731,243,150
19560801,252,79
19560802,219,105
19560803,194,80
19560804,211,121
19560805,192,30
19560806,165,63
19560807,153,64
19560808,170,15
19560809,179,11
19560810,135,99
19560811,173,72
19560812,217,93
19560813,231,55
19560814,259,82
19560815,231,149
19560816,216,61
19560817,203,85
19560818,154,68
19560819,174,15
19560820,178,0
19560821,189,-4
19560822,175,-11
19560823,138,12
19560824,199,97
19560825,231,33
19560826,184,95
19560827,211,15
19560828,224,21
19560829,233,70
19560830,210,7
19560831,202,55
19560901,136,79
19560902,135,80
19560903,176,75
19560904,212,17
19560905,215,40
19560906,211,22
19560907,178,22
19560908,145,35
19560909,229,-14
19560910,160,71
19560911,141,-35
19560912,100,55
19560913,100,1
19560914,92,-6
19560915,120,-26
19560916,80,15
19560917,45,-30
19560918,67,-20
19560919,44,6
19560920,66,10
19560921,72,28
19560922,58,15
19560923,60,18
19560924,107,-8
19560925,103,-55
19560926,64,15
19560927,53,-81
19560928,27,-60
19560929,80,19
19560930,50,0
19561001,5,-27
19561002,20,-10
19561003,73,10
19561004,46,-29
19561005,30,2
19561006,44,2
19561007,10,-84
19561008,-23,-68
19561009,-23,-66
19561010,25,-45
19561011,36,9
19561012,15,-10
19561013,61,-23
19561014,13,-110
19561015,-85,-214
19561016,-111,-257
19561017,-74,-257
19561018,-76,-192
19561019,-12,-96
19561020,7,-25
19561021,4,-40
19561022,-11,-53
19561023,15,-30
19561024,20,-10
19561025,10,-14
19561026,5,-20
19561027,0,-46
19561028,-13,-55
19561029,5,-35
19561030,-26,-75
19561031,-41,-112
19561101,-95,-216
19561102,-104,-204
19561103,-96,-186
19561104,-57,-111
19561105,-38,-80
19561106,-43,-96
19561107,-83,-193
19561108,-122,-245
19561109,-202,-303
19561110,-138,-260
19561111,-187,-309
19561112,-44,-189
19561113,-56,-136
19561114,-77,-103
19561115,-56,-81
19561116,-63,-163
19561117,-163,-284
19561118,-222,-308
19561119,-230,-304
19561120,-242,-333
19561121,-224,-303
19561122,-234,-303
19561123,-93,-237
19561124,-111,-333
19561125,-303,-381
19561126,-330,-390
19561127,-303,-400
19561128,-278,-349
19561129,-288,-373
19561130,-223,-288
19561201,-226,-341
19561202,-303,-385
19561203,-355,-401
19561204,-356,-399
19561205,-365,-408
19561206,-377,-413
19561207,-389,-428
19561208,-393,-436
19561209,-302,-419
19561210,-278,-383
19561211,-347,-419
19561212,-301,-359
19561213,-340,-385
19561214,-354,-388
19561215,-311,-366
19561216,-301,-339
19561217,-330,-366
19561218,-326,-364
19561219,-318,-376
19561220,-295,-342
19561221,-295,-369
19561222,-290,-379
19561223,-249,-336
19561224,-250,-296
19561225,-240,-292
19561226,-223,-319
19561227,-258,-325
19561228,-235,-303
19561229,-278,-385
19561230,-315,-400
19561231,-289,-354
19570101,-269,-395
19570102,-318,-420
19570103,-237,-323
19570104,-232,-370
19570105,-136,-237
19570106,-136,-307
19570107,-202,-332
19570108,-187,-304
19570109,-297,-452
19570110,-420,-503
19570111,-283,-421
19570112,-126,-286
19570113,-131,-204
19570114,-125,-210
19570115,-156,-221
19570116,-166,-231
19570117,-166,-248
19570118,-216,-301
19570119,-154,-232
19570120,-182,-258
19570121,-177,-252
19570122,-109,-211
19570123,-187,-247
19570124,-177,-215
19570125,-174,-242
19570126,-175,-221
19570127,-210,-349
19570128,-344,-469
19570129,-405,-466
19570130,-407,-476
19570131,-402,-482
19570201,-402,-485
19570202,-421,-498
19570203,-395,-474
19570204,-400,-472
19570205,-374,-445
19570206,-358,-456
19570207,-301,-429
19570208,-279,-414
19570209,-308,-436
19570210,-287,-404
19570211,-260,-404
19570212,-225,-391
19570213,-237,-413
19570214,-242,-400
19570215,-229,-413
19570216,-238,-393
19570217,-182,-282
19570218,-184,-297
19570219,-214,-382
19570220,-233,-415
19570221,-231,-419
19570222,-234,-400
19570223,-212,-415
19570224,-273,-436
19570225,-212,-427
19570226,-192,-405
19570227,-156,-385
19570228,-161,-349
19570301,-157,-369
19570302,-165,-399
19570303,-154,-409
19570304,-161,-403
19570305,-166,-360
19570306,-133,-327
19570307,-180,-364
19570308,-180,-297
19570309,-169,-419
19570310,-170,-336
19570311,-157,-344
19570312,-118,-378
19570313,-54,-162
19570314,-101,-200
19570315,-61,-313
19570316,-31,-177
19570317,-102,-328
19570318,-61,-267
19570319,51,-171
19570320,35,-163
19570321,-22,-142
19570322,16,-213
19570323,-22,-153
19570324,-41,-278
19570325,-23,-258
19570326,25,-66
19570327,-43,-151
19570328,-59,-287
19570329,-5,-267
19570330,56,-216
19570331,48,-22
19570401,22,-52
19570402,33,-28
19570403,4,-63
19570404,-42,-161
19570405,-49,-231
19570406,-57,-272
19570407,-55,-257
19570408,-6,-231
19570409,33,-61
19570410,21,-86
19570411,46,-87
19570412,101,-151
19570413,56,-20
19570414,13,-114
19570415,12,-168
19570416,-32,-189
19570417,-30,-146
19570418,6,-227
19570419,25,-194
19570420,27,-140
19570421,10,-111
19570422,30,-193
19570423,45,-95
19570424,43,-86
19570425,38,-71
19570426,35,-43
19570427,25,-54
19570428,50,-77
19570429,72,-135
19570430,87,-94
19570501,105,-81
19570502,101,-36
19570503,95,26
19570504,115,5
19570505,84,-67
19570506,35,-36
19570507,42,-60
19570508,76,-96
19570509,89,0
19570510,106,-38
19570511,62,23
19570512,96,0
19570513,77,6
19570514,74,1
19570515,100,-41
19570516,103,3
19570517,66,8
19570518,92,0
19570519,76,8
19570520,91,-22
19570521,106,-1
19570522,95,18
19570523,96,18
19570524,92,-19
19570525,67,25
19570526,67,19
19570527,59,21
19570528,59,6
19570529,66,-23
19570530,60,2
19570531,76,20
19570601,126,31
19570602,193,-22
19570603,243,-4
19570604,240,-1
19570605,281,28
19570606,307,38
19570607,252,125
19570608,260,35
19570609,167,96
19570610,191,74
19570611,168,55
19570612,161,76
19570613,119,15
19570614,160,13
19570615,201,0
19570616,212,19
19570617,166,99
19570618,150,84
19570619,175,47
19570620,183,3
19570621,304,80
19570622,292,147
19570623,269,31
19570624,254,125
19570625,262,32
19570626,266,106
19570627,293,86
19570628,303,82
19570629,316,71
19570630,328,77
19570701,311,101
19570702,316,114
19570703,326,144
19570704,332,121
19570705,292,131
19570706,255,116
19570707,220,32
19570708,232,47
19570709,245,91
19570710,286,67
19570711,309,108
19570712,210,96
19570713,211,46
19570714,251,110
19570715,267,98
19570716,220,113
19570717,197,43
19570718,221,94
19570719,203,144
19570720,181,106
19570721,181,97
19570722,227,54
19570723,234,48
19570724,253,82
19570725,242,96
19570726,272,80
19570727,294,80
19570728,281,135
19570729,236,137
19570730,245,95
19570731,251,84
19570801,198,141
19570802,177,79
19570803,180,108
19570804,235,55
19570805,254,50
19570806,236,99
19570807,224,81
19570808,237,63
19570809,216,142
19570810,252,91
19570811,248,86
19570812,240,119
19570813,252,101
19570814,230,104
19570815,245,95
19570816,230,99
19570817,226,105
19570818,244,78
19570819,240,105
19570820,242,79
19570821,194,75
19570822,131,49
19570823,145,-24
19570824,163,-21
19570825,129,44
19570826,102,-16
19570827,92,39
19570828,131,57
19570829,137,49
19570830,176,54
19570831,165,16
19570901,136,82
19570902,116,14
19570903,118,49
19570904,113,49
19570905,121,-32
19570906,111,79
19570907,121,6
19570908,101,15
19570909,111,-64
19570910,128,54
19570911,75,29
19570912,81,33
19570913,108,26
19570914,106,-5
19570915,129,38
19570916,164,107
19570917,149,55
19570918,57,6
19570919,39,2
19570920,19,-23
19570921,4,-23
19570922,42,-92
19570923,23,-11
19570924,83,13
19570925,114,-13
19570926,92,6
19570927,54,13
19570928,117,41
19570929,128,52
19570930,81,5
19571001,88,17
19571002,47,-21
19571003,27,-60
19571004,5,-30
19571005,32,-9
19571006,17,-25
19571007,-2,-31
19571008,-27,-76
19571009,-48,-68
19571010,-65,-104
19571011,-25,-89
19571012,-2,-61
19571013,-18,-84
19571014,-65,-124
19571015,-67,-167
19571016,0,-72
19571017,22,-6
19571018,40,-9
19571019,20,-18
19571020,-16,-64
19571021,-13,-79
19571022,-3,-22
19571023,-7,-33
19571024,-29,-116
19571025,-60,-121
19571026,-24,-78
19571027,-27,-50
19571028,7,-77
19571029,10,-36
19571030,-32,-233
19571031,-167,-273
19571101,-72,-233
19571102,6,-86
19571103,-52,-162
19571104,-127,-218
19571105,-135,-242
19571106,-67,-141
19571107,-82,-274
19571108,-265,-343
19571109,-284,-367
19571110,-319,-425
19571111,-337,-443
19571112,-208,-339
19571113,-157,-230
19571114,-228,-283
19571115,-204,-281
19571116,-197,-253
19571117,-237,-300
19571118,-210,-270
19571119,-214,-294
19571120,-234,-305
19571121,-259,-386
19571122,-385,-459
19571123,-255,-427
19571124,-269,-348
19571125,-244,-375
19571126,-241,-311
19571127,-181,-259
19571128,-188,-295
19571129,-246,-323
19571130,-201,-294
19571201,-82,-213
19571202,-192,-264
19571203,-157,-242
19571204,-235,-310
19571205,-272,-326
19571206,-319,-408
19571207,-218,-390
19571208,-215,-314
19571209,-248,-354
19571210,-261,-355
19571211,-277,-356
19571212,-223,-375
19571213,-119,-231
19571214,-49,-122
19571215,-52,-205
19571216,-193,-344
19571217,-157,-300
19571218,-77,-172
19571219,-47,-207
19571220,-105,-165
19571221,-103,-168
19571222,-112,-154
19571223,-145,-216
19571224,-77,-197
19571225,-133,-244
19571226,-220,-313
19571227,-293,-394
19571228,-390,-452
19571229,-429,-490
19571230,-359,-433
19571231,-314,-374
19580101,-256,-329
19580102,-167,-261
19580103,-49,-202
19580104,-45,-116
19580105,-111,-329
19580106,-329,-421
19580107,-324,-392
19580108,-342,-436
19580109,-392,-464
19580110,-406,-452
19580111,-402,-449
19580112,-321,-415
19580113,-254,-335
19580114,-254,-304
19580115,-299,-355
19580116,-317,-365
19580117,-364,-419
19580118,-395,-441
19580119,-394,-431
19580120,-287,-400
19580121,-270,-326
19580122,-68,-284
19580123,-81,-116
19580124,-87,-149
19580125,-142,-282
19580126,-170,-219
19580127,-213,-341
19580128,-164,-313
19580129,-151,-185
19580130,-153,-252
19580131,-198,-328
19580201,-289,-365
19580202,-289,-379
19580203,-110,-306
19580204,-117,-213
19580205,-74,-129
19580206,-100,-146
19580207,-137,-219
19580208,-163,-242
19580209,-114,-196
19580210,-72,-205
19580211,-47,-132
19580212,-37,-186
19580213,-47,-110
19580214,-105,-226
19580215,-223,-346
19580216,-289,-391
19580217,-300,-429
19580218,-299,-451
19580219,-311,-451
19580220,-281,-409
19580221,-250,-299
19580222,-248,-359
19580223,-240,-416
19580224,-228,-410
19580225,-223,-399
19580226,-147,-293
19580227,-167,-318
19580228,-172,-354
19580301,-125,-277
19580302,-39,-145
19580303,-35,-97
19580304,-27,-208
19580305,-50,-90
19580306,-51,-159
19580307,-109,-263
19580308,-42,-116
19580309,-25,-116
19580310,-18,-116
19580311,-109,-316
19580312,-212,-400
19580313,-184,-410
19580314,-213,-358
19580315,-199,-378
19580316,-163,-336
19580317,-152,-344
19580318,-142,-328
19580319,-139,-303
19580320,-112,-355
19580321,-124,-348
19580322,-110,-356
19580323,-117,-273
19580324,-114,-338
19580325,-104,-334
19580326,-67,-308
19580327,-17,-234
19580328,0,-107
19580329,-27,-111
19580330,-52,-205
19580331,-57,-173
19580401,-73,-231
19580402,-81,-151
19580403,-95,-191
19580404,-75,-272
19580405,-101,-168
19580406,-80,-272
19580407,-50,-121
19580408,-61,-262
19580409,8,-256
19580410,42,-188
19580411,42,-103
19580412,105,-79
19580413,82,-56
19580414,26,-84
19580415,37,-202
19580416,56,-93
19580417,54,-20
19580418,-11,-141
19580419,-2,-92
19580420,-70,-201
19580421,-57,-247
19580422,-2,-225
19580423,28,-111
19580424,-35,-213
19580425,-83,-181
19580426,-75,-287
19580427,-34,-183
19580428,-15,-165
19580429,-2,-141
19580430,8,-156
19580501,42,-118
19580502,22,-94
19580503,72,-75
19580504,52,-33
19580505,72,-43
19580506,80,-90
19580507,76,-6
19580508,68,-9
19580509,92,-18
19580510,186,-6
19580511,57,-35
19580512,84,-18
19580513,146,-43
19580514,187,-25
19580515,222,28
19580516,139,26
19580517,119,36
19580518,108,-6
19580519,55,-40
19580520,97,-64
19580521,107,16
19580522,234,22
19580523,216,64
19580524,92,-6
19580525,76,23
19580526,37,-35
19580527,64,-53
19580528,121,-51
19580529,133,-15
19580530,135,14
19580531,133,25
19580601,157,-10
19580602,152,-5
19580603,165,17
19580604,106,22
19580605,136,16
19580606,149,2
19580607,180,58
19580608,240,30
19580609,286,74
19580610,299,67
19580611,280,115
19580612,279,105
19580613,321,115
19580614,338,114
19580615,334,103
19580616,263,118
19580617,255,66
19580618,261,102
19580619,170,75
19580620,190,30
19580621,229,25
19580622,225,125
19580623,204,59
19580624,168,39
19580625,140,33
19580626,121,22
19580627,162,21
19580628,155,10
19580629,152,45
19580630,163,65
19580701,168,72
19580702,199,44
19580703,240,40
19580704,250,56
19580705,261,85
19580706,201,105
19580707,232,25
19580708,250,61
19580709,262,85
19580710,277,88
19580711,295,94
19580712,295,123
19580713,283,110
19580714,283,74
19580715,240,94
19580716,220,122
19580717,276,80
19580718,307,116
19580719,287,144
19580720,252,152
19580721,242,136
19580722,213,94
19580723,250,130
19580724,236,120
19580725,240,80
19580726,255,50
19580727,255,100
19580728,220,170
19580729,233,122
19580730,210,74
19580731,193,132
19580801,195,111
19580802,200,125
19580803,207,88
19580804,156,99
19580805,141,61
19580806,177,-6
19580807,186,104
19580808,243,116
19580809,272,119
19580810,262,91
19580811,176,144
19580812,173,62
19580813,170,39
19580814,155,72
19580815,200,47
19580816,161,29
19580817,159,-13
19580818,143,31
19580819,180,91
19580820,151,24
19580821,220,49
19580822,250,84
19580823,235,88
19580824,200,137
19580825,179,79
19580826,141,-5
19580827,137,39
19580828,146,-9
19580829,146,11
19580830,117,54
19580831,122,52
19580901,100,-30
19580902,120,6
19580903,108,31
19580904,101,43
19580905,140,32
19580906,161,0
19580907,113,55
19580908,77,-6
19580909,69,-3
19580910,72,25
19580911,98,44
19580912,71,-4
19580913,30,-6
19580914,82,-25
19580915,126,-30
19580916,153,-23
19580917,140,81
19580918,207,70
19580919,152,36
19580920,74,-3
19580921,73,-5
19580922,46,-1
19580923,42,-40
19580924,53,-45
19580925,28,-65
19580926,37,-31
19580927,33,-75
19580928,8,-16
19580929,23,0
19580930,57,15
19581001,86,20
19581002,62,-61
19581003,93,-18
19581004,58,-15
19581005,27,-15
19581006,-3,-46
19581007,28,-35
19581008,-1,-61
19581009,-26,-79
19581010,-22,-46
19581011,-19,-41
19581012,-13,-36
19581013,-16,-91
19581014,-52,-111
19581015,-35,-91
19581016,32,-37
19581017,11,-16
19581018,-3,-22
19581019,-17,-91
19581020,-2,-46
19581021,-2,-131
19581022,-121,-217
19581023,-169,-292
19581024,-87,-193
19581025,-90,-181
19581026,-27,-101
19581027,16,-40
19581028,22,-20
19581029,20,-17
19581030,-12,-71
19581031,-60,-126
19581101,-69,-131
19581102,-82,-160
19581103,-3,-101
19581104,-27,-116
19581105,-77,-134
19581106,-32,-88
19581107,-33,-216
19581108,-213,-309
19581109,-281,-382
19581110,-276,-376
19581111,-223,-278
19581112,-180,-247
19581113,-122,-184
19581114,-49,-151
19581115,-47,-76
19581116,-72,-146
19581117,-101,-138
19581118,-31,-106
19581119,-26,-144
19581120,-65,-148
19581121,-58,-82
19581122,-42,-80
19581123,-67,-201
19581124,-197,-269
19581125,-255,-379
19581126,-214,-368
19581127,-85,-221
19581128,-105,-183
19581129,-112,-192
19581130,-20,-120
19581201,-117,-232
19581202,-177,-223
19581203,-219,-370
19581204,-277,-330
19581205,-108,-279
19581206,-37,-210
19581207,-189,-233
19581208,-187,-262
19581209,-186,-245
19581210,-152,-303
19581211,-77,-201
19581212,-197,-248
19581213,-147,-210
19581214,-95,-150
19581215,-119,-182
19581216,-177,-347
19581217,-252,-313
19581218,-313,-390
19581219,-337,-383
19581220,-331,-374
19581221,-312,-354
19581222,-347,-461
19581223,-348,-460
19581224,-260,-354
19581225,-275,-347
19581226,-345,-469
19581227,-332,-410
19581228,-376,-470
19581229,-454,-476
19581230,-482,-517
19581231,-417,-491
19590101,-417,-503
19590102,-449,-536
19590103,-324,-451
19590104,-298,-332
19590105,-323,-409
19590106,-385,-420
19590107,-402,-452
19590108,-370,-475
19590109,-213,-370
19590110,-141,-222
19590111,-155,-344
19590112,-248,-348
19590113,-248,-340
19590114,-296,-353
19590115,-277,-360
19590116,-310,-373
19590117,-255,-359
19590118,-271,-352
19590119,-304,-379
19590120,-201,-313
19590121,-132,-279
19590122,-169,-252
19590123,-173,-334
19590124,-333,-425
19590125,-248,-349
19590126,-269,-315
19590127,-288,-358
19590128,-293,-410
19590129,-211,-333
19590130,-120,-218
19590131,-131,-266
19590201,-208,-263
19590202,-211,-297
19590203,-294,-409
19590204,-326,-437
19590205,-208,-338
19590206,-191,-310
19590207,-299,-399
19590208,-282,-410
19590209,-216,-339
19590210,-137,-226
19590211,-136,-187
19590212,-170,-210
19590213,-166,-269
19590214,-135,-213
19590215,-134,-189
19590216,-154,-280
19590217,-194,-361
19590218,-109,-217
19590219,-93,-172
19590220,-144,-318
19590221,-179,-341
19590222,-167,-301
19590223,-161,-329
19590224,-151,-344
19590225,-153,-297
19590226,-26,-191
19590227,-43,-211
19590228,-122,-307
19590301,-96,-213
19590302,-65,-199
19590303,-70,-230
19590304,-62,-139
19590305,-67,-167
19590306,-164,-306
19590307,-67,-174
19590308,-112,-217
19590309,-127,-313
19590310,-49,-210
19590311,-10,-121
19590312,-7,-101
19590313,22,-123
19590314,-14,-101
19590315,-62,-216
19590316,-37,-117
19590317,-23,-181
19590318,-31,-115
19590319,-33,-139
19590320,-19,-195
19590321,14,-194
19590322,3,-35
19590323,-30,-128
19590324,-51,-215
19590325,-25,-80
19590326,-42,-192
19590327,-20,-226
19590328,-17,-81
19590329,-2,-182
19590330,-8,-62
19590331,-32,-171
19590401,-64,-201
19590402,-86,-262
19590403,-39,-201
19590404,-37,-216
19590405,-79,-130
19590406,-49,-141
19590407,-13,-159
19590408,-7,-151
19590409,22,-162
19590410,18,-52
19590411,4,-74
19590412,25,-137
19590413,16,-76
19590414,-19,-157
19590415,-8,-49
19590416,-10,-96
19590417,17,-198
19590418,-1,-71
19590419,-11,-109
19590420,-12,-161
19590421,-14,-47
19590422,-21,-145
19590423,52,-30
19590424,170,11
19590425,150,-52
19590426,32,-55
19590427,74,-108
19590428,67,-59
19590429,51,-69
19590430,29,-35
19590501,42,-102
19590502,29,-29
19590503,-23,-119
19590504,-37,-117
19590505,-40,-182
19590506,-31,-147
19590507,-11,-147
19590508,3,-138
19590509,5,-65
19590510,67,-145
19590511,63,-4
19590512,44,-44
19590513,41,-20
19590514,57,-20
19590515,80,2
19590516,43,12
19590517,59,-8
19590518,48,-46
19590519,52,-3
19590520,105,-16
19590521,85,14
19590522,76,15
19590523,57,7
19590524,103,-35
19590525,185,-12
19590526,172,20
19590527,123,-20
19590528,149,-26
19590529,164,6
19590530,138,50
19590531,155,42
19590601,218,15
19590602,232,19
19590603,274,34
19590604,279,56
19590605,228,77
19590606,221,72
19590607,188,44
19590608,198,10
19590609,185,63
19590610,154,75
19590611,106,36
19590612,131,-26
19590613,195,9
19590614,205,22
19590615,226,34
19590616,221,41
19590617,222,83
19590618,153,108
19590619,203,125
19590620,205,74
19590621,168,102
19590622,219,85
19590623,235,61
19590624,255,78
19590625,268,105
19590626,284,125
19590627,301,135
19590628,308,121
19590629,324,132
19590630,288,138
19590701,305,116
19590702,330,149
19590703,332,142
19590704,331,137
19590705,340,132
19590706,327,124
19590707,282,148
19590708,253,126
19590709,179,96
19590710,183,113
19590711,222,114
19590712,231,83
19590713,213,112
19590714,223,65
19590715,256,86
19590716,229,64
19590717,226,76
19590718,207,75
19590719,196,112
19590720,190,85
19590721,202,56
19590722,224,49
19590723,246,81
19590724,200,136
19590725,189,95
19590726,197,74
19590727,177,85
19590728,151,100
19590729,160,110
19590730,197,102
19590731,212,80
19590801,239,59
19590802,230,75
19590803,184,99
19590804,187,105
19590805,190,101
19590806,234,117
19590807,248,160
19590808,248,136
19590809,240,126
19590810,242,104
19590811,240,116
19590812,200,124
19590813,226,110
19590814,181,97
19590815,160,138
19590816,142,105
19590817,135,80
19590818,111,72
19590819,171,80
19590820,198,70
19590821,159,85
19590822,157,0
19590823,174,14
19590824,195,2
19590825,158,39
19590826,177,80
19590827,175,99
19590828,147,76
19590829,124,93
19590830,159,66
19590831,139,90
19590901,152,79
19590902,131,49
19590903,142,31
19590904,130,58
19590905,149,-2
19590906,203,74
19590907,189,49
19590908,152,50
19590909,118,77
19590910,126,58
19590911,107,-25
19590912,95,50
19590913,116,50
19590914,79,30
19590915,123,72
19590916,78,23
19590917,113,51
19590918,82,-14
19590919,179,40
19590920,192,21
19590921,177,-18
19590922,169,-18
19590923,105,39
19590924,134,6
19590925,128,20
19590926,143,-25
19590927,106,11
19590928,107,-5
19590929,101,-16
19590930,82,7
19591001,40,-18
19591002,44,1
19591003,15,-48
19591004,19,-14
19591005,10,-15
19591006,17,-41
19591007,3,-36
19591008,12,-35
19591009,22,-57
19591010,26,-70
19591011,26,-20
19591012,42,-16
19591013,24,-69
19591014,1,-41
19591015,-11,-58
19591016,-5,-36
19591017,18,-31
19591018,4,-42
19591019,-23,-108
19591020,-23,-52
19591021,-34,-92
19591022,-86,-197
19591023,-40,-97
19591024,-51,-108
19591025,-70,-147
19591026,-95,-241
19591027,-98,-191
19591028,-84,-145
19591029,-92,-147
19591030,-103,-161
19591031,-155,-262
19591101,-248,-357
19591102,-217,-355
19591103,-215,-313
19591104,-282,-379
19591105,-278,-400
19591106,-174,-356
19591107,-134,-178
19591108,-106,-146
19591109,-51,-145
19591110,-49,-153
19591111,-26,-55
19591112,-27,-62
19591113,-60,-165
19591114,-139,-231
19591115,-223,-323
19591116,-122,-231
19591117,-209,-303
19591118,-177,-241
19591119,-151,-191
19591120,-146,-183
19591121,-181,-245
19591122,-194,-266
19591123,-191,-252
19591124,-144,-221
19591125,-122,-210
19591126,-130,-262
19591127,-257,-361
19591128,-287,-371
19591129,-272,-370
19591130,-216,-359
19591201,-109,-275
19591202,-271,-332
19591203,-314,-426
19591204,-426,-471
19591205,-461,-507
19591206,-470,-517
19591207,-394,-494
19591208,-359,-441
19591209,-389,-478
19591210,-337,-395
19591211,-356,-413
19591212,-412,-465
19591213,-410,-472
19591214,-332,-419
19591215,-275,-335
19591216,-282,-336
19591217,-282,-385
19591218,-162,-286
19591219,-150,-177
19591220,-135,-167
19591221,-146,-202
19591222,-195,-257
19591223,-169,-278
19591224,-151,-184
19591225,-140,-171
19591226,-157,-229
19591227,-196,-222
19591228,-195,-252
19591229,-246,-380
19591230,-352,-423
19591231,-272,-354
19600101,-255,-323
19600102,-260,-360
19600103,-358,-395
19600104,9999,-456
19600105,9999,-466
19600106,-302,-425
19600107,-291,-323
19600108,-309,-364
19600109,-331,-365
19600110,-350,-425
19600111,9999,-446
19600112,9999,-470
19600113,9999,-495
19600114,9999,-507
19600115,9999,-509
19600116,9999,-507
19600117,9999,-473
19600118,9999,-498
19600119,9999,-472
19600120,-319,-391
19600121,-339,-410
19600122,-312,-385
19600123,-323,-381
19600124,-343,-431
19600125,-242,-345
19600126,-205,-280
19600127,-122,-219
19600128,-155,-267
19600129,-99,-191
19600130,-187,-330
19600131,-188,-344
19600201,-185,-293
19600202,-227,-315
19600203,-174,-330
19600204,-145,-209
19600205,-205,-319
19600206,-279,-393
19600207,-370,-466
19600208,-337,-456
19600209,-255,-360
19600210,-218,-322
19600211,-187,-278
19600212,-226,-339
19600213,-102,-268
19600214,-69,-176
19600215,-137,-233
19600216,-183,-337
19600217,-79,-191
19600218,-35,-136
19600219,-79,-258
19600220,-28,-83
19600221,-39,-99
19600222,-95,-189
19600223,-179,-261
19600224,-234,-390
19600225,-238,-413
19600226,-174,-303
19600227,-206,-348
19600228,-224,-369
19600229,-250,-390
19600301,-253,-426
19600302,-203,-339
19600303,-177,-361
19600304,-193,-347
19600305,-208,-317
19600306,-208,-396
19600307,-192,-410
19600308,-183,-406
19600309,-164,-397
19600310,-125,-363
19600311,-87,-288
19600312,-53,-226
19600313,-62,-170
19600314,-77,-142
19600315,-81,-291
19600316,-97,-252
19600317,-138,-296
19600318,-109,-338
19600319,-97,-333
19600320,-88,-250
19600321,-104,-231
19600322,-89,-192
19600323,-81,-164
19600324,-75,-248
19600325,-70,-260
19600326,-40,-85
19600327,-48,-142
19600328,-113,-278
19600329,-93,-319
19600330,-31,-114
19600331,-44,-159
19600401,-103,-297
19600402,-57,-296
19600403,-12,-209
19600404,33,-35
19600405,103,-133
19600406,81,-31
19600407,-28,-149
19600408,-78,-201
19600409,-25,-126
19600410,-39,-192
19600411,6,-133
19600412,21,-28
19600413,13,-34
19600414,-30,-161
19600415,-22,-196
19600416,17,-42
19600417,-3,-171
19600418,39,-30
19600419,19,-26
19600420,-3,-110
19600421,49,-177
19600422,74,-111
19600423,86,-111
19600424,78,-62
19600425,38,-62
19600426,66,-22
19600427,61,-55
19600428,25,-45
19600429,39,-126
19600430,42,-117
19600501,20,-30
19600502,-6,-84
19600503,-19,-105
19600504,25,-86
19600505,39,-104
19600506,72,-86
19600507,77,-58
19600508,92,-67
19600509,79,-67
19600510,52,-61
19600511,77,-77
19600512,103,-61
19600513,116,-51
19600514,88,-26
19600515,92,-6
19600516,91,-11
19600517,104,-18
19600518,85,7
19600519,122,23
19600520,104,33
19600521,115,4
19600522,159,-19
19600523,182,-11
19600524,182,5
19600525,208,-6
19600526,191,-4
19600527,96,-35
19600528,137,29
19600529,185,10
19600530,167,60
19600531,190,14
19600601,246,68
19600602,178,21
19600603,153,12
19600604,152,73
19600605,161,59
19600606,198,33
19600607,190,69
19600608,204,9
19600609,195,89
19600610,205,33
19600611,141,23
19600612,165,71
19600613,203,65
19600614,170,105
19600615,138,43
19600616,214,19
19600617,209,99
19600618,170,109
19600619,190,119
19600620,252,71
19600621,242,70
19600622,240,64
19600623,248,91
19600624,199,79
19600625,197,109
19600626,177,49
19600627,149,67
19600628,147,11
19600629,148,31
19600630,159,44
19600701,165,36
19600702,166,20
19600703,178,51
19600704,206,42
19600705,209,57
19600706,150,64
19600707,184,91
19600708,207,78
19600709,244,52
19600710,208,86
19600711,200,89
19600712,223,70
19600713,270,94
19600714,255,108
19600715,267,146
19600716,267,117
19600717,248,102
19600718,233,130
19600719,245,121
19600720,263,114
19600721,250,151
19600722,279,112
19600723,255,127
19600724,236,63
19600725,261,100
19600726,252,94
19600727,224,151
19600728,250,110
19600729,247,128
19600730,245,102
19600731,232,134
19600801,265,105
19600802,233,152
19600803,192,106
19600804,139,103
19600805,167,69
19600806,185,28
19600807,217,16
19600808,195,78
19600809,174,47
19600810,136,29
19600811,124,50
19600812,130,56
19600813,130,23
19600814,137,34
19600815,134,31
19600816,125,63
19600817,125,63
19600818,152,3
19600819,203,66
19600820,224,66
19600821,200,100
19600822,239,89
19600823,249,80
19600824,212,87
19600825,220,94
19600826,184,124
19600827,159,84
19600828,137,106
19600829,145,58
19600830,117,64
19600831,145,64
19600901,126,80
19600902,114,39
19600903,134,74
19600904,146,48
19600905,154,25
19600906,141,44
19600907,153,48
19600908,158,-6
19600909,148,64
19600910,171,66
19600911,169,18
19600912,117,45
19600913,196,84
19600914,140,80
19600915,97,64
19600916,72,62
19600917,94,46
19600918,108,43
19600919,88,42
19600920,117,-15
19600921,73,-28
19600922,27,-46
19600923,60,-29
19600924,78,37
19600925,44,-20
19600926,45,-78
19600927,27,-73
19600928,19,-36
19600929,0,-67
19600930,-12,-113
19601001,20,-17
19601002,45,6
19601003,84,-30
19601004,132,-4
19601005,54,5
19601006,26,-32
19601007,62,-9
19601008,17,-23
19601009,4,-54
19601010,-25,-61
19601011,-37,-95
19601012,-70,-119
19601013,-50,-128
19601014,-40,-166
19601015,-50,-88
19601016,-64,-127
19601017,-70,-161
19601018,-18,-101
19601019,6,-30
19601020,-11,-76
19601021,-64,-139
19601022,-128,-177
19601023,-45,-192
19601024,11,-56
19601025,-7,-91
19601026,2,-72
19601027,5,-100
19601028,-84,-124
19601029,-108,-161
19601030,-138,-267
19601031,-81,-139
19601101,-31,-86
19601102,-77,-183
19601103,-97,-222
19601104,-158,-292
19601105,-156,-219
19601106,-176,-248
19601107,-140,-243
19601108,-70,-192
19601109,-53,-169
19601110,-87,-161
19601111,-94,-232
19601112,-40,-164
19601113,-157,-278
19601114,-166,-327
19601115,-257,-329
19601116,-304,-398
19601117,-217,-313
19601118,-258,-324
19601119,-197,-311
19601120,-235,-354
19601121,-332,-377
19601122,-308,-360
19601123,-325,-395
19601124,-328,-447
19601125,-254,-328
19601126,-247,-287
19601127,-212,-286
19601128,-206,-313
19601129,-301,-391
19601130,-250,-351
19601201,-254,-359
19601202,-339,-377
19601203,-302,-400
19601204,-189,-332
19601205,-93,-196
19601206,-55,-136
19601207,-61,-91
19601208,-63,-101
19601209,-62,-117
19601210,-100,-154
19601211,-152,-312
19601212,-277,-350
19601213,-209,-281
19601214,-209,-394
19601215,-353,-446
19601216,-260,-355
19601217,-206,-279
19601218,-222,-344
19601219,-342,-382
19601220,-353,-406
19601221,-362,-400
19601222,-323,-374
19601223,-343,-382
19601224,-298,-368
19601225,-298,-360
19601226,-360,-399
19601227,-299,-387
19601228,-224,-300
19601229,-186,-226
19601230,-137,-188
19601231,-88,-209
19610101,-204,-370
19610102,-333,-395
19610103,-348,-400
19610104,-251,-392
19610105,-258,-355
19610106,-327,-456
19610107,-456,-512
19610108,-444,-510
19610109,-310,-456
19610110,-244,-317
19610111,-254,-292
19610112,-250,-296
19610113,-272,-350
19610114,-347,-432
19610115,-255,-369
19610116,-188,-282
19610117,-132,-191
19610118,-171,-257
19610119,-252,-349
19610120,-190,-314
19610121,-137,-292
19610122,-108,-176
19610123,-174,-336
19610124,-328,-466
19610125,-295,-390
19610126,-257,-313
19610127,-295,-362
19610128,-295,-379
19610129,-211,-307
19610130,-147,-291
19610131,-130,-162
19610201,-125,-218
19610202,-176,-308
19610203,-114,-181
19610204,-102,-166
19610205,-145,-268
19610206,-78,-211
19610207,-211,-360
19610208,-228,-414
19610209,-203,-290
19610210,-281,-397
19610211,-189,-282
19610212,-232,-317
19610213,-208,-318
19610214,-186,-278
19610215,-196,-298
19610216,-206,-313
19610217,-171,-282
19610218,-212,-359
19610219,-167,-278
19610220,-177,-308
19610221,-103,-226
19610222,-70,-161
19610223,-89,-210
19610224,-20,-104
19610225,-39,-227
19610226,-171,-287
19610227,-185,-318
19610228,-185,-360
19610301,-105,-207
19610302,-131,-181
19610303,-136,-287
19610304,-154,-204
19610305,-173,-350
19610306,-60,-226
19610307,-84,-255
19610308,-14,-211
19610309,-15,-228
19610310,-11,-253
19610311,-4,-242
19610312,-5,-243
19610313,-17,-204
19610314,-8,-185
19610315,16,-147
19610316,-16,-157
19610317,-2,-215
19610318,26,-162
19610319,50,-163
19610320,40,-181
19610321,56,-181
19610322,58,-195
19610323,2,-166
19610324,34,-51
19610325,98,-11
19610326,119,-96
19610327,119,-61
19610328,66,-15
19610329,46,-55
19610330,88,-61
19610331,83,-82
19610401,60,-63
19610402,10,-46
19610403,35,-95
19610404,0,-87
19610405,15,-91
19610406,17,-39
19610407,93,-91
19610408,69,-51
19610409,6,-82
19610410,-16,-158
19610411,-12,-151
19610412,30,-166
19610413,43,-127
19610414,22,-30
19610415,28,-56
19610416,9,-67
19610417,36,-20
19610418,5,-84
19610419,16,-166
19610420,60,-20
19610421,72,-112
19610422,106,-97
19610423,78,30
19610424,60,-30
19610425,10,-83
19610426,42,-93
19610427,26,-27
19610428,44,-30
19610429,32,-81
19610430,74,-101
19610501,110,-71
19610502,122,-25
19610503,78,-20
19610504,29,-12
19610505,55,-52
19610506,57,-26
19610507,50,0
19610508,6,-66
19610509,-4,-151
19610510,24,-67
19610511,26,-62
19610512,69,-26
19610513,104,-55
19610514,88,-25
19610515,112,-39
19610516,132,-37
19610517,144,-30
19610518,172,-30
19610519,150,4
19610520,173,34
19610521,128,22
19610522,90,-48
19610523,90,31
19610524,134,30
19610525,130,40
19610526,154,64
19610527,144,24
19610528,128,9
19610529,85,-4
19610530,44,-20
19610531,70,-6
19610601,64,-6
19610602,108,-9
19610603,123,-4
19610604,122,34
19610605,128,24
19610606,157,10
19610607,140,66
19610608,145,34
19610609,156,6
19610610,157,23
19610611,146,74
19610612,129,36
19610613,146,92
19610614,108,30
19610615,93,12
19610616,85,15
19610617,147,38
19610618,131,63
19610619,99,30
19610620,86,18
19610621,147,52
19610622,267,62
19610623,283,66
19610624,266,101
19610625,238,62
19610626,211,80
19610627,205,100
19610628,205,32
19610629,239,70
19610630,261,70
19610701,265,86
19610702,282,108
19610703,260,144
19610704,278,121
19610705,264,84
19610706,209,115
19610707,200,100
19610708,203,95
19610709,244,40
19610710,277,58
19610711,245,121
19610712,214,76
19610713,285,46
19610714,246,95
19610715,208,113
19610716,165,99
19610717,200,44
19610718,141,92
19610719,180,100
19610720,202,54
19610721,190,87
19610722,225,44
19610723,260,83
19610724,237,82
19610725,182,77
19610726,166,37
19610727,208,55
19610728,183,102
19610729,165,93
19610730,190,42
19610731,202,43
19610801,175,91
19610802,179,49
19610803,212,105
19610804,247,57
19610805,198,141
19610806,198,85
19610807,178,49
19610808,174,110
19610809,148,55
19610810,151,87
19610811,166,105
19610812,192,70
19610813,191,73
19610814,173,116
19610815,208,114
19610816,185,118
19610817,155,102
19610818,175,97
19610819,187,9
19610820,120,75
19610821,146,28
19610822,134,0
19610823,128,0
19610824,103,24
19610825,115,12
19610826,104,60
19610827,126,73
19610828,134,88
19610829,160,35
19610830,187,5
19610831,197,14
19610901,204,25
19610902,205,20
19610903,161,105
19610904,144,86
19610905,132,74
19610906,117,60
19610907,204,64
19610908,207,45
19610909,180,52
19610910,98,-6
19610911,110,-21
19610912,124,24
19610913,163,-14
19610914,201,16
19610915,207,9
19610916,183,30
19610917,174,8
19610918,185,17
19610919,151,52
19610920,126,66
19610921,128,60
19610922,128,38
19610923,43,-45
19610924,53,-14
19610925,59,0
19610926,49,-29
19610927,63,-10
19610928,89,35
19610929,68,7
19610930,10,-42
19611001,3,-96
19611002,0,-41
19611003,-23,-68
19611004,-27,-57
19611005,10,-43
19611006,8,-46
19611007,-38,-101
19611008,-47,-81
19611009,-55,-101
19611010,-44,-108
19611011,10,-48
19611012,8,-119
19611013,-60,-150
19611014,-48,-142
19611015,-68,-141
19611016,-86,-151
19611017,-102,-236
19611018,-35,-199
19611019,-32,-85
19611020,-38,-101
19611021,-84,-185
19611022,-13,-149
19611023,-31,-98
19611024,-20,-57
19611025,-5,-42
19611026,-3,-112
19611027,-108,-193
19611028,-162,-275
19611029,-183,-303
19611030,-157,-285
19611031,-91,-195
19611101,-91,-183
19611102,-17,-97
19611103,-2,-78
19611104,-65,-161
19611105,-160,-248
19611106,-233,-364
19611107,-218,-337
19611108,-183,-276
19611109,-185,-324
19611110,-181,-235
19611111,-195,-236
19611112,-177,-237
19611113,-198,-308
19611114,-252,-333
19611115,-227,-272
19611116,-244,-332
19611117,-297,-382
19611118,-311,-385
19611119,-308,-391
19611120,-232,-395
19611121,-131,-255
19611122,-73,-158
19611123,-48,-183
19611124,-128,-193
19611125,-30,-137
19611126,-8,-91
19611127,-84,-148
19611128,-139,-237
19611129,-234,-329
19611130,-271,-323
19611201,-240,-364
19611202,-186,-300
19611203,-176,-267
19611204,-176,-282
19611205,-35,-199
19611206,-67,-233
19611207,-174,-236
19611208,-125,-277
19611209,-262,-381
19611210,-381,-461
19611211,-450,-499
19611212,-482,-513
19611213,-318,-482
19611214,-315,-385
19611215,-348,-403
19611216,-343,-440
19611217,-417,-472
19611218,-359,-420
19611219,-340,-401
19611220,-397,-450
19611221,-425,-466
19611222,-421,-458
19611223,-401,-435
19611224,-390,-441
19611225,-323,-395
19611226,-317,-388
19611227,-301,-383
19611228,-283,-323
19611229,-237,-365
19611230,-232,-354
19611231,-272,-364
19620101,-206,-272
19620102,-268,-415
19620103,-284,-431
19620104,-113,-296
19620105,-76,-118
19620106,-85,-183
19620107,-90,-199
19620108,-83,-227
19620109,-157,-227
19620110,-171,-342
19620111,-340,-436
19620112,-389,-440
19620113,-326,-420
19620114,-112,-335
19620115,-110,-147
19620116,-110,-140
19620117,-105,-174
19620118,-156,-248
19620119,-151,-197
19620120,-179,-238
19620121,-114,-216
19620122,-108,-158
19620123,-148,-241
19620124,-174,-255
19620125,-135,-251
19620126,-120,-181
19620127,-168,-247
19620128,-246,-339
19620129,-191,-259
19620130,-166,-238
19620131,-116,-192
19620201,-101,-161
19620202,-151,-203
19620203,-136,-257
19620204,-108,-146
19620205,-120,-179
19620206,-105,-130
19620207,-112,-287
19620208,-285,-403
19620209,-358,-451
19620210,-371,-476
19620211,-250,-420
19620212,-108,-257
19620213,-38,-109
19620214,-50,-137
19620215,-126,-214
19620216,-105,-206
19620217,-118,-198
19620218,-8,-122
19620219,-13,-141
19620220,-125,-287
19620221,-154,-318
19620222,-152,-333
19620223,-161,-335
19620224,-92,-214
19620225,-94,-193
19620226,-115,-247
19620227,-58,-179
19620228,-53,-96
19620301,-75,-129
19620302,-125,-277
19620303,-130,-278
19620304,-110,-142
19620305,-126,-262
19620306,-125,-238
19620307,-140,-227
19620308,-116,-338
19620309,-118,-259
19620310,-143,-214
19620311,-142,-339
19620312,-159,-267
19620313,-165,-272
19620314,-123,-347
19620315,-55,-247
19620316,-25,-215
19620317,-40,-171
19620318,-36,-263
19620319,2,-268
19620320,-19,-160
19620321,30,-63
19620322,35,-91
19620323,57,-105
19620324,99,-160
19620325,56,-101
19620326,-17,-191
19620327,45,-156
19620328,30,-22
19620329,-17,-100
19620330,-71,-137
19620331,-52,-219
19620401,-7,-201
19620402,41,-59
19620403,45,-30
19620404,13,-64
19620405,19,-101
19620406,42,-63
19620407,66,-24
19620408,44,3
19620409,53,-87
19620410,77,-5
19620411,108,-59
19620412,76,26
19620413,29,-86
19620414,-86,-184
19620415,-36,-244
19620416,5,-91
19620417,-33,-188
19620418,-51,-217
19620419,-6,-216
19620420,37,-119
19620421,49,-35
19620422,23,-106
19620423,12,-69
19620424,12,-133
19620425,-29,-168
19620426,15,-40
19620427,23,-122
19620428,64,-135
19620429,88,-105
19620430,86,-53
19620501,57,0
19620502,114,-65
19620503,98,30
19620504,62,-51
19620505,55,-103
19620506,108,-4
19620507,153,25
19620508,136,-2
19620509,57,9
19620510,159,-9
19620511,177,23
19620512,66,-30
19620513,52,-34
19620514,162,-10
19620515,141,30
19620516,97,25
19620517,84,15
19620518,34,-46
19620519,49,-43
19620520,69,-46
19620521,97,-15
19620522,84,-11
19620523,82,-3
19620524,124,-30
19620525,97,20
19620526,122,35
19620527,138,33
19620528,126,35
19620529,104,50
19620530,78,-20
19620531,74,0
19620601,78,-40
19620602,152,-26
19620603,146,-15
19620604,120,62
19620605,114,35
19620606,140,25
19620607,123,50
19620608,98,10
19620609,74,12
19620610,137,0
19620611,185,0
19620612,201,14
19620613,174,95
19620614,203,43
19620615,212,61
19620616,234,50
19620617,249,115
19620618,274,108
19620619,296,108
19620620,254,151
19620621,234,122
19620622,261,98
19620623,299,95
19620624,324,120
19620625,260,135
19620626,255,146
19620627,274,95
19620628,252,142
19620629,230,122
19620630,239,142
19620701,230,137
19620702,246,80
19620703,263,75
19620704,285,94
19620705,235,124
19620706,184,100
19620707,151,81
19620708,177,78
19620709,212,44
19620710,204,80
19620711,216,85
19620712,224,91
19620713,239,99
19620714,273,93
19620715,277,111
19620716,240,143
19620717,226,120
19620718,227,87
19620719,269,51
19620720,304,94
19620721,300,163
19620722,294,138
19620723,269,161
19620724,194,134
19620725,258,148
19620726,256,124
19620727,239,170
19620728,272,145
19620729,249,165
19620730,287,142
19620731,267,133
19620801,280,136
19620802,249,148
19620803,260,116
19620804,273,114
19620805,250,128
19620806,197,124
19620807,191,90
19620808,204,89
19620809,189,40
19620810,164,88
19620811,145,50
19620812,126,32
19620813,147,112
19620814,168,98
19620815,156,65
19620816,194,89
19620817,209,46
19620818,187,61
19620819,179,124
19620820,174,85
19620821,153,70
19620822,135,50
19620823,116,34
19620824,222,25
19620825,234,42
19620826,255,32
19620827,263,55
19620828,200,115
19620829,179,10
19620830,183,78
19620831,169,84
19620901,184,94
19620902,134,63
19620903,124,70
19620904,163,95
19620905,181,28
19620906,213,14
19620907,174,59
19620908,144,53
19620909,140,21
19620910,154,19
19620911,129,89
19620912,143,75
19620913,115,70
19620914,139,74
19620915,134,27
19620916,100,43
19620917,140,-23
19620918,110,-13
19620919,67,-51
19620920,69,-83
19620921,88,-84
19620922,154,-90
19620923,149,-68
19620924,134,-51
19620925,104,28
19620926,73,36
19620927,78,25
19620928,123,22
19620929,69,4
19620930,23,-13
19621001,31,-20
19621002,10,-26
19621003,-5,-64
19621004,-21,-67
19621005,-50,-120
19621006,-29,-183
19621007,-57,-135
19621008,-49,-84
19621009,-60,-93
19621010,-57,-117
19621011,-39,-103
19621012,-5,-114
19621013,23,-23
19621014,52,-18
19621015,19,-55
19621016,20,-51
19621017,22,-136
19621018,49,-141
19621019,1,-118
19621020,12,-51
19621021,1,-119
19621022,24,-23
19621023,47,-7
19621024,45,-16
19621025,29,-35
19621026,30,-90
19621027,-90,-216
19621028,-126,-252
19621029,-156,-273
19621030,-157,-290
19621031,-102,-249
19621101,4,-106
19621102,-15,-65
19621103,16,-40
19621104,-4,-129
19621105,-127,-222
19621106,-215,-314
19621107,-227,-296
19621108,-238,-328
19621109,-213,-339
19621110,-202,-250
19621111,-173,-203
19621112,-192,-320
19621113,-315,-401
19621114,-227,-324
19621115,-190,-248
19621116,-247,-391
19621117,-357,-440
19621118,-358,-441
19621119,-268,-364
19621120,-262,-313
19621121,-266,-303
19621122,-246,-292
19621123,-274,-338
19621124,-277,-353
19621125,-262,-387
19621126,-197,-270
19621127,-184,-210
19621128,-112,-192
19621129,-88,-127
19621130,-89,-162
19621201,-150,-185
19621202,-121,-195
19621203,-126,-204
19621204,-31,-157
19621205,-44,-172
19621206,-167,-210
19621207,-187,-372
19621208,-367,-450
19621209,-411,-492
19621210,-229,-411
19621211,-141,-276
19621212,-272,-335
19621213,-161,-288
19621214,-145,-179
19621215,-147,-339
19621216,-234,-297
19621217,-92,-258
19621218,-107,-142
19621219,-100,-153
19621220,-100,-272
19621221,-202,-292
19621222,-156,-227
19621223,-197,-260
19621224,-256,-319
19621225,-296,-400
19621226,-385,-411
19621227,-414,-462
19621228,-442,-472
19621229,-426,-476
19621230,-312,-428
19621231,-243,-313
19630101,-247,-331
19630102,-237,-411
19630103,-260,-372
19630104,-242,-385
19630105,-281,-380
19630106,-217,-345
19630107,-237,-347
19630108,-254,-369
19630109,-187,-308
19630110,-157,-213
19630111,-159,-238
19630112,-186,-294
19630113,-280,-370
19630114,-174,-317
19630115,-185,-298
19630116,-232,-401
19630117,-400,-476
19630118,-362,-466
19630119,-188,-410
19630120,-218,-286
19630121,-208,-296
19630122,-287,-359
19630123,-200,-323
19630124,-137,-204
19630125,-51,-162
19630126,-159,-226
19630127,-197,-341
19630128,-232,-332
19630129,-272,-364
19630130,-172,-311
19630131,-122,-259
19630201,-72,-181
19630202,-167,-248
19630203,-133,-175
19630204,-143,-216
19630205,-138,-246
19630206,-113,-158
19630207,-128,-165
19630208,-143,-238
19630209,-179,-288
19630210,-128,-243
19630211,-95,-146
19630212,-97,-298
19630213,-192,-283
19630214,-152,-203
19630215,-137,-190
19630216,-107,-166
19630217,-161,-315
19630218,-94,-211
19630219,-106,-201
19630220,-47,-117
19630221,-31,-185
19630222,-31,-221
19630223,-24,-187
19630224,-29,-147
19630225,-24,-170
19630226,-29,-124
19630227,-122,-186
19630228,-124,-287
19630301,-103,-309
19630302,-96,-268
19630303,-103,-267
19630304,-77,-282
19630305,-41,-256
19630306,-10,-193
19630307,3,-186
19630308,39,-112
19630309,-22,-211
19630310,-26,-272
19630311,-26,-261
19630312,-37,-238
19630313,-8,-127
19630314,-5,-123
19630315,-57,-222
19630316,-53,-168
19630317,-68,-171
19630318,-160,-258
19630319,-112,-323
19630320,-101,-322
19630321,-55,-275
19630322,-46,-137
19630323,-61,-171
19630324,-73,-199
19630325,-89,-266
19630326,-52,-272
19630327,-64,-233
19630328,-59,-96
19630329,-83,-184
19630330,-66,-272
19630331,-31,-242
19630401,-21,-277
19630402,-234,-286
19630403,-155,-260
19630404,-81,-247
19630405,-47,-251
19630406,-35,-262
19630407,-1,-106
19630408,-10,-63
19630409,28,-193
19630410,39,-61
19630411,42,-29
19630412,25,-56
19630413,44,-170
19630414,16,-79
19630415,69,-146
19630416,59,-107
19630417,47,-134
19630418,40,-129
19630419,70,-36
19630420,85,-65
19630421,78,-61
19630422,51,-113
19630423,-2,-63
19630424,-43,-120
19630425,-54,-199
19630426,-62,-201
19630427,-39,-173
19630428,8,-111
19630429,83,-85
19630430,145,-27
19630501,29,-71
19630502,70,-15
19630503,105,-34
19630504,49,-15
19630505,78,-95
19630506,36,3
19630507,59,-95
19630508,44,-36
19630509,103,-23
19630510,85,-30
19630511,64,-101
19630512,83,-25
19630513,100,-30
19630514,85,23
19630515,71,9
19630516,74,-3
19630517,53,-25
19630518,49,-19
19630519,85,-15
19630520,78,-35
19630521,84,-5
19630522,98,14
19630523,113,-9
19630524,101,44
19630525,58,20
19630526,108,46
19630527,103,8
19630528,103,-14
19630529,79,5
19630530,133,9
19630531,125,8
19630601,121,8
19630602,128,14
19630603,154,-7
19630604,143,43
19630605,144,25
19630606,128,-35
19630607,169,37
19630608,118,59
19630609,179,38
19630610,179,72
19630611,213,90
19630612,246,48
19630613,171,75
19630614,199,5
19630615,189,37
19630616,199,43
19630617,194,60
19630618,219,87
19630619,217,102
19630620,126,38
19630621,209,10
19630622,189,85
19630623,165,109
19630624,249,127
19630625,204,74
19630626,126,-2
19630627,193,27
19630628,254,75
19630629,244,99
19630630,149,75
19630701,164,52
19630702,158,78
19630703,223,69
19630704,273,61
19630705,299,95
19630706,314,121
19630707,324,130
19630708,314,130
19630709,309,126
19630710,243,165
19630711,229,113
19630712,216,53
19630713,210,60
19630714,208,50
19630715,227,81
19630716,266,48
19630717,273,61
19630718,389,94
19630719,264,115
19630720,219,157
19630721,219,126
19630722,204,136
19630723,199,33
19630724,181,124
19630725,209,126
19630726,217,125
19630727,294,84
19630728,254,138
19630729,254,176
19630730,252,118
19630731,251,120
19630801,227,105
19630802,242,57
19630803,253,140
19630804,197,115
19630805,245,107
19630806,237,145
19630807,223,75
19630808,229,64
19630809,204,143
19630810,247,102
19630811,255,102
19630812,259,97
19630813,219,131
19630814,198,126
19630815,214,104
19630816,191,73
19630817,231,77
19630818,183,107
19630819,163,112
19630820,134,103
19630821,113,75
19630822,121,91
19630823,180,100
19630824,171,60
19630825,163,42
19630826,170,58
19630827,139,16
19630828,121,95
19630829,118,56
19630830,83,5
19630831,123,61
19630901,164,58
19630902,134,11
19630903,103,45
19630904,66,23
19630905,49,2
19630906,98,31
19630907,97,-2
19630908,104,10
19630909,64,14
19630910,83,41
19630911,118,53
19630912,113,-9
19630913,119,49
19630914,82,-11
19630915,103,3
19630916,149,3
19630917,155,-28
19630918,170,32
19630919,167,-15
19630920,130,10
19630921,83,58
19630922,139,63
19630923,108,60
19630924,118,53
19630925,150,72
19630926,94,26
19630927,42,-5
19630928,15,-37
19630929,-21,-50
19630930,6,-61
19631001,-26,-83
19631002,-15,-176
19631003,28,-34
19631004,61,-11
19631005,108,-24
19631006,106,-14
19631007,63,27
19631008,78,33
19631009,73,51
19631010,75,4
19631011,29,-2
19631012,25,6
19631013,15,-4
19631014,7,-32
19631015,-18,-47
19631016,-21,-89
19631017,21,-25
19631018,78,11
19631019,73,-25
19631020,58,-9
19631021,8,-20
19631022,-2,-56
19631023,-31,-70
19631024,-42,-68
19631025,-48,-79
19631026,-36,-68
19631027,-12,-75
19631028,6,-32
19631029,0,-20
19631030,24,-14
19631031,7,-62
19631101,3,-71
19631102,55,-35
19631103,-31,-129
19631104,-122,-207
19631105,-137,-221
19631106,-64,-151
19631107,-56,-106
19631108,-84,-107
19631109,-73,-136
19631110,-134,-196
19631111,-193,-300
19631112,-279,-360
19631113,-242,-374
19631114,-128,-248
19631115,-122,-231
19631116,-217,-345
19631117,-307,-374
19631118,-332,-425
19631119,-267,-403
19631120,-196,-272
19631121,-192,-267
19631122,-160,-236
19631123,-161,-247
19631124,-126,-191
19631125,-110,-226
19631126,-12,-126
19631127,-37,-65
19631128,-44,-85
19631129,-81,-220
19631130,-102,-224
19631201,-100,-141
19631202,-113,-203
19631203,-104,-201
19631204,-86,-126
19631205,-106,-171
19631206,-118,-158
19631207,-132,-288
19631208,-252,-313
19631209,-270,-323
19631210,-236,-303
19631211,-208,-238
19631212,-230,-344
19631213,-247,-410
19631214,-245,-303
19631215,-200,-285
19631216,-245,-326
19631217,-207,-323
19631218,-197,-297
19631219,-267,-364
19631220,-94,-276
19631221,-179,-379
19631222,-359,-409
19631223,-390,-447
19631224,-250,-415
19631225,-220,-294
19631226,-212,-323
19631227,-300,-354
19631228,-322,-363
19631229,-350,-429
19631230,-422,-466
19631231,-420,-454
19640101,-357,-421
19640102,-223,-366
19640103,-217,-253
19640104,-214,-282
19640105,-212,-330
19640106,-317,-364
19640107,-238,-344
19640108,-142,-251
19640109,-106,-177
19640110,-112,-192
19640111,-140,-195
19640112,-81,-190
19640113,-81,-209
19640114,-202,-344
19640115,-310,-387
19640116,-267,-349
19640117,-186,-333
19640118,-232,-315
19640119,-127,-280
19640120,-107,-206
19640121,-162,-268
19640122,-133,-257
19640123,-136,-254
19640124,-175,-319
19640125,-122,-186
19640126,-177,-285
19640127,-201,-279
19640128,-230,-297
19640129,-246,-323
19640130,-245,-312
19640131,-242,-356
19640201,-267,-363
19640202,-280,-363
19640203,-282,-392
19640204,-301,-390
19640205,-314,-409
19640206,-252,-330
19640207,-262,-365
19640208,-232,-381
19640209,-272,-389
19640210,-292,-405
19640211,-266,-401
19640212,-226,-363
19640213,-229,-368
19640214,-204,-374
19640215,-204,-349
19640216,-236,-356
19640217,-137,-296
19640218,-73,-161
19640219,-95,-145
19640220,-122,-276
19640221,-142,-312
19640222,-145,-321
19640223,-132,-326
19640224,-113,-287
19640225,-99,-250
19640226,-112,-236
19640227,-110,-241
19640228,-128,-241
19640229,-127,-247
19640301,-197,-350
19640302,-214,-316
19640303,-236,-405
19640304,-222,-425
19640305,-212,-423
19640306,-202,-406
19640307,-197,-297
19640308,-194,-287
19640309,-156,-298
19640310,-152,-327
19640311,-135,-354
19640312,-77,-313
19640313,-102,-242
19640314,-92,-126
19640315,-100,-212
19640316,-51,-126
19640317,-61,-238
19640318,-192,-365
19640319,-147,-202
19640320,-34,-176
19640321,-5,-224
19640322,-32,-127
19640323,-66,-213
19640324,-21,-172
19640325,-31,-225
19640326,24,-51
19640327,-45,-207
19640328,-196,-277
19640329,-157,-323
19640330,-144,-196
19640331,-174,-297
19640401,-183,-330
19640402,-205,-339
19640403,-148,-329
19640404,-137,-204
19640405,-53,-253
19640406,-6,-247
19640407,-26,-125
19640408,-46,-115
19640409,-27,-207
19640410,0,-177
19640411,-26,-121
19640412,-92,-180
19640413,-92,-247
19640414,-46,-241
19640415,-35,-206
19640416,-61,-142
19640417,-64,-160
19640418,-28,-242
19640419,46,-190
19640420,69,-124
19640421,69,-75
19640422,80,-78
19640423,70,-84
19640424,113,-80
19640425,120,-45
19640426,85,-4
19640427,95,-14
19640428,126,-33
19640429,111,-24
19640430,15,-56
19640501,-13,-111
19640502,-10,-115
19640503,33,-133
19640504,21,-129
19640505,32,-111
19640506,60,-72
19640507,80,-25
19640508,133,-44
19640509,130,-21
19640510,88,-22
19640511,0,-92
19640512,-22,-116
19640513,-25,-143
19640514,20,-79
19640515,92,-15
19640516,155,-10
19640517,132,16
19640518,180,-12
19640519,215,6
19640520,223,10
19640521,235,26
19640522,166,55
19640523,195,-5
19640524,240,105
19640525,155,55
19640526,125,29
19640527,90,-32
19640528,110,-42
19640529,109,15
19640530,109,10
19640531,156,-37
19640601,196,36
19640602,255,96
19640603,203,95
19640604,220,64
19640605,107,39
19640606,60,-23
19640607,89,-6
19640608,84,25
19640609,139,51
19640610,233,66
19640611,229,78
19640612,155,-5
19640613,225,23
19640614,210,102
19640615,155,80
19640616,132,49
19640617,132,16
19640618,149,54
19640619,170,35
19640620,217,55
19640621,236,61
19640622,255,100
19640623,256,96
19640624,263,86
19640625,256,100
19640626,214,115
19640627,163,85
19640628,168,42
19640629,245,100
19640630,248,92
19640701,250,64
19640702,250,80
19640703,242,112
19640704,215,101
19640705,185,130
19640706,220,115
19640707,263,89
19640708,265,151
19640709,287,130
19640710,297,79
19640711,318,104
19640712,330,102
19640713,342,115
19640714,290,157
19640715,224,95
19640716,239,59
19640717,148,108
19640718,176,62
19640719,210,41
19640720,235,94
19640721,237,58
19640722,309,139
19640723,280,158
19640724,324,137
19640725,325,146
19640726,271,154
19640727,303,130
19640728,258,129
19640729,265,110
19640730,243,125
19640731,223,106
19640801,214,115
19640802,334,66
19640803,266,56
19640804,283,75
19640805,261,151
19640806,264,85
19640807,273,70
19640808,267,44
19640809,195,74
19640810,196,-1
19640811,234,5
19640812,243,36
19640813,240,36
19640814,262,86
19640815,173,118
19640816,217,145
19640817,173,105
19640818,157,28
19640819,189,9
19640820,217,35
19640821,230,28
19640822,257,61
19640823,233,75
19640824,196,67
19640825,132,12
19640826,132,85
19640827,205,68
19640828,204,44
19640829,154,38
19640830,176,77
19640831,185,30
19640901,152,89
19640902,130,87
19640903,166,44
19640904,200,36
19640905,205,40
19640906,220,5
19640907,219,12
19640908,160,75
19640909,143,34
19640910,97,-15
19640911,107,33
19640912,81,-44
19640913,128,24
19640914,117,-57
19640915,140,-46
19640916,148,-42
19640917,173,20
19640918,182,-26
19640919,197,-37
19640920,198,-42
19640921,199,-40
19640922,146,-8
19640923,146,25
19640924,150,47
19640925,132,30
19640926,97,35
19640927,76,18
19640928,24,-40
19640929,80,15
19640930,36,-28
19641001,-21,-53
19641002,-24,-65
19641003,1,-54
19641004,74,-12
19641005,37,-4
19641006,66,-26
19641007,90,-35
19641008,53,-17
19641009,53,-19
19641010,25,-10
19641011,-8,-64
19641012,-20,-63
19641013,-21,-83
19641014,-60,-116
19641015,-57,-117
19641016,-45,-89
19641017,-87,-214
19641018,-104,-195
19641019,-105,-195
19641020,-98,-171
19641021,-143,-265
19641022,-110,-171
19641023,-80,-156
19641024,-46,-162
19641025,-131,-272
19641026,-165,-284
19641027,-69,-166
19641028,-6,-72
19641029,-30,-60
19641030,-44,-82
19641031,-58,-112
19641101,-27,-80
19641102,-52,-131
19641103,-70,-168
19641104,-138,-226
19641105,-114,-173
19641106,-14,-121
19641107,-17,-75
19641108,-5,-125
19641109,0,-141
19641110,-137,-283
19641111,-55,-156
19641112,-71,-123
19641113,-110,-201
19641114,-75,-157
19641115,-73,-132
19641116,-125,-283
19641117,-230,-282
19641118,-234,-306
19641119,-251,-350
19641120,-229,-303
19641121,-235,-289
19641122,-283,-405
19641123,-176,-338
19641124,-196,-340
19641125,-333,-410
19641126,-299,-389
19641127,-374,-484
19641128,-319,-406
19641129,-220,-360
19641130,-142,-242
19641201,-85,-147
19641202,-80,-132
19641203,-124,-257
19641204,-209,-296
19641205,-263,-366
19641206,-365,-417
19641207,-385,-436
19641208,-415,-452
19641209,-264,-415
19641210,-210,-273
19641211,-246,-286
19641212,-230,-303
19641213,-237,-296
19641214,-263,-360
19641215,-259,-374
19641216,-248,-373
19641217,-281,-395
19641218,-282,-366
19641219,-349,-429
19641220,-408,-443
19641221,-369,-460
19641222,-249,-385
19641223,-295,-364
19641224,-315,-387
19641225,-387,-440
19641226,-325,-447
19641227,-264,-329
19641228,-279,-318
19641229,-291,-344
19641230,-304,-348
19641231,-316,-393
19650101,-307,-391
19650102,-319,-425
19650103,-310,-359
19650104,-301,-344
19650105,-322,-410
19650106,-368,-471
19650107,-471,-503
19650108,-451,-511
19650109,-411,-474
19650110,-284,-412
19650111,-242,-337
19650112,-213,-297
19650113,-286,-432
19650114,-273,-434
19650115,-243,-287
19650116,-157,-272
19650117,-200,-296
19650118,-99,-262
19650119,-78,-214
19650120,-105,-250
19650121,-105,-258
19650122,-231,-303
19650123,-184,-273
19650124,-195,-247
19650125,-207,-277
19650126,-267,-375
19650127,-294,-364
19650128,-309,-396
19650129,-310,-466
19650130,-248,-311
19650131,-241,-312
19650201,-277,-370
19650202,-269,-333
19650203,-225,-291
19650204,-205,-267
19650205,-236,-337
19650206,-289,-377
19650207,-295,-401
19650208,-352,-456
19650209,-353,-464
19650210,-323,-440
19650211,-309,-446
19650212,-274,-444
19650213,-310,-416
19650214,-314,-453
19650215,-293,-441
19650216,-252,-331
19650217,-271,-389
19650218,-267,-418
19650219,-302,-437
19650220,-265,-403
19650221,-259,-396
19650222,-102,-277
19650223,-116,-275
19650224,-78,-203
19650225,-115,-259
19650226,-94,-283
19650227,-78,-203
19650228,-118,-285
19650301,-124,-307
19650302,-101,-257
19650303,-133,-314
19650304,-96,-226
19650305,-118,-289
19650306,-41,-151
19650307,-86,-252
19650308,-5,-106
19650309,-25,-91
19650310,-45,-164
19650311,-134,-172
19650312,-114,-198
19650313,-90,-287
19650314,-80,-240
19650315,-60,-179
19650316,-45,-107
19650317,-62,-250
19650318,-4,-107
19650319,-30,-113
19650320,15,-95
19650321,-2,-172
19650322,-138,-253
19650323,-85,-309
19650324,0,-215
19650325,28,-225
19650326,55,-197
19650327,74,-178
19650328,29,-172
19650329,38,-206
19650330,55,-183
19650331,50,-156
19650401,10,-71
19650402,-8,-178
19650403,95,-76
19650404,121,-83
19650405,118,-74
19650406,76,-95
19650407,-33,-161
19650408,-15,-215
19650409,80,-105
19650410,94,-95
19650411,61,-50
19650412,59,-65
19650413,4,-43
19650414,-2,-60
19650415,5,-126
19650416,20,-135
19650417,8,-34
19650418,-15,-115
19650419,-70,-174
19650420,-55,-233
19650421,-17,-195
19650422,-23,-90
19650423,-10,-122
19650424,-23,-179
19650425,-15,-162
19650426,25,-69
19650427,97,-35
19650428,23,-55
19650429,38,-110
19650430,33,-68
19650501,58,-122
19650502,49,-86
19650503,87,-85
19650504,116,-61
19650505,110,-13
19650506,86,0
19650507,34,-58
19650508,70,-43
19650509,104,-20
19650510,94,-51
19650511,45,-61
19650512,50,-31
19650513,98,-31
19650514,134,-51
19650515,124,24
19650516,144,-23
19650517,167,-15
19650518,216,23
19650519,280,36
19650520,260,5
19650521,84,-33
19650522,104,-18
19650523,155,60
19650524,110,0
19650525,70,-6
19650526,46,-33
19650527,40,-13
19650528,113,-11
19650529,132,-23
19650530,105,-1
19650531,136,82
19650601,103,49
19650602,109,-15
19650603,100,39
19650604,207,57
19650605,192,98
19650606,140,4
19650607,215,17
19650608,247,121
19650609,173,18
19650610,69,-34
19650611,96,-24
19650612,100,-25
19650613,65,12
19650614,128,60
19650615,134,27
19650616,182,42
19650617,234,34
19650618,194,108
19650619,172,50
19650620,111,47
19650621,155,73
19650622,186,66
19650623,226,86
19650624,274,46
19650625,269,92
19650626,265,120
19650627,268,60
19650628,176,39
19650629,174,23
19650630,219,14
19650701,205,50
19650702,232,137
19650703,235,82
19650704,274,76
19650705,259,145
19650706,237,107
19650707,247,59
19650708,156,111
19650709,152,91
19650710,163,62
19650711,150,84
19650712,242,49
19650713,260,78
19650714,285,165
19650715,298,170
19650716,291,105
19650717,283,137
19650718,282,76
19650719,246,140
19650720,275,55
19650721,289,98
19650722,305,94
19650723,283,120
19650724,319,155
19650725,230,167
19650726,211,116
19650727,250,128
19650728,270,76
19650729,275,90
19650730,292,109
19650731,290,115
19650801,309,116
19650802,313,125
19650803,251,166
19650804,243,136
19650805,276,114
19650806,297,115
19650807,300,121
19650808,217,141
19650809,258,120
19650810,267,97
19650811,234,137
19650812,195,143
19650813,161,120
19650814,166,115
19650815,217,110
19650816,242,92
19650817,245,103
19650818,199,133
19650819,166,83
19650820,176,105
19650821,202,73
19650822,170,81
19650823,172,24
19650824,169,42
19650825,162,49
19650826,140,40
19650827,148,39
19650828,122,76
19650829,126,15
19650830,97,51
19650831,93,34
19650901,74,4
19650902,69,10
19650903,86,38
19650904,109,36
19650905,72,26
19650906,90,35
19650907,82,6
19650908,64,4
19650909,85,10
19650910,131,-20
19650911,102,-16
19650912,97,-15
19650913,71,22
19650914,52,3
19650915,75,6
19650916,97,-24
19650917,90,10
19650918,84,46
19650919,92,57
19650920,102,33
19650921,80,-9
19650922,101,-12
19650923,126,-30
19650924,84,1
19650925,160,31
19650926,146,-5
19650927,180,-13
19650928,154,-18
19650929,104,0
19650930,51,21
19651001,94,-5
19651002,38,7
19651003,25,-28
19651004,99,11
19651005,142,-18
19651006,120,-2
19651007,39,-37
19651008,17,-26
19651009,11,-64
19651010,13,-21
19651011,65,-43
19651012,67,-40
19651013,70,-65
19651014,68,-86
19651015,90,0
19651016,5,-48
19651017,12,-73
19651018,-20,-42
19651019,11,-51
19651020,35,5
19651021,26,-5
19651022,10,-35
19651023,-15,-64
19651024,-60,-151
19651025,-106,-237
19651026,-91,-127
19651027,-92,-155
19651028,-133,-231
19651029,-95,-159
19651030,-40,-167
19651031,10,-45
19651101,6,-131
19651102,-119,-245
19651103,-217,-292
19651104,-225,-332
19651105,-267,-369
19651106,-240,-349
19651107,-257,-365
19651108,-272,-354
19651109,-250,-333
19651110,-173,-274
19651111,-143,-192
19651112,-95,-154
19651113,-120,-246
19651114,-243,-349
19651115,-280,-362
19651116,-188,-349
19651117,-197,-282
19651118,-220,-294
19651119,-275,-341
19651120,-265,-393
19651121,-249,-331
19651122,-309,-369
19651123,-222,-317
19651124,-230,-316
19651125,-210,-297
19651126,-200,-242
19651127,-206,-303
19651128,-300,-358
19651129,-344,-420
19651130,-182,-351
19651201,-191,-288
19651202,-286,-393
19651203,-364,-456
19651204,-170,-369
19651205,-155,-231
19651206,-226,-366
19651207,-366,-464
19651208,-463,-503
19651209,-487,-517
19651210,-488,-529
19651211,-467,-523
19651212,-456,-492
19651213,-486,-522
19651214,-463,-507
19651215,-224,-471
19651216,-95,-228
19651217,-96,-300
19651218,-225,-374
19651219,-234,-319
19651220,-313,-429
19651221,-294,-447
19651222,-200,-304
19651223,-204,-252
19651224,-200,-258
19651225,-112,-256
19651226,-120,-316
19651227,-310,-365
19651228,-309,-411
19651229,-185,-329
19651230,-143,-246
19651231,-127,-160
19660101,-133,-170
19660102,-140,-192
19660103,-150,-230
19660104,-130,-212
19660105,-208,-364
19660106,-343,-407
19660107,-265,-350
19660108,-285,-382
19660109,-279,-337
19660110,-329,-449
19660111,-457,-502
19660112,-379,-497
19660113,-347,-440
19660114,-439,-504
19660115,-463,-514
19660116,-478,-557
19660117,-355,-514
19660118,-298,-382
19660119,-344,-425
19660120,-370,-431
19660121,-374,-434
19660122,-308,-388
19660123,-279,-361
19660124,-296,-374
19660125,-148,-323
19660126,-100,-170
19660127,-160,-337
19660128,-329,-480
19660129,-301,-400
19660130,-324,-398
19660131,-377,-502
19660201,-291,-461
19660202,-333,-381
19660203,-381,-467
19660204,-371,-480
19660205,-363,-482
19660206,-275,-390
19660207,-289,-382
19660208,-293,-396
19660209,-329,-446
19660210,-307,-436
19660211,-264,-368
19660212,-80,-272
19660213,-131,-278
19660214,-215,-359
19660215,-294,-399
19660216,-284,-390
19660217,-248,-336
19660218,-273,-393
19660219,-279,-438
19660220,-358,-487
19660221,-284,-432
19660222,-168,-294
19660223,-210,-365
19660224,-249,-379
19660225,-248,-414
19660226,-271,-452
19660227,-280,-466
19660228,-274,-443
19660301,-242,-458
19660302,-230,-438
19660303,-244,-411
19660304,-165,-291
19660305,-185,-362
19660306,-108,-292
19660307,-105,-199
19660308,-140,-297
19660309,-167,-280
19660310,-167,-370
19660311,-180,-337
19660312,-160,-256
19660313,-190,-340
19660314,-154,-356
19660315,-149,-350
19660316,-132,-296
19660317,-133,-337
19660318,-102,-324
19660319,-105,-241
19660320,-122,-168
19660321,-96,-262
19660322,-100,-316
19660323,-38,-142
19660324,-25,-79
19660325,47,-199
19660326,30,-117
19660327,49,-148
19660328,17,-141
19660329,13,-139
19660330,22,-25
19660331,-10,-189
19660401,-90,-233
19660402,-64,-206
19660403,-2,-94
19660404,-45,-248
19660405,-100,-348
19660406,-78,-284
19660407,-67,-227
19660408,-50,-274
19660409,-53,-262
19660410,-24,-205
19660411,-48,-254
19660412,-54,-260
19660413,-35,-238
19660414,-14,-158
19660415,-17,-59
19660416,-24,-211
19660417,-53,-209
19660418,-60,-239
19660419,-48,-108
19660420,-60,-131
19660421,-64,-152
19660422,-37,-176
19660423,-10,-189
19660424,-16,-159
19660425,36,-177
19660426,47,-138
19660427,66,-81
19660428,116,-95
19660429,106,-62
19660430,137,-52
19660501,121,-6
19660502,93,2
19660503,77,-10
19660504,105,4
19660505,133,-41
19660506,155,-37
19660507,132,-10
19660508,135,-26
19660509,166,-20
19660510,165,-25
19660511,150,-4
19660512,71,-28
19660513,43,-81
19660514,40,-4
19660515,79,-39
19660516,2,-45
19660517,34,-72
19660518,58,-47
19660519,115,-58
19660520,108,-27
19660521,50,7
19660522,67,8
19660523,94,-2
19660524,162,-27
19660525,160,24
19660526,73,-26
19660527,144,-51
19660528,122,45
19660529,98,16
19660530,108,-26
19660531,108,-9
19660601,100,44
19660602,105,-8
19660603,100,4
19660604,144,53
19660605,247,46
19660606,233,94
19660607,280,137
19660608,270,107
19660609,256,93
19660610,256,125
19660611,236,84
19660612,184,25
19660613,239,19
19660614,265,48
19660615,252,121
19660616,243,87
19660617,232,123
19660618,188,99
19660619,161,71
19660620,160,63
19660621,148,40
19660622,151,77
19660623,128,41
19660624,138,30
19660625,147,35
19660626,143,28
19660627,145,48
19660628,172,2
19660629,186,59
19660630,192,94
19660701,188,118
19660702,177,65
19660703,259,80
19660704,225,126
19660705,243,64
19660706,183,79
19660707,207,48
19660708,221,37
19660709,254,44
19660710,290,59
19660711,288,90
19660712,241,120
19660713,214,83
19660714,216,115
19660715,240,79
19660716,172,80
19660717,240,77
19660718,236,99
19660719,240,83
19660720,276,79
19660721,257,140
19660722,246,67
19660723,236,89
19660724,176,69
19660725,250,100
19660726,296,84
19660727,288,129
19660728,289,134
19660729,278,100
19660730,275,178
19660731,266,107
19660801,250,109
19660802,259,77
19660803,276,128
19660804,266,102
19660805,274,70
19660806,280,81
19660807,251,127
19660808,245,101
19660809,207,111
19660810,113,67
19660811,118,52
19660812,162,63
19660813,166,112
19660814,214,87
19660815,233,72
19660816,210,119
19660817,142,71
19660818,159,85
19660819,135,68
19660820,135,8
19660821,140,60
19660822,139,85
19660823,207,81
19660824,150,62
19660825,129,60
19660826,125,45
19660827,115,57
19660828,120,2
19660829,163,-17
19660830,175,-15
19660831,214,0
19660901,255,29
19660902,229,93
19660903,118,40
19660904,115,-2
19660905,90,-18
19660906,108,-43
19660907,103,27
19660908,110,13
19660909,134,-27
19660910,179,55
19660911,233,30
19660912,230,35
19660913,228,12
19660914,228,14
19660915,197,46
19660916,160,51
19660917,91,40
19660918,76,18
19660919,121,11
19660920,134,17
19660921,218,38
19660922,203,16
19660923,160,44
19660924,121,52
19660925,107,-47
19660926,171,-24
19660927,143,48
19660928,87,-46
19660929,53,-41
19660930,31,-20
19661001,53,-5
19661002,100,-26
19661003,76,-2
19661004,7,-31
19661005,8,-38
19661006,105,0
19661007,87,13
19661008,22,-33
19661009,-12,-98
19661010,-32,-101
19661011,-18,-137
19661012,-25,-64
19661013,20,-29
19661014,7,-92
19661015,-87,-178
19661016,-97,-229
19661017,-85,-242
19661018,-67,-111
19661019,-11,-69
19661020,-38,-125
19661021,-92,-225
19661022,-46,-149
19661023,11,-66
19661024,-61,-197
19661025,-194,-320
19661026,-175,-327
19661027,-15,-176
19661028,-15,-53
19661029,-9,-45
19661030,-43,-157
19661031,-154,-270
19661101,-78,-189
19661102,-26,-149
19661103,-116,-178
19661104,-113,-167
19661105,-88,-126
19661106,-96,-173
19661107,-150,-279
19661108,-249,-393
19661109,-317,-387
19661110,-207,-405
19661111,-301,-426
19661112,-348,-438
19661113,-337,-445
19661114,-188,-348
19661115,-198,-351
19661116,-244,-340
19661117,-258,-361
19661118,-277,-411
19661119,-254,-385
19661120,-148,-265
19661121,-118,-195
19661122,-145,-293
19661123,-227,-318
19661124,-145,-286
19661125,-104,-146
19661126,-115,-281
19661127,-276,-415
19661128,-390,-440
19661129,-334,-416
19661130,-238,-348
19661201,-235,-272
19661202,-252,-317
19661203,-160,-269
19661204,-113,-224
19661205,-182,-243
19661206,-217,-333
19661207,-148,-279
19661208,-157,-229
19661209,-222,-317
19661210,-279,-358
19661211,-319,-382
19661212,-326,-409
19661213,-294,-378
19661214,-374,-425
19661215,-418,-450
19661216,-393,-468
19661217,-402,-456
19661218,-307,-402
19661219,-200,-350
19661220,-195,-315
19661221,-309,-410
19661222,-304,-387
19661223,-299,-370
19661224,-318,-389
19661225,-307,-409
19661226,-242,-355
19661227,-240,-349
19661228,-297,-387
19661229,-280,-375
19661230,-374,-446
19661231,-297,-452
19670101,-227,-306
19670102,-186,-309
19670103,-140,-186
19670104,-140,-242
19670105,-237,-407
19670106,-217,-423
19670107,-186,-352
19670108,-169,-224
19670109,-166,-225
19670110,-200,-354
19670111,-348,-436
19670112,-433,-504
19670113,-403,-490
19670114,-276,-423
19670115,-205,-309
19670116,-115,-226
19670117,-168,-268
19670118,-190,-270
19670119,-105,-197
19670120,-133,-252
19670121,-202,-294
19670122,-135,-203
19670123,-69,-161
19670124,-120,-197
19670125,-175,-313
19670126,-295,-388
19670127,-266,-377
19670128,-221,-289
19670129,-221,-280
19670130,-153,-257
19670131,-162,-222
19670201,-195,-284
19670202,-273,-417
19670203,-387,-473
19670204,-354,-425
19670205,-287,-395
19670206,-359,-462
19670207,-301,-450
19670208,-256,-358
19670209,-236,-350
19670210,-264,-397
19670211,-274,-404
19670212,-268,-365
19670213,-122,-271
19670214,-173,-307
19670215,-138,-247
19670216,-80,-221
19670217,-107,-188
19670218,-163,-307
19670219,-100,-204
19670220,-120,-227
19670221,-175,-311
19670222,-112,-216
19670223,-144,-326
19670224,-77,-223
19670225,-110,-285
19670226,-148,-282
19670227,-102,-262
19670228,-155,-280
19670301,-138,-227
19670302,-172,-297
19670303,-142,-290
19670304,-99,-183
19670305,-48,-257
19670306,-68,-226
19670307,-100,-263
19670308,-94,-292
19670309,-45,-138
19670310,-42,-186
19670311,-28,-236
19670312,-18,-203
19670313,-28,-191
19670314,7,-90
19670315,15,-18
19670316,11,-57
19670317,-15,-149
19670318,-40,-131
19670319,-40,-266
19670320,-20,-258
19670321,-15,-156
19670322,24,-73
19670323,-4,-88
19670324,-11,-191
19670325,-12,-191
19670326,-3,-155
19670327,14,-51
19670328,-8,-96
19670329,-27,-185
19670330,-30,-176
19670331,-8,-147
19670401,-25,-162
19670402,-40,-155
19670403,-42,-122
19670404,-59,-147
19670405,-108,-189
19670406,-125,-211
19670407,-110,-302
19670408,-54,-303
19670409,-30,-278
19670410,-43,-110
19670411,-7,-93
19670412,12,-136
19670413,60,-147
19670414,54,-66
19670415,60,-6
19670416,41,-32
19670417,37,-57
19670418,77,-135
19670419,126,-66
19670420,163,-30
19670421,165,0
19670422,186,6
19670423,174,-25
19670424,140,-20
19670425,160,-25
19670426,162,-14
19670427,61,-57
19670428,110,-81
19670429,87,10
19670430,112,-47
19670501,197,-13
19670502,220,0
19670503,236,0
19670504,220,-15
19670505,58,-38
19670506,20,-21
19670507,1,-97
19670508,29,-32
19670509,0,-76
19670510,50,-116
19670511,60,-71
19670512,81,-51
19670513,60,-20
19670514,57,-91
19670515,22,-70
19670516,95,-53
19670517,86,40
19670518,129,32
19670519,174,-30
19670520,205,12
19670521,186,32
19670522,84,-27
19670523,67,6
19670524,89,-3
19670525,105,14
19670526,104,-21
19670527,85,25
19670528,73,8
19670529,95,3
19670530,84,-10
19670531,31,-4
19670601,37,-51
19670602,104,-47
19670603,132,-28
19670604,170,5
19670605,200,25
19670606,219,80
19670607,219,100
19670608,247,45
19670609,253,128
19670610,285,75
19670611,272,129
19670612,256,135
19670613,214,86
19670614,117,93
19670615,174,82
19670616,192,35
19670617,219,37
19670618,257,50
19670619,270,106
19670620,292,82
19670621,285,93
19670622,200,108
19670623,147,17
19670624,140,77
19670625,179,76
19670626,180,16
19670627,176,79
19670628,245,56
19670629,256,88
19670630,243,122
19670701,258,113
19670702,292,137
19670703,305,97
19670704,321,133
19670705,337,132
19670706,330,142
19670707,320,120
19670708,305,141
19670709,246,148
19670710,262,113
19670711,270,112
19670712,255,118
19670713,252,67
19670714,253,65
19670715,242,156
19670716,225,108
19670717,234,143
19670718,239,125
19670719,253,104
19670720,273,133
19670721,282,120
19670722,303,116
19670723,303,112
19670724,290,120
19670725,278,110
19670726,206,120
19670727,230,145
19670728,230,133
19670729,183,140
19670730,235,138
19670731,218,76
19670801,236,100
19670802,265,70
19670803,265,78
19670804,218,95
19670805,176,66
19670806,120,28
19670807,146,-35
19670808,140,42
19670809,140,52
19670810,118,73
19670811,230,75
19670812,238,40
19670813,248,37
19670814,257,62
19670815,260,60
19670816,250,64
19670817,225,81
19670818,240,60
19670819,245,45
19670820,255,54
19670821,299,70
19670822,245,67
19670823,227,43
19670824,190,96
19670825,140,32
19670826,130,0
19670827,105,-30
19670828,75,21
19670829,75,25
19670830,40,-37
19670831,65,-30
19670901,70,1
19670902,83,10
19670903,64,-20
19670904,65,2
19670905,70,-12
19670906,72,32
19670907,113,-2
19670908,127,20
19670909,110,49
19670910,175,88
19670911,144,58
19670912,142,9
19670913,167,16
19670914,172,27
19670915,147,78
19670916,210,67
19670917,175,20
19670918,136,-5
19670919,185,45
19670920,135,-8
19670921,108,18
19670922,96,-40
19670923,70,23
19670924,65,-10
19670925,38,-33
19670926,31,-34
19670927,20,-19
19670928,15,-24
19670929,72,-27
19670930,139,-1
19671001,145,-42
19671002,155,-46
19671003,189,-5
19671004,157,45
19671005,51,-35
19671006,27,-24
19671007,20,-20
19671008,15,-17
19671009,15,-8
19671010,2,-20
19671011,-5,-37
19671012,0,-29
19671013,-7,-45
19671014,33,-22
19671015,39,5
19671016,44,1
19671017,52,4
19671018,67,-2
19671019,35,-4
19671020,57,0
19671021,37,9
19671022,36,-4
19671023,35,4
19671024,35,7
19671025,78,-9
19671026,46,-18
19671027,-15,-95
19671028,-93,-179
19671029,-77,-179
19671030,-34,-137
19671031,20,-53
19671101,26,-15
19671102,32,-162
19671103,-158,-248
19671104,-180,-272
19671105,-218,-303
19671106,-205,-292
19671107,-239,-313
19671108,-238,-309
19671109,-235,-329
19671110,-112,-242
19671111,-55,-116
19671112,-105,-177
19671113,-157,-277
19671114,-83,-158
19671115,-145,-304
19671116,-281,-387
19671117,-340,-416
19671118,-339,-428
19671119,-311,-421
19671120,-289,-373
19671121,-281,-364
19671122,-244,-305
19671123,-269,-349
19671124,-177,-344
19671125,-112,-198
19671126,-195,-290
19671127,-115,-230
19671128,-70,-128
19671129,-104,-208
19671130,-59,-203
19671201,-55,-158
19671202,-160,-262
19671203,-117,-227
19671204,-175,-287
19671205,-274,-329
19671206,-302,-355
19671207,-299,-355
19671208,-254,-340
19671209,-175,-259
19671210,-175,-269
19671211,-98,-201
19671212,-117,-202
19671213,-69,-201
19671214,-70,-136
19671215,-109,-174
19671216,-38,-185
19671217,-182,-239
19671218,-174,-257
19671219,-179,-253
19671220,-140,-200
19671221,-148,-216
19671222,-150,-279
19671223,-274,-323
19671224,-254,-358
19671225,-344,-395
19671226,-324,-393
19671227,-277,-381
19671228,-269,-345
19671229,-197,-308
19671230,-206,-313
19671231,-205,-311
19680101,-180,-267
19680102,-246,-314
19680103,-311,-393
19680104,-382,-403
19680105,-373,-411
19680106,-224,-385
19680107,-60,-231
19680108,-62,-202
19680109,-200,-351
19680110,-223,-288
19680111,-279,-400
19680112,-309,-436
19680113,-255,-403
19680114,-263,-333
19680115,-227,-276
19680116,-228,-300
19680117,-273,-325
19680118,-320,-415
19680119,-353,-431
19680120,-289,-364
19680121,-321,-391
19680122,-329,-392
19680123,-301,-360
19680124,-344,-434
19680125,-323,-412
19680126,-294,-421
19680127,-336,-414
19680128,-334,-417
19680129,-302,-429
19680130,-302,-429
19680131,-334,-407
19680201,-286,-415
19680202,-317,-424
19680203,-253,-356
19680204,-170,-262
19680205,-127,-189
19680206,-144,-209
19680207,-179,-316
19680208,-264,-350
19680209,-299,-401
19680210,-289,-365
19680211,-313,-425
19680212,-264,-356
19680213,-175,-291
19680214,-183,-316
19680215,-210,-297
19680216,-230,-360
19680217,-200,-297
19680218,-187,-294
19680219,-145,-264
19680220,-118,-186
19680221,-156,-310
19680222,-118,-254
19680223,-76,-237
19680224,-108,-288
19680225,-128,-313
19680226,-145,-321
19680227,-126,-305
19680228,-89,-255
19680229,-18,-131
19680301,-5,-116
19680302,-74,-198
19680303,-100,-237
19680304,-90,-178
19680305,-110,-173
19680306,-59,-171
19680307,-37,-81
19680308,-37,-101
19680309,-56,-158
19680310,-38,-156
19680311,-4,-159
19680312,30,-107
19680313,3,-73
19680314,-5,-214
19680315,-2,-163
19680316,26,-59
19680317,0,-109
19680318,3,-81
19680319,-6,-85
19680320,-42,-211
19680321,13,-179
19680322,42,-161
19680323,26,-131
19680324,29,-143
19680325,20,-111
19680326,63,-141
19680327,46,-124
19680328,22,-39
19680329,-7,-63
19680330,6,-161
19680331,-12,-63
19680401,32,-35
19680402,15,-79
19680403,-20,-132
19680404,20,-48
19680405,10,-114
19680406,-111,-179
19680407,-30,-155
19680408,16,-177
19680409,37,-68
19680410,58,-69
19680411,50,-54
19680412,4,-82
19680413,3,-34
19680414,98,-106
19680415,103,30
19680416,168,-5
19680417,165,-10
19680418,142,-21
19680419,88,-75
19680420,80,-83
19680421,-43,-114
19680422,56,-169
19680423,32,-51
19680424,16,-71
19680425,17,-63
19680426,5,-55
19680427,57,-128
19680428,50,-58
19680429,63,-18
19680430,55,-16
19680501,23,-40
19680502,-22,-99
19680503,3,-73
19680504,6,-99
19680505,48,-110
19680506,82,-4
19680507,190,3
19680508,172,-14
19680509,55,5
19680510,67,-15
19680511,72,-8
19680512,56,-8
19680513,30,-53
19680514,25,-20
19680515,75,-14
19680516,66,-26
19680517,30,-54
19680518,62,-67
19680519,60,12
19680520,50,-40
19680521,100,-47
19680522,70,-24
19680523,245,28
19680524,295,53
19680525,195,71
19680526,140,36
19680527,105,-5
19680528,170,-1
19680529,163,87
19680530,111,-20
19680531,152,-22
19680601,160,40
19680602,163,16
19680603,178,36
19680604,171,28
19680605,30,-34
19680606,74,-10
19680607,164,-26
19680608,196,5
19680609,183,64
19680610,198,26
19680611,126,5
19680612,144,-18
19680613,251,15
19680614,136,32
19680615,154,-38
19680616,205,-8
19680617,268,70
19680618,263,64
19680619,247,107
19680620,177,85
19680621,218,56
19680622,239,44
19680623,228,75
19680624,150,64
19680625,126,2
19680626,134,42
19680627,127,78
19680628,138,86
19680629,154,90
19680630,155,69
19680701,216,61
19680702,233,79
19680703,260,96
19680704,303,91
19680705,323,104
19680706,294,134
19680707,243,122
19680708,236,50
19680709,227,159
19680710,216,88
19680711,209,51
19680712,253,51
19680713,294,76
19680714,314,105
19680715,338,102
19680716,357,123
19680717,346,146
19680718,335,164
19680719,272,166
19680720,288,139
19680721,203,161
19680722,265,106
19680723,290,80
19680724,306,113
19680725,303,122
19680726,275,116
19680727,237,143
19680728,216,120
19680729,214,120
19680730,188,45
19680731,165,67
19680801,147,90
19680802,226,105
19680803,227,80
19680804,224,110
19680805,206,115
19680806,204,55
19680807,204,80
19680808,216,47
19680809,248,35
19680810,241,80
19680811,220,140
19680812,200,61
19680813,186,49
19680814,166,65
19680815,135,78
19680816,112,51
19680817,173,19
19680818,169,10
19680819,175,2
19680820,135,76
19680821,194,16
19680822,270,8
19680823,237,49
19680824,182,80
19680825,175,63
19680826,125,31
19680827,106,68
19680828,86,13
19680829,102,1
19680830,95,2
19680831,105,19
19680901,156,-46
19680902,138,60
19680903,82,-5
19680904,64,5
19680905,70,-55
19680906,68,-69
19680907,83,-16
19680908,58,2
19680909,60,0
19680910,70,9
19680911,54,-23
19680912,110,-84
19680913,86,-10
19680914,96,-45
19680915,70,2
19680916,60,-13
19680917,84,-16
19680918,97,-30
19680919,102,-69
19680920,100,-50
19680921,78,19
19680922,46,4
19680923,45,-36
19680924,44,-17
19680925,36,-15
19680926,20,-31
19680927,20,-9
19680928,35,5
19680929,20,-44
19680930,-37,-123
19681001,-20,-141
19681002,-8,-58
19681003,8,-51
19681004,12,-71
19681005,20,-15
19681006,15,-13
19681007,23,-3
19681008,16,-78
19681009,5,-52
19681010,75,-63
19681011,43,-86
19681012,54,-76
19681013,75,4
19681014,50,-38
19681015,15,-99
19681016,42,-40
19681017,32,-131
19681018,-36,-121
19681019,2,-127
19681020,-3,-67
19681021,-40,-145
19681022,-22,-164
19681023,-3,-53
19681024,-13,-40
19681025,-20,-163
19681026,26,-73
19681027,29,-2
19681028,65,-92
19681029,-76,-128
19681030,-75,-173
19681031,-84,-143
19681101,-110,-262
19681102,-66,-151
19681103,-76,-171
19681104,-104,-225
19681105,-190,-323
19681106,-279,-378
19681107,-315,-409
19681108,-180,-318
19681109,-161,-213
19681110,-176,-272
19681111,-174,-226
19681112,-182,-342
19681113,-279,-365
19681114,-236,-292
19681115,-186,-338
19681116,-76,-190
19681117,-160,-279
19681118,-201,-335
19681119,-329,-436
19681120,-232,-395
19681121,-299,-393
19681122,-331,-415
19681123,-297,-338
19681124,-294,-378
19681125,-376,-461
19681126,-310,-400
19681127,-304,-349
19681128,-303,-427
19681129,-425,-503
19681130,-495,-543
19681201,-506,-544
19681202,-517,-561
19681203,-333,-539
19681204,-331,-462
19681205,-456,-527
19681206,-483,-512
19681207,-482,-510
19681208,-456,-494
19681209,-436,-483
19681210,-415,-451
19681211,-429,-493
19681212,-415,-484
19681213,-218,-415
19681214,-105,-269
19681215,-193,-223
19681216,-147,-247
19681217,-147,-203
19681218,-197,-338
19681219,-245,-359
19681220,-255,-392
19681221,-218,-356
19681222,-227,-416
19681223,-415,-500
19681224,-484,-517
19681225,-420,-497
19681226,-442,-493
19681227,-451,-499
19681228,-471,-502
19681229,-451,-497
19681230,-441,-513
19681231,-455,-497
19690101,-395,-457
19690102,-293,-405
19690103,-355,-406
19690104,-324,-405
19690105,-297,-382
19690106,-294,-370
19690107,-369,-438
19690108,-419,-451
19690109,-421,-448
19690110,-417,-492
19690111,-334,-425
19690112,-349,-451
19690113,-429,-483
19690114,-333,-421
19690115,-372,-444
19690116,-443,-492
19690117,-467,-504
19690118,-462,-519
19690119,-413,-482
19690120,-346,-413
19690121,-366,-454
19690122,-448,-507
19690123,-390,-470
19690124,-396,-452
19690125,-420,-476
19690126,-334,-436
19690127,-351,-405
19690128,-358,-446
19690129,-366,-421
19690130,-354,-407
19690131,-357,-425
19690201,-321,-390
19690202,-376,-466
19690203,-313,-437
19690204,-321,-385
19690205,-382,-461
19690206,-391,-486
19690207,-419,-529
19690208,-417,-535
19690209,-421,-540
19690210,-448,-552
19690211,-369,-495
19690212,-363,-446
19690213,-319,-398
19690214,-352,-491
19690215,-382,-490
19690216,-324,-431
19690217,-319,-461
19690218,-319,-446
19690219,-261,-400
19690220,-304,-448
19690221,-276,-437
19690222,-274,-437
19690223,-259,-436
19690224,-249,-428
19690225,-240,-417
19690226,-240,-422
19690227,-235,-415
19690228,-228,-421
19690301,-209,-323
19690302,-192,-358
19690303,-73,-213
19690304,-111,-256
19690305,-188,-250
19690306,-202,-303
19690307,-220,-420
19690308,-155,-355
19690309,-132,-305
19690310,-65,-262
19690311,-6,-151
19690312,2,-211
19690313,-29,-129
19690314,-47,-201
19690315,-47,-186
19690316,-83,-226
19690317,-97,-270
19690318,-89,-292
19690319,-103,-296
19690320,-106,-308
19690321,-7,-116
19690322,-14,-175
19690323,-106,-272
19690324,-88,-325
19690325,-125,-277
19690326,-130,-219
19690327,-62,-286
19690328,-51,-147
19690329,-70,-208
19690330,-13,-190
19690331,-30,-129
19690401,-95,-242
19690402,-20,-238
19690403,-18,-76
19690404,14,-56
19690405,7,-74
19690406,1,-77
19690407,-17,-60
19690408,26,-71
19690409,7,-171
19690410,-60,-279
19690411,-25,-231
19690412,-40,-172
19690413,-36,-128
19690414,64,-96
19690415,76,-46
19690416,29,-56
19690417,23,-137
19690418,14,-83
19690419,-37,-126
19690420,-60,-234
19690421,-25,-247
19690422,-1,-216
19690423,-20,-110
19690424,-32,-226
19690425,-46,-146
19690426,21,-191
19690427,76,-118
19690428,61,-29
19690429,59,-15
19690430,-12,-141
19690501,-10,-156
19690502,24,-133
19690503,-10,-55
19690504,-3,-72
19690505,46,-101
19690506,46,-17
19690507,51,-51
19690508,25,-30
19690509,48,-51
19690510,19,-87
19690511,46,-101
19690512,60,-73
19690513,65,-5
19690514,68,-56
19690515,36,-40
19690516,70,-63
19690517,112,-56
19690518,92,5
19690519,83,5
19690520,85,33
19690521,78,-12
19690522,93,-53
19690523,139,-10
19690524,186,-12
19690525,177,20
19690526,152,59
19690527,153,20
19690528,207,4
19690529,193,82
19690530,106,36
19690531,166,-30
19690601,128,5
19690602,164,-20
19690603,167,65
19690604,144,50
19690605,148,76
19690606,132,1
19690607,131,58
19690608,160,-20
19690609,148,67
19690610,118,72
19690611,142,5
19690612,144,-10
19690613,165,31
19690614,217,95
19690615,275,113
19690616,324,123
19690617,312,135
19690618,173,52
19690619,130,9
19690620,133,10
19690621,176,14
19690622,227,5
19690623,217,95
19690624,210,50
19690625,187,90
19690626,238,81
19690627,245,126
19690628,297,104
19690629,301,130
19690630,239,165
19690701,275,83
19690702,268,156
19690703,213,80
19690704,252,103
19690705,277,95
19690706,317,94
19690707,313,125
19690708,318,117
19690709,306,138
19690710,322,123
19690711,290,135
19690712,238,92
19690713,262,69
19690714,237,126
19690715,246,136
19690716,274,137
19690717,297,150
19690718,255,140
19690719,298,166
19690720,288,143
19690721,254,172
19690722,295,155
19690723,315,130
19690724,307,135
19690725,286,150
19690726,277,115
19690727,309,145
19690728,303,145
19690729,273,131
19690730,270,70
19690731,317,110
19690801,304,173
19690802,284,183
19690803,257,131
19690804,234,145
19690805,168,99
19690806,163,70
19690807,167,80
19690808,223,101
19690809,252,120
19690810,168,130
19690811,158,110
19690812,150,70
19690813,155,72
19690814,202,85
19690815,123,66
19690816,187,39
19690817,208,61
19690818,213,58
19690819,170,103
19690820,148,53
19690821,144,74
19690822,167,112
19690823,203,50
19690824,213,86
19690825,227,64
19690826,211,50
19690827,200,64
19690828,227,55
19690829,197,29
19690830,173,18
19690831,157,68
19690901,160,24
19690902,153,54
19690903,118,87
19690904,119,62
19690905,117,-24
19690906,108,6
19690907,152,72
19690908,151,67
19690909,184,64
19690910,112,42
19690911,105,20
19690912,98,9
19690913,59,-15
19690914,48,-27
19690915,104,12
19690916,75,-37
19690917,49,-45
19690918,39,-32
19690919,16,-12
19690920,20,-67
19690921,22,-42
19690922,18,-42
19690923,10,-47
19690924,24,-35
19690925,38,-40
19690926,68,-108
19690927,40,-14
19690928,56,0
19690929,83,-12
19690930,95,5
19691001,71,18
19691002,45,3
19691003,10,-10
19691004,18,-6
19691005,10,-6
19691006,31,-66
19691007,19,-102
19691008,-17,-53
19691009,-22,-59
19691010,-36,-68
19691011,-14,-58
19691012,-25,-52
19691013,-32,-72
19691014,-26,-66
19691015,6,-35
19691016,19,-13
19691017,20,-18
19691018,-7,-46
19691019,-27,-81
19691020,-38,-144
19691021,-62,-147
19691022,16,-71
19691023,12,-111
19691024,-29,-98
19691025,-18,-82
19691026,-81,-206
19691027,-174,-259
19691028,-183,-287
19691029,-148,-250
19691030,-208,-338
19691031,-195,-325
19691101,-158,-287
19691102,-107,-234
19691103,-30,-108
19691104,-8,-111
19691105,24,-26
19691106,32,-16
19691107,-10,-91
19691108,-75,-125
19691109,-118,-171
19691110,-113,-255
19691111,-196,-244
19691112,-189,-247
19691113,-243,-357
19691114,-299,-380
19691115,-200,-303
19691116,-118,-223
19691117,-109,-157
19691118,-60,-206
19691119,-78,-110
19691120,-110,-216
19691121,-202,-288
19691122,-168,-265
19691123,-68,-171
19691124,-64,-151
19691125,-115,-178
19691126,-140,-243
19691127,4,-205
19691128,-42,-172
19691129,-165,-294
19691130,-145,-274
19691201,-18,-146
19691202,-25,-61
19691203,-57,-121
19691204,-106,-303
19691205,-295,-391
19691206,-230,-371
19691207,-172,-256
19691208,-144,-245
19691209,-152,-263
19691210,-253,-349
19691211,-229,-360
19691212,-197,-267
19691213,-194,-303
19691214,-256,-314
19691215,-165,-318
19691216,-202,-286
19691217,-200,-257
19691218,-210,-252
19691219,-206,-238
19691220,-231,-369
19691221,-362,-474
19691222,-368,-451
19691223,-393,-497
19691224,-471,-514
19691225,-353,-471
19691226,-351,-420
19691227,-316,-392
19691228,-341,-392
19691229,-345,-405
19691230,-412,-456
19691231,-410,-437
19700101,-434,-472
19700102,-425,-477
19700103,-401,-432
19700104,-276,-421
19700105,-207,-338
19700106,-153,-250
19700107,-230,-266
19700108,-237,-318
19700109,-197,-300
19700110,-215,-245
19700111,-238,-369
19700112,-356,-429
19700113,-258,-380
19700114,-210,-267
19700115,-186,-246
19700116,-188,-297
19700117,-290,-383
19700118,-217,-380
19700119,-54,-226
19700120,-94,-297
19700121,-240,-364
19700122,-283,-385
19700123,-299,-425
19700124,-237,-450
19700125,-99,-288
19700126,-118,-352
19700127,-347,-466
19700128,-420,-497
19700129,-346,-487
19700130,-269,-359
19700131,-244,-412
19700201,-345,-456
19700202,-239,-365
19700203,-208,-333
19700204,-207,-275
19700205,-214,-272
19700206,-257,-410
19700207,-251,-380
19700208,-200,-313
19700209,-38,-214
19700210,-38,-164
19700211,-72,-174
19700212,-147,-297
19700213,-171,-282
19700214,-86,-231
19700215,-82,-176
19700216,-170,-339
19700217,-245,-375
19700218,-309,-456
19700219,-305,-450
19700220,-220,-407
19700221,-192,-359
19700222,-180,-327
19700223,-174,-365
19700224,-186,-373
19700225,-193,-327
19700226,-195,-388
19700227,-200,-395
19700228,-176,-393
19700301,-178,-379
19700302,-169,-371
19700303,-198,-369
19700304,-162,-375
19700305,-143,-328
19700306,-138,-341
19700307,-132,-349
19700308,-115,-331
19700309,-121,-344
19700310,-117,-344
19700311,-73,-305
19700312,-77,-320
19700313,-68,-318
19700314,-60,-271
19700315,-68,-237
19700316,-75,-280
19700317,-94,-217
19700318,-91,-296
19700319,-78,-298
19700320,-5,-175
19700321,2,-191
19700322,25,-184
19700323,64,-166
19700324,37,-127
19700325,8,-137
19700326,-54,-171
19700327,-33,-233
19700328,10,-242
19700329,32,-216
19700330,21,-212
19700331,40,-171
19700401,50,-171
19700402,34,-15
19700403,10,-36
19700404,-24,-81
19700405,-8,-143
19700406,22,-51
19700407,-12,-124
19700408,-25,-225
19700409,-23,-220
19700410,71,-40
19700411,94,-69
19700412,80,0
19700413,50,-4
19700414,14,-122
19700415,25,-164
19700416,75,-22
19700417,40,-87
19700418,-47,-140
19700419,25,-61
19700420,65,-59
19700421,135,30
19700422,170,58
19700423,60,-125
19700424,4,-161
19700425,53,-27
19700426,24,-35
19700427,-14,-107
19700428,8,-169
19700429,-7,-56
19700430,33,-107
19700501,30,-76
19700502,40,-55
19700503,34,-55
19700504,49,-110
19700505,76,-96
19700506,78,-81
19700507,66,-57
19700508,47,-61
19700509,45,-28
19700510,67,-4
19700511,53,-89
19700512,-23,-111
19700513,49,-76
19700514,80,-81
19700515,87,-3
19700516,116,21
19700517,114,32
19700518,110,20
19700519,162,60
19700520,160,32
19700521,130,-48
19700522,176,6
19700523,169,2
19700524,135,60
19700525,169,-16
19700526,180,67
19700527,168,59
19700528,67,2
19700529,127,-20
19700530,110,23
19700531,100,-6
19700601,110,-3
19700602,120,18
19700603,142,-26
19700604,134,12
19700605,143,10
19700606,142,50
19700607,110,3
19700608,57,4
19700609,108,5
19700610,167,20
19700611,234,95
19700612,179,56
19700613,175,23
19700614,151,46
19700615,179,55
19700616,157,85
19700617,150,24
19700618,213,14
19700619,256,24
19700620,309,67
19700621,305,117
19700622,265,98
19700623,300,99
19700624,305,128
19700625,243,128
19700626,235,118
19700627,188,86
19700628,175,75
19700629,143,30
19700630,160,74
19700701,172,104
19700702,165,64
19700703,210,11
19700704,191,92
19700705,217,35
19700706,189,113
19700707,215,110
19700708,210,101
19700709,213,111
19700710,273,100
19700711,250,131
19700712,282,92
19700713,296,111
19700714,291,128
19700715,214,166
19700716,255,139
19700717,262,103
19700718,279,100
19700719,267,109
19700720,229,152
19700721,241,94
19700722,231,105
19700723,233,112
19700724,260,64
19700725,267,141
19700726,269,100
19700727,264,120
19700728,270,90
19700729,279,68
19700730,291,74
19700731,276,75
19700801,281,80
19700802,276,86
19700803,272,114
19700804,204,110
19700805,165,45
19700806,173,80
19700807,210,24
19700808,183,111
19700809,125,90
19700810,145,74
19700811,133,24
19700812,167,74
19700813,190,58
19700814,182,77
19700815,151,114
19700816,132,69
19700817,106,50
19700818,123,53
19700819,103,15
19700820,110,14
19700821,148,27
19700822,166,44
19700823,171,55
19700824,172,59
19700825,197,16
19700826,177,87
19700827,172,40
19700828,153,36
19700829,169,-11
19700830,194,70
19700831,176,75
19700901,120,68
19700902,87,32
19700903,104,37
19700904,102,57
19700905,70,4
19700906,105,26
19700907,128,26
19700908,122,12
19700909,125,-21
19700910,149,-31
19700911,192,-7
19700912,189,30
19700913,182,33
19700914,105,-32
19700915,94,-25
19700916,123,-65
19700917,90,-32
19700918,69,31
19700919,110,-24
19700920,123,-2
19700921,133,-29
19700922,121,-1
19700923,105,19
19700924,84,38
19700925,75,35
19700926,76,-34
19700927,100,10
19700928,149,-10
19700929,145,20
19700930,130,14
19701001,105,-30
19701002,-5,-44
19701003,12,-67
19701004,-20,-83
19701005,-45,-156
19701006,4,-102
19701007,-38,-92
19701008,-36,-76
19701009,-26,-76
19701010,-42,-101
19701011,-45,-115
19701012,-49,-111
19701013,-49,-96
19701014,-60,-173
19701015,-55,-91
19701016,-30,-67
19701017,-5,-82
19701018,10,-22
19701019,15,-21
19701020,-14,-56
19701021,-50,-114
19701022,-80,-221
19701023,-112,-256
19701024,-30,-155
19701025,9,-37
19701026,-10,-84
19701027,-9,-78
19701028,-9,-32
19701029,0,-25
19701030,-12,-91
19701031,-84,-179
19701101,-64,-147
19701102,4,-71
19701103,6,-28
19701104,-2,-40
19701105,25,-38
19701106,13,-100
19701107,-71,-146
19701108,-65,-147
19701109,-135,-213
19701110,-52,-158
19701111,-88,-157
19701112,-146,-237
19701113,-165,-308
19701114,-113,-188
19701115,-39,-161
19701116,-155,-331
19701117,-281,-344
19701118,-292,-348
19701119,-178,-306
19701120,-135,-183
19701121,-126,-151
19701122,-134,-245
19701123,-240,-311
19701124,-256,-326
19701125,-299,-405
19701126,-389,-451
19701127,-399,-444
19701128,-400,-455
19701129,-269,-441
19701130,-175,-277
19701201,-185,-256
19701202,-118,-233
19701203,-3,-124
19701204,-101,-228
19701205,-180,-308
19701206,-230,-316
19701207,-227,-297
19701208,-263,-306
19701209,-301,-363
19701210,-326,-373
19701211,-251,-353
19701212,-178,-262
19701213,-210,-300
19701214,-180,-252
19701215,-198,-249
19701216,-225,-303
19701217,-288,-331
19701218,-311,-401
19701219,-400,-438
19701220,-406,-426
19701221,-414,-446
19701222,-432,-478
19701223,-281,-441
19701224,-224,-287
19701225,-220,-265
19701226,-187,-251
19701227,-228,-269
19701228,-252,-406
19701229,-295,-436
19701230,-286,-367
19701231,-256,-329
19710101,-327,-426
19710102,-344,-451
19710103,-215,-353
19710104,-50,-231
19710105,-70,-293
19710106,-115,-247
19710107,-106,-217
19710108,-160,-231
19710109,-185,-311
19710110,-266,-350
19710111,-261,-320
19710112,-186,-348
19710113,-153,-197
19710114,-145,-206
19710115,-93,-367
19710116,-366,-438
19710117,-180,-419
19710118,-196,-390
19710119,-268,-447
19710120,-235,-308
19710121,-185,-276
19710122,-195,-257
19710123,-141,-250
19710124,-200,-385
19710125,-251,-386
19710126,-220,-318
19710127,-163,-230
19710128,-198,-277
19710129,-180,-272
19710130,-176,-225
19710131,-218,-292
19710201,-197,-309
19710202,-135,-272
19710203,-167,-328
19710204,-242,-349
19710205,-281,-390
19710206,-198,-338
19710207,-220,-327
19710208,-216,-317
19710209,-220,-328
19710210,-232,-380
19710211,-214,-371
19710212,-245,-372
19710213,-235,-357
19710214,-255,-391
19710215,-296,-446
19710216,-316,-468
19710217,-259,-407
19710218,-297,-383
19710219,-273,-359
19710220,-286,-429
19710221,-304,-461
19710222,-261,-483
19710223,-285,-436
19710224,-251,-422
19710225,-210,-420
19710226,-252,-404
19710227,-251,-408
19710228,-215,-339
19710301,-212,-407
19710302,-187,-415
19710303,-235,-434
19710304,-193,-405
19710305,-197,-364
19710306,-163,-333
19710307,-92,-201
19710308,-102,-282
19710309,-107,-313
19710310,-81,-292
19710311,-70,-278
19710312,-55,-289
19710313,-50,-277
19710314,-20,-273
19710315,-9,-243
19710316,-1,-236
19710317,-23,-145
19710318,-30,-97
19710319,-75,-163
19710320,-86,-185
19710321,-100,-290
19710322,-30,-114
19710323,-14,-64
19710324,-48,-189
19710325,-123,-330
19710326,-85,-139
19710327,-96,-186
19710328,-101,-289
19710329,-70,-211
19710330,-60,-246
19710331,-64,-289
19710401,-40,-275
19710402,-27,-262
19710403,-43,-261
19710404,-26,-141
19710405,-7,-231
19710406,15,-207
19710407,14,-138
19710408,79,-57
19710409,96,-87
19710410,75,-68
19710411,-47,-117
19710412,0,-158
19710413,25,-34
19710414,13,-131
19710415,48,-26
19710416,100,-1
19710417,117,-28
19710418,70,9
19710419,62,-93
19710420,-70,-145
19710421,-11,-166
19710422,6,-65
19710423,43,-100
19710424,31,-102
19710425,61,-38
19710426,68,-121
19710427,70,-2
19710428,0,-104
19710429,7,-138
19710430,68,-128
19710501,100,-81
19710502,116,-53
19710503,91,-23
19710504,138,-46
19710505,132,14
19710506,48,-32
19710507,60,-66
19710508,86,-45
19710509,104,-3
19710510,88,5
19710511,60,-2
19710512,63,0
19710513,104,22
19710514,101,8
19710515,134,-37
19710516,162,0
19710517,174,-1
19710518,164,45
19710519,126,-2
19710520,78,37
19710521,85,16
19710522,112,-24
19710523,123,-38
19710524,120,35
19710525,132,-28
19710526,120,33
19710527,100,60
19710528,85,-10
19710529,80,0
19710530,98,-7
19710531,100,-48
19710601,133,53
19710602,121,0
19710603,95,-29
19710604,107,29
19710605,141,16
19710606,105,20
19710607,124,47
19710608,246,26
19710609,265,56
19710610,255,56
19710611,225,35
19710612,219,85
19710613,157,71
19710614,189,5
19710615,217,18
19710616,209,37
19710617,221,52
19710618,276,127
19710619,313,113
19710620,315,123
19710621,297,146
19710622,279,121
19710623,264,145
19710624,274,100
19710625,304,108
19710626,265,109
19710627,240,108
19710628,254,87
19710629,279,67
19710630,282,83
19710701,278,120
19710702,188,110
19710703,219,60
19710704,254,54
19710705,249,70
19710706,177,89
19710707,159,70
19710708,164,83
19710709,224,25
19710710,254,47
19710711,287,67
19710712,304,121
19710713,290,137
19710714,289,200
19710715,223,157
19710716,261,168
19710717,274,128
19710718,269,150
19710719,229,140
19710720,200,133
19710721,268,148
19710722,222,134
19710723,197,121
19710724,229,68
19710725,219,57
19710726,195,47
19710727,138,46
19710728,174,3
19710729,193,16
19710730,197,35
19710731,220,31
19710801,223,47
19710802,185,92
19710803,186,128
19710804,217,112
19710805,259,108
19710806,249,78
19710807,235,53
19710808,253,42
19710809,226,54
19710810,205,60
19710811,205,88
19710812,204,73
19710813,187,97
19710814,239,100
19710815,207,111
19710816,201,102
19710817,205,100
19710818,192,98
19710819,174,100
19710820,185,98
19710821,181,58
19710822,193,64
19710823,190,17
19710824,223,15
19710825,204,61
19710826,223,82
19710827,197,73
19710828,130,-42
19710829,169,43
19710830,169,-4
19710831,144,78
19710901,128,39
19710902,144,3
19710903,113,62
19710904,124,79
19710905,132,84
19710906,179,58
19710907,139,89
19710908,171,64
19710909,151,94
19710910,114,42
19710911,95,43
19710912,97,22
19710913,99,-58
19710914,74,-10
19710915,72,14
19710916,62,9
19710917,135,55
19710918,124,-5
19710919,44,22
19710920,59,-56
19710921,75,-43
19710922,66,-14
19710923,102,-23
19710924,95,22
19710925,66,19
19710926,52,-5
19710927,47,-32
19710928,1,-60
19710929,36,-11
19710930,34,-12
19711001,18,-55
19711002,24,-96
19711003,42,-16
19711004,38,-62
19711005,52,-5
19711006,50,-4
19711007,30,-11
19711008,1,-46
19711009,15,-30
19711010,112,-39
19711011,65,-49
19711012,42,16
19711013,24,-18
19711014,20,-8
19711015,65,-8
19711016,90,-36
19711017,-32,-82
19711018,-44,-82
19711019,-5,-58
19711020,-15,-50
19711021,-13,-59
19711022,9,-38
19711023,3,-31
19711024,2,-33
19711025,26,-8
19711026,36,-3
19711027,45,-36
19711028,34,-127
19711029,-124,-228
19711030,-150,-185
19711031,-160,-245
19711101,-196,-293
19711102,-148,-261
19711103,-68,-180
19711104,-82,-217
19711105,-60,-136
19711106,-7,-69
19711107,-13,-137
19711108,-76,-173
19711109,-25,-82
19711110,-15,-63
19711111,-36,-117
19711112,-27,-116
19711113,-3,-93
19711114,-11,-86
19711115,-19,-61
19711116,5,-135
19711117,-132,-280
19711118,-116,-237
19711119,-80,-150
19711120,-56,-126
19711121,0,-202
19711122,-8,-112
19711123,-109,-221
19711124,-218,-337
19711125,-314,-398
19711126,-296,-401
19711127,-150,-341
19711128,-104,-174
19711129,-100,-123
19711130,-118,-186
19711201,-134,-177
19711202,-125,-196
19711203,-178,-325
19711204,-224,-343
19711205,-206,-236
19711206,-206,-236
19711207,-229,-290
19711208,-271,-301
19711209,-231,-315
19711210,-189,-273
19711211,-220,-272
19711212,-168,-297
19711213,-121,-176
19711214,-120,-170
19711215,-154,-256
19711216,-256,-333
19711217,-328,-432
19711218,-352,-389
19711219,-354,-399
19711220,-353,-386
19711221,-348,-385
19711222,-303,-353
19711223,-336,-373
19711224,-364,-396
19711225,-291,-377
19711226,-307,-354
19711227,-247,-316
19711228,-251,-305
19711229,-291,-324
19711230,-301,-356
19711231,-300,-376
19720101,-190,-314
19720102,-213,-338
19720103,-328,-386
19720104,-242,-377
19720105,-155,-251
19720106,-175,-299
19720107,-148,-279
19720108,-278,-385
19720109,-375,-417
19720110,-316,-378
19720111,-283,-345
19720112,-285,-396
19720113,-394,9999
19720114,9999,-479
19720115,-330,-494
19720116,-292,-330
19720117,-293,-434
19720118,-420,-461
19720119,-401,-446
19720120,-403,-456
19720121,-302,-440
19720122,-275,-395
19720123,-341,-448
19720124,-210,-345
19720125,-254,-363
19720126,-287,-340
19720127,-260,-308
19720128,-283,-387
19720129,-307,-389
19720130,-365,-445
19720131,-370,-445
19720201,-313,-405
19720202,-321,-415
19720203,-294,-418
19720204,-239,-311
19720205,-237,-353
19720206,-253,-365
19720207,-238,-314
19720208,-256,-323
19720209,-256,-433
19720210,-325,-434
19720211,-208,-364
19720212,-174,-246
19720213,-220,-284
19720214,-286,-432
19720215,-327,-439
19720216,-316,-473
19720217,-310,-445
19720218,-171,-361
19720219,-142,-235
19720220,-130,-274
19720221,-142,-235
19720222,-125,-175
19720223,-127,-221
19720224,-150,-286
19720225,-120,-256
19720226,-83,-198
19720227,-30,-100
19720228,-18,-102
19720229,-47,-156
19720301,-72,-262
19720302,-95,-209
19720303,-130,-303
19720304,-130,-288
19720305,-153,-315
19720306,-74,-233
19720307,-95,-218
19720308,-80,-142
19720309,-125,-313
19720310,-155,-274
19720311,-82,-383
19720312,-175,-381
19720313,-147,-295
19720314,-140,-364
19720315,-118,-349
19720316,-82,-242
19720317,-64,-140
19720318,-77,-249
19720319,-42,-138
19720320,-50,-237
19720321,-64,-185
19720322,-84,-226
19720323,-85,-150
19720324,-70,-280
19720325,-14,-183
19720326,15,-114
19720327,-17,-199
19720328,-41,-237
19720329,-22,-266
19720330,-12,-229
19720331,45,-164
19720401,-10,-169
19720402,6,-196
19720403,43,-194
19720404,59,-176
19720405,82,-167
19720406,100,-149
19720407,104,-137
19720408,104,-67
19720409,80,-93
19720410,68,20
19720411,58,1
19720412,41,-15
19720413,-7,-154
19720414,-10,-194
19720415,-5,-179
19720416,59,-161
19720417,86,-104
19720418,60,-78
19720419,-20,-143
19720420,18,-120
19720421,47,-11
19720422,44,-59
19720423,50,-105
19720424,83,-74
19720425,49,-33
19720426,11,-78
19720427,89,-6
19720428,57,-101
19720429,35,-93
19720430,71,-26
19720501,106,-1
19720502,88,-6
19720503,28,-105
19720504,-14,-96
19720505,16,-129
19720506,40,-39
19720507,74,-37
19720508,61,-6
19720509,68,-2
19720510,59,-70
19720511,74,-24
19720512,97,-51
19720513,175,11
19720514,199,5
19720515,172,28
19720516,100,-35
19720517,68,-12
19720518,106,-46
19720519,79,6
19720520,85,3
19720521,41,-40
19720522,29,-43
19720523,30,-22
19720524,91,-42
19720525,95,30
19720526,62,1
19720527,70,-5
19720528,122,-31
19720529,119,16
19720530,110,43
19720531,110,31
19720601,122,-7
19720602,134,-9
19720603,128,11
19720604,107,11
19720605,106,-31
19720606,154,-16
19720607,149,34
19720608,151,54
19720609,219,10
19720610,201,50
19720611,262,47
19720612,282,74
19720613,271,138
19720614,259,58
19720615,269,109
19720616,284,50
19720617,254,85
19720618,267,95
19720619,282,83
19720620,364,102
19720621,319,111
19720622,306,109
19720623,259,144
19720624,240,155
19720625,276,100
19720626,279,124
19720627,284,136
19720628,268,97
19720629,269,104
19720630,179,95
19720701,189,5
19720702,171,86
19720703,150,16
19720704,149,12
19720705,184,25
19720706,206,64
19720707,265,112
19720708,249,126
19720709,192,113
19720710,233,115
19720711,211,124
19720712,239,125
19720713,239,73
19720714,225,124
19720715,244,110
19720716,266,61
19720717,279,107
19720718,292,144
19720719,279,120
19720720,252,142
19720721,229,74
19720722,214,100
19720723,189,80
19720724,199,107
19720725,259,79
19720726,279,80
19720727,279,74
19720728,272,104
19720729,263,139
19720730,289,110
19720731,283,120
19720801,275,115
19720802,299,100
19720803,304,132
19720804,288,129
19720805,213,162
19720806,260,119
19720807,211,103
19720808,203,90
19720809,159,106
19720810,177,108
19720811,155,81
19720812,163,80
19720813,152,104
19720814,169,97
19720815,149,12
19720816,202,75
19720817,224,69
19720818,219,52
19720819,218,121
19720820,166,76
19720821,129,7
19720822,121,67
19720823,145,70
19720824,141,61
19720825,134,64
19720826,160,46
19720827,106,59
19720828,136,37
19720829,149,45
19720830,182,-1
19720831,148,52
19720901,142,76
19720902,121,41
19720903,52,26
19720904,70,16
19720905,64,-1
19720906,65,-24
19720907,67,4
19720908,56,28
19720909,91,46
19720910,100,16
19720911,91,20
19720912,75,18
19720913,74,31
19720914,46,-21
19720915,69,10
19720916,83,-20
19720917,41,-46
19720918,50,-15
19720919,77,16
19720920,72,44
19720921,70,25
19720922,35,-7
19720923,86,-6
19720924,99,40
19720925,73,-6
19720926,50,6
19720927,16,-28
19720928,25,-29
19720929,42,-12
19720930,45,-29
19721001,37,-78
19721002,53,-6
19721003,25,-29
19721004,30,-31
19721005,14,-74
19721006,26,-35
19721007,19,-29
19721008,40,-17
19721009,32,-50
19721010,44,-51
19721011,40,2
19721012,18,-25
19721013,6,-25
19721014,5,-34
19721015,-12,-56
19721016,-18,-50
19721017,-37,-71
19721018,-23,-84
19721019,-35,-57
19721020,12,-45
19721021,4,-59
19721022,-40,-116
19721023,-75,-203
19721024,-75,-198
19721025,-65,-115
19721026,-62,-124
19721027,-123,-223
19721028,-130,-267
19721029,-144,-276
19721030,-116,-149
19721031,-85,-131
19721101,-96,-188
19721102,-165,-228
19721103,-150,-225
19721104,-210,-326
19721105,-240,-343
19721106,-192,-392
19721107,-160,-198
19721108,-194,-286
19721109,-210,-285
19721110,-154,-276
19721111,-136,-161
19721112,-149,-214
19721113,-200,-328
19721114,-173,-242
19721115,-233,-325
19721116,-313,-418
19721117,-363,-433
19721118,-319,-391
19721119,-362,-421
19721120,-220,-375
19721121,-220,-315
19721122,-103,-302
19721123,-100,-173
19721124,-115,-262
19721125,-235,-353
19721126,-181,-287
19721127,-225,-252
19721128,-242,-352
19721129,-254,-376
19721130,-189,-262
19721201,-122,-247
19721202,-30,-235
19721203,-231,-339
19721204,-290,9999
19721205,9999,-463
19721206,-413,-491
19721207,-497,-522
19721208,-517,-557
19721209,-521,-565
19721210,-406,-521
19721211,-271,-428
19721212,-302,-376
19721213,-259,-356
19721214,-257,-334
19721215,-326,-399
19721216,-326,-400
19721217,-234,-351
19721218,-261,-336
19721219,-200,-271
19721220,-211,-284
19721221,-211,-305
19721222,-236,-363
19721223,-278,-405
19721224,-152,-286
19721225,-150,-218
19721226,-214,-343
19721227,-257,-380
19721228,-113,-295
19721229,-168,-276
19721230,-158,-286
19721231,-252,-318
19730101,-163,-283
19730102,-178,-237
19730103,-210,-299
19730104,-215,-286
19730105,-130,-240
19730106,-85,-237
19730107,-185,-266
19730108,-213,-328
19730109,-122,-223
19730110,-126,-239
19730111,-230,-332
19730112,-212,-276
19730113,-213,-342
19730114,-196,-349
19730115,-154,-208
19730116,-160,-253
19730117,-173,-269
19730118,-180,-331
19730119,-167,-276
19730120,-161,-275
19730121,-240,-332
19730122,-239,-291
19730123,-166,-286
19730124,-172,-215
19730125,-207,-317
19730126,-281,-377
19730127,-382,-412
19730128,-306,-428
19730129,-261,-319
19730130,-296,-413
19730131,-362,-435
19730201,-375,-438
19730202,-331,-448
19730203,-324,-431
19730204,-334,-427
19730205,-321,-441
19730206,-277,-433
19730207,-271,-417
19730208,-253,-394
19730209,-232,-338
19730210,-95,-259
19730211,-37,-135
19730212,-40,-138
19730213,-84,-169
19730214,-95,-166
19730215,-166,-311
19730216,-233,-360
19730217,-252,-371
19730218,-166,-301
19730219,-204,-356
19730220,-148,-282
19730221,-130,-181
19730222,-143,-265
19730223,-57,-182
19730224,-133,-301
19730225,-92,-263
19730226,-141,-328
19730227,-140,-322
19730228,-110,-301
19730301,-69,-227
19730302,-87,-173
19730303,-70,-166
19730304,-76,-168
19730305,-132,-242
19730306,-114,-271
19730307,-114,-164
19730308,-114,-247
19730309,-106,-322
19730310,-110,-321
19730311,-148,-282
19730312,-116,-275
19730313,-48,-156
19730314,-45,-185
19730315,-4,-117
19730316,37,-89
19730317,22,-90
19730318,-56,-234
19730319,-33,-145
19730320,-14,-129
19730321,-24,-147
19730322,-3,-243
19730323,41,-217
19730324,55,-104
19730325,47,-31
19730326,-5,-159
19730327,-35,-163
19730328,-30,-154
19730329,-15,-223
19730330,0,-230
19730331,8,-205
19730401,23,-44
19730402,55,-13
19730403,67,-125
19730404,74,-119
19730405,40,-44
19730406,8,-145
19730407,32,-29
19730408,12,-84
19730409,-17,-149
19730410,-17,-175
19730411,-24,-191
19730412,-20,-217
19730413,-37,-129
19730414,-32,-237
19730415,-18,-143
19730416,41,-25
19730417,30,-36
19730418,18,-92
19730419,-11,-96
19730420,-1,-174
19730421,17,-171
19730422,1,-89
19730423,-4,-127
19730424,-2,-100
19730425,27,-179
19730426,48,-119
19730427,41,-22
19730428,-11,-79
19730429,26,-109
19730430,41,-114
19730501,30,-116
19730502,13,-39
19730503,-1,-129
19730504,136,-43
19730505,79,-87
19730506,108,-84
19730507,154,-56
19730508,165,-25
19730509,152,36
19730510,77,4
19730511,77,48
19730512,80,-7
19730513,4,-50
19730514,12,-86
19730515,44,-86
19730516,80,-57
19730517,70,5
19730518,90,-7
19730519,102,3
19730520,123,38
19730521,112,-6
19730522,115,-17
19730523,74,7
19730524,140,-19
19730525,100,23
19730526,195,18
19730527,239,31
19730528,256,33
19730529,237,57
19730530,104,42
19730531,189,23
19730601,206,9
19730602,244,101
19730603,181,40
19730604,146,-18
19730605,176,-14
19730606,118,49
19730607,93,12
19730608,157,25
19730609,172,56
19730610,132,50
19730611,148,32
19730612,147,48
19730613,143,53
19730614,200,-1
19730615,289,55
19730616,289,115
19730617,277,114
19730618,250,118
19730619,295,69
19730620,282,94
19730621,167,55
19730622,192,25
19730623,177,53
19730624,188,28
19730625,185,91
19730626,148,74
19730627,206,82
19730628,190,110
19730629,206,55
19730630,163,26
19730701,188,95
19730702,174,102
19730703,144,24
19730704,167,14
19730705,186,19
19730706,188,46
19730707,189,78
19730708,173,104
19730709,171,51
19730710,166,45
19730711,246,67
19730712,279,89
19730713,290,91
19730714,281,112
19730715,261,132
19730716,211,129
19730717,268,134
19730718,290,123
19730719,295,121
19730720,271,134
19730721,205,142
19730722,185,143
19730723,258,120
19730724,240,57
19730725,253,61
19730726,240,59
19730727,257,87
19730728,246,168
19730729,246,132
19730730,264,125
19730731,237,154
19730801,224,169
19730802,214,141
19730803,177,126
19730804,165,97
19730805,195,26
19730806,215,51
19730807,266,67
19730808,238,106
19730809,261,54
19730810,248,70
19730811,228,38
19730812,255,141
19730813,235,97
19730814,199,24
19730815,201,-12
19730816,226,48
19730817,246,60
19730818,218,100
19730819,251,92
19730820,250,35
19730821,251,31
19730822,236,59
19730823,217,22
19730824,222,82
19730825,176,109
19730826,175,86
19730827,231,58
19730828,230,56
19730829,229,47
19730830,250,61
19730831,262,47
19730901,218,94
19730902,176,5
19730903,148,-4
19730904,157,48
19730905,222,51
19730906,183,72
19730907,245,44
19730908,254,47
19730909,179,18
19730910,206,59
19730911,244,46
19730912,195,48
19730913,217,17
19730914,217,45
19730915,189,41
19730916,93,-32
19730917,241,55
19730918,214,82
19730919,94,30
19730920,109,-8
19730921,77,-27
19730922,30,-12
19730923,24,-25
19730924,48,-39
19730925,57,5
19730926,25,-11
19730927,22,-17
19730928,31,-79
19730929,16,-58
19730930,-17,-113
19731001,-15,-141
19731002,9,-187
19731003,-14,-133
19731004,15,-32
19731005,64,-2
19731006,52,-3
19731007,119,2
19731008,68,8
19731009,23,-17
19731010,-3,-54
19731011,-26,-124
19731012,51,-90
19731013,81,17
19731014,105,-60
19731015,1,-61
19731016,1,-113
19731017,1,-77
19731018,39,-22
19731019,-3,-60
19731020,-37,-58
19731021,-24,-52
19731022,61,-70
19731023,143,-155
19731024,16,-12
19731025,8,-48
19731026,47,-54
19731027,-49,-113
19731028,-73,-220
19731029,-114,-220
19731030,-19,-125
19731031,-86,-228
19731101,-149,-276
19731102,-146,-271
19731103,-39,-176
19731104,1,-80
19731105,-9,-75
19731106,-38,-130
19731107,-102,-266
19731108,-167,-292
19731109,-131,-274
19731110,-4,-157
19731111,-14,-90
19731112,-29,-72
19731113,-19,-83
19731114,-52,-110
19731115,-109,-241
19731116,-169,-282
19731117,-98,-207
19731118,-19,-99
19731119,-39,-129
19731120,-3,-75
19731121,7,-206
19731122,-135,-214
19731123,-164,-285
19731124,-133,-248
19731125,-129,-261
19731126,-260,-347
19731127,-149,-346
19731128,-187,-237
19731129,-164,-289
19731130,-114,-177
19731201,-169,-271
19731202,-268,-405
19731203,-359,-406
19731204,-396,-431
19731205,-250,-439
19731206,-222,-282
19731207,-134,-229
19731208,-220,-311
19731209,-135,-287
19731210,-144,-249
19731211,-155,-241
19731212,-144,-210
19731213,-208,-262
19731214,-146,-252
19731215,-29,-149
19731216,-121,-208
19731217,-144,-241
19731218,-80,-190
19731219,-189,-352
19731220,-233,-365
19731221,-180,-265
19731222,-151,-255
19731223,-179,-268
19731224,-169,-250
19731225,-248,-307
19731226,-192,-312
19731227,-131,-195
19731228,-122,-214
19731229,-4,-194
19731230,-15,-80
19731231,-63,-231
19740101,-149,-238
19740102,-75,-160
19740103,-76,-193
19740104,-191,-407
19740105,-332,-437
19740106,-303,-375
19740107,-298,-363
19740108,-304,-361
19740109,-298,-410
19740110,9999,-480
19740111,9999,-495
19740112,9999,-501
19740113,9999,-477
19740114,9999,-450
19740115,9999,-508
19740116,9999,-537
19740117,9999,-533
19740118,9999,-445
19740119,9999,-481
19740120,9999,-504
19740121,9999,-465
19740122,9999,-424
19740123,-307,-364
19740124,9999,-367
19740125,9999,-409
19740126,9999,-470
19740127,9999,-476
19740128,9999,-435
19740129,9999,-420
19740130,9999,-446
19740131,9999,-468
19740201,-421,-492
19740202,-450,-518
19740203,-460,-538
19740204,-382,-473
19740205,-369,-447
19740206,-283,-390
19740207,-248,-360
19740208,-253,-370
19740209,-268,-340
19740210,-259,9999
19740211,9999,-482
19740212,-303,-451
19740213,-323,-387
19740214,-308,-356
19740215,-328,-437
19740216,-291,-380
19740217,-260,-326
19740218,-323,-440
19740219,-358,-485
19740220,-369,-493
19740221,-375,-518
19740222,-298,-449
19740223,-163,-331
19740224,-119,-300
19740225,-99,-157
19740226,-104,-208
19740227,-132,-313
19740228,-108,-312
19740301,-109,-320
19740302,-139,-196
19740303,-166,-321
19740304,-169,-323
19740305,-154,-291
19740306,-198,-375
19740307,-158,-220
19740308,-147,-331
19740309,-142,-360
19740310,-97,-193
19740311,-77,-268
19740312,-35,-217
19740313,-19,-120
19740314,-69,-121
19740315,-77,-221
19740316,-153,-267
19740317,-130,-341
19740318,-96,-355
19740319,-22,-278
19740320,-35,-112
19740321,16,-75
19740322,0,-80
19740323,-19,-160
19740324,-52,-274
19740325,-24,-103
19740326,-26,-196
19740327,-4,-70
19740328,-33,-126
19740329,16,-229
19740330,-11,-220
19740331,53,-144
19740401,37,-26
19740402,-21,-116
19740403,35,-152
19740404,-36,-191
19740405,-50,-155
19740406,-124,-291
19740407,-46,-286
19740408,-22,-260
19740409,43,-88
19740410,53,-127
19740411,161,-115
19740412,111,-68
19740413,121,-69
19740414,22,-89
19740415,56,-46
19740416,52,-92
19740417,56,-100
19740418,8,-72
19740419,81,-145
19740420,121,-16
19740421,112,6
19740422,77,-67
19740423,148,-71
19740424,88,35
19740425,76,-66
19740426,-5,-85
19740427,96,-136
19740428,62,-94
19740429,109,-81
19740430,74,-21
19740501,59,6
19740502,138,-18
19740503,106,-3
19740504,104,-46
19740505,138,-38
19740506,101,-25
19740507,143,10
19740508,145,-14
19740509,17,-40
19740510,-12,-102
19740511,63,-108
19740512,117,-73
19740513,112,-5
19740514,6,-56
19740515,-20,-108
19740516,48,-104
19740517,76,-30
19740518,49,-86
19740519,-1,-70
19740520,2,-66
19740521,108,-65
19740522,106,11
19740523,67,28
19740524,73,-1
19740525,141,-1
19740526,91,22
19740527,104,22
19740528,116,-13
19740529,186,-13
19740530,206,17
19740531,211,56
19740601,145,28
19740602,161,75
19740603,180,32
19740604,185,73
19740605,164,35
19740606,85,29
19740607,131,21
19740608,106,-11
19740609,141,-12
19740610,143,5
19740611,175,41
19740612,164,31
19740613,181,12
19740614,177,45
19740615,256,15
19740616,254,31
19740617,286,66
19740618,230,84
19740619,254,64
19740620,221,41
19740621,238,24
19740622,122,7
19740623,121,7
19740624,66,-7
19740625,104,10
19740626,236,35
19740627,343,92
19740628,347,96
19740629,310,116
19740630,203,128
19740701,211,66
19740702,193,21
19740703,236,46
19740704,216,31
19740705,202,64
19740706,206,38
19740707,215,52
19740708,200,65
19740709,246,101
19740710,260,93
19740711,226,111
19740712,271,90
19740713,271,154
19740714,212,127
19740715,246,111
19740716,201,109
19740717,232,86
19740718,218,105
19740719,183,37
19740720,147,58
19740721,189,82
19740722,185,44
19740723,186,114
19740724,211,95
19740725,221,109
19740726,246,87
19740727,276,86
19740728,245,126
19740729,242,79
19740730,276,101
19740731,211,87
19740801,230,101
19740802,246,96
19740803,257,101
19740804,271,94
19740805,299,127
19740806,299,126
19740807,232,93
19740808,211,83
19740809,161,131
19740810,196,121
19740811,205,133
19740812,216,91
19740813,185,110
19740814,154,101
19740815,156,81
19740816,173,79
19740817,166,91
19740818,167,27
19740819,241,62
19740820,241,116
19740821,197,101
19740822,157,86
19740823,174,10
19740824,196,81
19740825,181,76
19740826,182,29
19740827,163,6
19740828,172,68
19740829,182,32
19740830,182,59
19740831,200,7
19740901,166,61
19740902,117,61
19740903,154,38
19740904,193,21
19740905,191,11
19740906,133,21
19740907,108,17
19740908,99,32
19740909,116,13
19740910,185,48
19740911,181,0
19740912,145,46
19740913,141,-7
19740914,155,-21
19740915,118,59
19740916,143,70
19740917,135,44
19740918,139,-15
19740919,67,-31
19740920,42,-10
19740921,58,-23
19740922,57,11
19740923,81,18
19740924,95,-33
19740925,81,31
19740926,60,9
19740927,37,-19
19740928,41,-9
19740929,58,-10
19740930,71,9
19741001,54,21
19741002,44,4
19741003,70,13
19741004,26,-56
19741005,-24,-60
19741006,22,-26
19741007,-9,-59
19741008,11,-39
19741009,-8,-165
19741010,26,-87
19741011,21,-150
19741012,-58,-147
19741013,-56,-76
19741014,-63,-150
19741015,-109,-256
19741016,-122,-300
19741017,-127,-306
19741018,-151,-301
19741019,-119,-291
19741020,-95,-251
19741021,-44,-195
19741022,-41,-106
19741023,-64,-125
19741024,-109,-202
19741025,-129,-241
19741026,-66,-148
19741027,-29,-95
19741028,-59,-189
19741029,-174,-347
19741030,-210,-321
19741031,-145,-251
19741101,-202,-301
19741102,-166,-246
19741103,-200,-306
19741104,-134,-226
19741105,-147,-191
19741106,-179,-306
19741107,-258,-331
19741108,-248,-340
19741109,-301,-404
19741110,-258,-413
19741111,-324,-410
19741112,-308,-400
19741113,-226,-355
19741114,-173,-253
19741115,-131,-213
19741116,-49,-134
19741117,-23,-53
19741118,-35,-95
19741119,-78,-307
19741120,-203,-360
19741121,-208,-279
19741122,-273,-410
19741123,-215,-305
19741124,-203,-340
19741125,-236,-278
19741126,-134,-239
19741127,-198,-301
19741128,-293,-425
19741129,-354,-410
19741130,-402,-462
19741201,-314,-471
19741202,-198,-318
19741203,-187,-245
19741204,-154,-221
19741205,-159,-251
19741206,-223,-274
19741207,-186,-252
19741208,-189,-286
19741209,-253,-341
19741210,-229,-296
19741211,-264,-311
19741212,-258,-364
19741213,-228,-346
19741214,-194,-251
19741215,-226,-326
19741216,-163,-297
19741217,-156,-241
19741218,-104,-180
19741219,-144,-219
19741220,-164,-221
19741221,-169,-303
19741222,-288,9999
19741223,9999,-501
19741224,-466,-520
19741225,-451,-495
19741226,-376,-481
19741227,-328,-406
19741228,-298,-363
19741229,-228,-336
19741230,-169,-252
19741231,-164,-226
19750101,-149,-243
19750102,-144,-216
19750103,-179,-245
19750104,-175,-281
19750105,-232,-312
19750106,-253,-313
19750107,-248,-318
19750108,-173,-255
19750109,-83,-180
19750110,-78,-120
19750111,-115,-205
19750112,-69,-212
19750113,-211,-360
19750114,-224,-395
19750115,-182,-239
19750116,-169,-231
19750117,-228,-263
19750118,-191,-251
19750119,-147,-276
19750120,-97,-170
19750121,-87,-260
19750122,-259,-398
19750123,-335,-390
19750124,-276,-346
19750125,-283,-350
19750126,-299,-410
19750127,-249,-332
19750128,-203,-307
19750129,-173,-219
19750130,-193,-276
19750131,-254,-331
19750201,-248,-355
19750202,-323,-410
19750203,-381,-461
19750204,-336,-440
19750205,-201,-345
19750206,-185,-251
19750207,-176,-296
19750208,-210,-296
19750209,-223,-311
19750210,-190,-266
19750211,-124,-202
19750212,-189,-321
19750213,-228,-375
19750214,-198,-306
19750215,-240,-343
19750216,-204,-278
19750217,-204,-336
19750218,-204,-341
19750219,-119,-234
19750220,-112,-198
19750221,-99,-256
19750222,-93,-237
19750223,-143,-322
19750224,-189,-349
19750225,-167,-301
19750226,-181,-350
19750227,-121,-231
19750228,-78,-180
19750301,-67,-208
19750302,-49,-165
19750303,-56,-120
19750304,-74,-227
19750305,-31,-190
19750306,-60,-221
19750307,-65,-165
19750308,-40,-134
19750309,-53,-95
19750310,-84,-226
19750311,-39,-115
19750312,-112,-303
19750313,-121,-328
19750314,-33,-148
19750315,-39,-89
19750316,-40,-124
19750317,-59,-150
19750318,-78,-254
19750319,-73,-240
19750320,-150,-281
19750321,-120,-218
19750322,-39,-184
19750323,0,-115
19750324,13,-46
19750325,-2,-99
19750326,9,-25
19750327,-19,-122
19750328,-79,-214
19750329,-23,-168
19750330,61,-159
19750331,71,-145
19750401,111,-143
19750402,111,-34
19750403,75,-33
19750404,24,-39
19750405,32,-27
19750406,2,-130
19750407,-33,-227
19750408,-8,-195
19750409,14,-92
19750410,20,-133
19750411,26,-161
19750412,22,-180
19750413,21,-110
19750414,23,-88
19750415,94,-121
19750416,105,-104
19750417,117,-71
19750418,116,-34
19750419,117,-33
19750420,100,-29
19750421,50,-35
19750422,35,-122
19750423,38,-110
19750424,29,-32
19750425,35,-20
19750426,33,-39
19750427,57,-15
19750428,64,-2
19750429,96,-63
19750430,113,-62
19750501,111,-55
19750502,156,-30
19750503,151,27
19750504,81,-50
19750505,72,-11
19750506,27,-60
19750507,63,-94
19750508,91,-45
19750509,109,-15
19750510,61,-6
19750511,57,-50
19750512,135,-6
19750513,131,21
19750514,119,13
19750515,57,-30
19750516,96,-43
19750517,93,24
19750518,102,30
19750519,144,-36
19750520,124,-3
19750521,97,2
19750522,86,8
19750523,77,-13
19750524,97,-5
19750525,100,-7
19750526,136,-23
19750527,128,42
19750528,126,35
19750529,178,15
19750530,170,45
19750531,217,30
19750601,209,75
19750602,166,57
19750603,78,17
19750604,137,-16
19750605,161,15
19750606,141,45
19750607,187,-12
19750608,175,106
19750609,161,67
19750610,153,11
19750611,169,-1
19750612,172,77
19750613,176,86
19750614,196,62
19750615,134,23
19750616,132,71
19750617,179,71
19750618,217,34
19750619,256,42
19750620,272,90
19750621,284,80
19750622,257,137
19750623,209,111
19750624,197,61
19750625,201,40
19750626,235,98
19750627,228,129
19750628,216,133
19750629,197,104
19750630,256,95
19750701,247,118
19750702,237,117
19750703,154,64
19750704,149,1
19750705,241,21
19750706,256,113
19750707,271,106
19750708,306,125
19750709,327,141
19750710,325,146
19750711,290,141
19750712,284,148
19750713,206,134
19750714,194,107
19750715,221,75
19750716,198,99
19750717,221,61
19750718,264,92
19750719,295,108
19750720,292,111
19750721,305,107
19750722,276,118
19750723,261,89
19750724,256,137
19750725,272,62
19750726,256,74
19750727,221,123
19750728,211,104
19750729,256,113
19750730,297,114
19750731,316,137
19750801,257,134
19750802,260,137
19750803,242,97
19750804,241,117
19750805,183,107
19750806,171,117
19750807,180,99
19750808,233,60
19750809,226,100
19750810,242,98
19750811,204,102
19750812,199,46
19750813,220,82
19750814,226,60
19750815,154,51
19750816,161,24
19750817,164,68
19750818,138,74
19750819,172,84
19750820,165,81
19750821,188,43
19750822,161,101
19750823,141,31
19750824,154,47
19750825,160,78
19750826,134,63
19750827,111,51
19750828,126,56
19750829,118,45
19750830,142,-19
19750831,162,-27
19750901,136,-14
19750902,117,57
19750903,145,-5
19750904,123,65
19750905,144,51
19750906,148,11
19750907,181,-7
19750908,191,5
19750909,195,23
19750910,190,-13
19750911,206,-17
19750912,166,57
19750913,166,30
19750914,109,35
19750915,87,26
19750916,110,54
19750917,146,76
19750918,170,95
19750919,171,15
19750920,171,-6
19750921,177,54
19750922,76,12
19750923,96,45
19750924,79,-19
19750925,91,-52
19750926,63,4
19750927,111,11
19750928,84,32
19750929,96,22
19750930,29,-2
19751001,130,3
19751002,114,66
19751003,81,18
19751004,46,-29
19751005,46,-14
19751006,67,-37
19751007,65,-19
19751008,57,-38
19751009,6,-66
19751010,15,-25
19751011,8,-55
19751012,24,-109
19751013,69,-54
19751014,51,-21
19751015,41,-7
19751016,11,-49
19751017,5,-20
19751018,1,-73
19751019,-14,-37
19751020,-22,-55
19751021,-14,-49
19751022,-32,-116
19751023,-67,-147
19751024,-48,-111
19751025,-93,-210
19751026,-165,-288
19751027,-131,-246
19751028,-36,-187
19751029,-5,-51
19751030,5,-65
19751031,54,-23
19751101,-23,-75
19751102,3,-69
19751103,-9,-116
19751104,-99,-221
19751105,-154,-252
19751106,-173,-252
19751107,-65,-194
19751108,-89,-184
19751109,-112,-242
19751110,-98,-175
19751111,-29,-109
19751112,-29,-193
19751113,-189,-333
19751114,-169,-249
19751115,-149,-214
19751116,-183,-283
19751117,-208,-348
19751118,-313,-404
19751119,-281,-329
19751120,-306,-394
19751121,-229,-374
19751122,-151,-271
19751123,-104,-243
19751124,-8,-114
19751125,-1,-141
19751126,-132,-203
19751127,-184,-330
19751128,-317,-396
19751129,-232,-363
19751130,-248,-289
19751201,-268,-383
19751202,-389,-450
19751203,-409,-452
19751204,-416,-449
19751205,-405,-439
19751206,-389,-425
19751207,-371,-406
19751208,-316,-400
19751209,-319,-346
19751210,-226,-344
19751211,-174,-266
19751212,-208,-315
19751213,-308,-364
19751214,-313,-369
19751215,-325,-369
19751216,-236,-363
19751217,-155,-249
19751218,-149,-214
19751219,-90,-255
19751220,-94,-182
19751221,-129,-199
19751222,-89,-203
19751223,-201,-318
19751224,-318,-379
19751225,-74,-349
19751226,-24,-97
19751227,-39,-163
19751228,-155,-215
19751229,-94,-201
19751230,-39,-114
19751231,-87,-159
19760101,-158,-245
19760102,-223,-295
19760103,-143,-239
19760104,-124,-201
19760105,-55,-164
19760106,-148,-344
19760107,-297,-352
19760108,-212,-306
19760109,-164,-265
19760110,-125,-255
19760111,-253,-380
19760112,-266,-377
19760113,-248,-282
19760114,-201,-266
19760115,-194,-285
19760116,-280,-399
19760117,-322,-397
19760118,-345,-402
19760119,-343,-399
19760120,-373,-432
19760121,-340,-413
19760122,-299,-385
19760123,-321,-398
19760124,-342,-413
19760125,-296,-377
19760126,-304,-376
19760127,-252,-353
19760128,-144,-267
19760129,-100,-172
19760130,-126,-291
19760131,-270,-339
19760201,-312,-415
19760202,-354,-444
19760203,-366,-453
19760204,-283,-399
19760205,-298,-365
19760206,-258,-312
19760207,-253,-324
19760208,-301,-427
19760209,-299,-429
19760210,-213,-298
19760211,-238,-323
19760212,-320,-464
19760213,-258,-415
19760214,-212,-284
19760215,-175,-294
19760216,-183,-344
19760217,-112,-255
19760218,-144,-300
19760219,-165,-262
19760220,-189,-315
19760221,-192,-285
19760222,-153,-246
19760223,-169,-302
19760224,-224,-396
19760225,-193,-391
19760226,-150,-299
19760227,-53,-162
19760228,-67,-214
19760229,-64,-234
19760301,-47,-210
19760302,-98,-223
19760303,-93,-140
19760304,-109,-244
19760305,-129,-316
19760306,-149,-329
19760307,-94,-165
19760308,-82,-214
19760309,-133,-251
19760310,-149,-331
19760311,-168,-347
19760312,-184,-368
19760313,-143,-374
19760314,-131,-324
19760315,-129,-299
19760316,-94,-289
19760317,-82,-205
19760318,-87,-258
19760319,-97,-265
19760320,-95,-304
19760321,-72,-321
19760322,-10,-283
19760323,0,-245
19760324,-23,-122
19760325,-13,-201
19760326,-19,-224
19760327,-18,-189
19760328,-16,-139
19760329,-15,-186
19760330,-11,-251
19760331,12,-234
19760401,25,-228
19760402,46,-205
19760403,65,-169
19760404,79,-133
19760405,84,-110
19760406,97,-114
19760407,70,-82
19760408,75,-65
19760409,35,6
19760410,28,-15
19760411,-2,-96
19760412,-42,-169
19760413,-4,-199
19760414,32,-187
19760415,38,-111
19760416,34,-98
19760417,-39,-159
19760418,15,-80
19760419,-5,-73
19760420,38,-145
19760421,49,-121
19760422,70,-43
19760423,66,-60
19760424,80,-104
19760425,70,1
19760426,42,-27
19760427,18,-37
19760428,153,-1
19760429,120,-55
19760430,-26,-110
19760501,27,-142
19760502,65,-90
19760503,95,-46
19760504,106,-1
19760505,140,0
19760506,80,11
19760507,51,-21
19760508,72,-42
19760509,31,-36
19760510,69,-79
19760511,114,12
19760512,115,4
19760513,64,-35
19760514,78,-10
19760515,59,3
19760516,31,-39
19760517,54,-88
19760518,63,-39
19760519,106,-23
19760520,103,-14
19760521,107,-11
19760522,136,25
19760523,118,-7
19760524,135,-19
19760525,125,54
19760526,80,50
19760527,87,29
19760528,140,43
19760529,157,1
19760530,193,3
19760531,203,55
19760601,171,56
19760602,130,65
19760603,176,8
19760604,175,48
19760605,79,15
19760606,150,18
19760607,235,5
19760608,265,75
19760609,286,77
19760610,300,103
19760611,216,132
19760612,170,27
19760613,76,8
19760614,163,-7
19760615,197,43
19760616,257,78
19760617,235,127
19760618,279,56
19760619,275,95
19760620,256,134
19760621,278,71
19760622,305,88
19760623,293,115
19760624,273,153
19760625,247,146
19760626,260,118
19760627,273,71
19760628,278,71
19760629,266,78
19760630,222,93
19760701,248,60
19760702,255,85
19760703,281,81
19760704,315,116
19760705,343,128
19760706,315,121
19760707,303,84
19760708,290,109
19760709,286,110
19760710,257,143
19760711,229,137
19760712,255,125
19760713,260,105
19760714,216,138
19760715,253,102
19760716,235,98
19760717,220,53
19760718,227,45
19760719,266,94
19760720,249,96
19760721,230,145
19760722,239,100
19760723,271,60
19760724,262,95
19760725,268,67
19760726,274,104
19760727,260,99
19760728,200,76
19760729,155,29
19760730,177,42
19760731,204,63
19760801,183,92
19760802,145,93
19760803,130,81
19760804,180,66
19760805,164,85
19760806,206,76
19760807,197,98
19760808,192,73
19760809,182,108
19760810,199,83
19760811,209,76
19760812,212,83
19760813,219,75
19760814,205,82
19760815,116,17
19760816,101,31
19760817,85,24
19760818,120,23
19760819,162,-9
19760820,130,75
19760821,174,101
19760822,194,77
19760823,183,78
19760824,198,31
19760825,183,81
19760826,196,42
19760827,230,60
19760828,211,51
19760829,148,76
19760830,116,34
19760831,115,36
19760901,115,50
19760902,115,31
19760903,84,39
19760904,100,31
19760905,192,94
19760906,199,61
19760907,220,83
19760908,217,28
19760909,132,51
19760910,110,6
19760911,157,66
19760912,148,62
19760913,190,16
19760914,192,2
19760915,212,17
19760916,130,32
19760917,125,28
19760918,145,65
19760919,82,-14
19760920,88,-19
19760921,150,5
19760922,130,5
19760923,10,-23
19760924,18,-20
19760925,60,-79
19760926,38,-45
19760927,84,-41
19760928,45,-9
19760929,56,-89
19760930,88,-34
19761001,72,8
19761002,40,-2
19761003,10,-37
19761004,-8,-56
19761005,20,-35
19761006,6,-24
19761007,10,-25
19761008,25,-4
19761009,18,-31
19761010,50,6
19761011,64,6
19761012,55,-2
19761013,3,-40
19761014,10,-99
19761015,5,-100
19761016,-54,-180
19761017,-59,-205
19761018,-69,-178
19761019,-97,-202
19761020,-101,-239
19761021,-83,-159
19761022,-60,-115
19761023,-71,-167
19761024,-159,-294
19761025,-145,-240
19761026,-161,-295
19761027,-204,-331
19761028,-197,-353
19761029,-216,-349
19761030,-225,-323
19761031,-225,-344
19761101,-259,-358
19761102,-191,-283
19761103,-200,-319
19761104,-236,-333
19761105,-195,-301
19761106,-123,-216
19761107,-181,-297
19761108,-242,-307
19761109,-233,-304
19761110,-239,-319
19761111,-148,-271
19761112,-107,-159
19761113,-149,-243
19761114,-78,-167
19761115,-92,-124
19761116,-122,-217
19761117,-203,-296
19761118,-201,-355
19761119,-99,-225
19761120,-57,-139
19761121,-122,-290
19761122,-215,-273
19761123,-215,-253
19761124,-113,-215
19761125,-77,-135
19761126,-42,-91
19761127,-45,-75
19761128,-46,-91
19761129,-90,-193
19761130,-179,-251
19761201,-169,-199
19761202,-180,-308
19761203,-230,-311
19761204,-72,-236
19761205,-82,-335
19761206,-293,-399
19761207,-154,-297
19761208,-79,-178
19761209,-100,-239
19761210,-235,-404
19761211,-278,-411
19761212,-249,-317
19761213,-309,-370
19761214,-174,-314
19761215,-195,-289
19761216,-199,9999
19761217,9999,-449
19761218,-385,-502
19761219,-383,-501
19761220,-358,-394
19761221,-394,-466
19761222,-437,-490
19761223,-403,-437
19761224,-299,-425
19761225,-283,-372
19761226,-291,-389
19761227,-239,-349
19761228,-233,-319
19761229,-291,-364
19761230,-301,-381
19761231,-305,-409
19770101,-322,-395
19770102,-364,-404
19770103,-295,-374
19770104,-178,-319
19770105,-188,-299
19770106,-296,-344
19770107,-253,-344
19770108,-201,-274
19770109,-260,-372
19770110,-206,-309
19770111,-196,-269
19770112,-186,-258
19770113,-256,-349
19770114,-189,-330
19770115,-227,-344
19770116,-291,-354
19770117,-343,-409
19770118,-388,-459
19770119,-373,-439
19770120,-381,-455
19770121,-434,-478
19770122,-403,-455
19770123,-379,-439
19770124,-375,-414
19770125,-412,-489
19770126,-429,-505
19770127,-437,-499
19770128,-421,-485
19770129,-383,-469
19770130,-329,-394
19770131,-324,-428
19770201,-375,-459
19770202,-355,-446
19770203,-375,-463
19770204,-394,-465
19770205,-400,-491
19770206,-344,-425
19770207,-321,-433
19770208,-291,-408
19770209,-191,-298
19770210,-221,-350
19770211,-297,-418
19770212,-314,-418
19770213,-231,-364
19770214,-203,-350
19770215,-126,-277
19770216,-63,-134
19770217,-111,-249
19770218,-216,-296
19770219,-239,-400
19770220,-188,-277
19770221,-201,-339
19770222,-237,-372
19770223,-281,-438
19770224,-306,-470
19770225,-288,-472
19770226,-251,-454
19770227,-251,-439
19770228,-256,-413
19770301,-255,-433
19770302,-264,-423
19770303,-161,-310
19770304,-86,-191
19770305,-81,-139
19770306,-61,-112
19770307,-111,-179
19770308,-42,-159
19770309,-34,-166
19770310,-20,-214
19770311,-35,-151
19770312,-76,-219
19770313,-86,-159
19770314,-77,-186
19770315,-113,-289
19770316,-96,-190
19770317,-175,-298
19770318,-171,-309
19770319,-156,-368
19770320,-161,-209
19770321,-149,-332
19770322,-126,-344
19770323,-36,-161
19770324,28,-108
19770325,-3,-134
19770326,4,-74
19770327,0,-34
19770328,8,-114
19770329,20,-84
19770330,-84,-203
19770331,-115,-299
19770401,28,-131
19770402,30,-196
19770403,-101,-240
19770404,-30,-266
19770405,8,-221
19770406,-2,-204
19770407,19,-169
19770408,14,-33
19770409,40,-104
19770410,-24,-130
19770411,-33,-186
19770412,-15,-161
19770413,-33,-221
19770414,-15,-134
19770415,55,-99
19770416,145,-5
19770417,136,-41
19770418,126,7
19770419,65,-35
19770420,33,1
19770421,7,-40
19770422,59,-103
19770423,130,-29
19770424,98,14
19770425,104,2
19770426,90,4
19770427,44,-7
19770428,85,-85
19770429,70,4
19770430,40,-4
19770501,65,-111
19770502,111,-63
19770503,133,-20
19770504,136,-14
19770505,103,-17
19770506,41,-26
19770507,52,-27
19770508,62,-60
19770509,79,16
19770510,73,-63
19770511,10,-50
19770512,40,-59
19770513,59,-2
19770514,34,-21
19770515,104,-14
19770516,54,1
19770517,99,2
19770518,114,29
19770519,111,-30
19770520,56,-4
19770521,44,-31
19770522,74,-19
19770523,85,1
19770524,148,13
19770525,149,29
19770526,215,86
19770527,203,110
19770528,204,74
19770529,200,37
19770530,221,-4
19770531,268,36
19770601,187,71
19770602,188,49
19770603,158,2
19770604,136,50
19770605,109,16
19770606,129,-9
19770607,127,56
19770608,111,-20
19770609,112,46
19770610,214,81
19770611,130,74
19770612,180,51
19770613,176,71
19770614,173,75
19770615,180,13
19770616,133,94
19770617,144,64
19770618,185,72
19770619,170,60
19770620,201,24
19770621,260,46
19770622,256,110
19770623,285,131
19770624,307,152
19770625,284,170
19770626,260,149
19770627,254,86
19770628,288,81
19770629,307,137
19770630,327,123
19770701,302,120
19770702,194,71
19770703,213,69
19770704,234,45
19770705,218,82
19770706,213,70
19770707,263,96
19770708,222,135
19770709,190,128
19770710,277,96
19770711,238,124
19770712,208,92
19770713,223,65
19770714,261,42
19770715,295,75
19770716,290,156
19770717,264,126
19770718,256,141
19770719,273,68
19770720,246,134
19770721,207,78
19770722,251,70
19770723,217,72
19770724,187,50
19770725,162,54
19770726,236,59
19770727,237,55
19770728,277,50
19770729,280,82
19770730,275,86
19770731,285,87
19770801,272,106
19770802,264,89
19770803,222,145
19770804,232,52
19770805,216,42
19770806,92,52
19770807,82,54
19770808,167,54
19770809,198,14
19770810,219,81
19770811,251,129
19770812,251,50
19770813,206,101
19770814,183,52
19770815,172,91
19770816,155,27
19770817,154,64
19770818,183,64
19770819,172,97
19770820,177,42
19770821,189,9
19770822,179,68
19770823,132,76
19770824,182,106
19770825,167,50
19770826,177,106
19770827,152,107
19770828,162,91
19770829,150,76
19770830,138,86
19770831,115,62
19770901,129,59
19770902,154,79
19770903,158,67
19770904,142,76
19770905,142,58
19770906,76,24
19770907,105,49
19770908,112,39
19770909,128,23
19770910,172,0
19770911,173,-6
19770912,145,-4
19770913,194,6
19770914,229,10
19770915,183,21
19770916,118,-12
19770917,102,-71
19770918,116,-79
19770919,135,17
19770920,172,80
19770921,145,-11
19770922,127,50
19770923,97,25
19770924,57,13
19770925,28,0
19770926,40,4
19770927,21,-33
19770928,6,-50
19770929,33,-37
19770930,19,-46
19771001,6,-32
19771002,-13,-60
19771003,-14,-119
19771004,-38,-173
19771005,66,-39
19771006,42,-98
19771007,-16,-136
19771008,-19,-195
19771009,-19,-89
19771010,6,-50
19771011,18,-26
19771012,13,-43
19771013,-29,-103
19771014,-35,-149
19771015,-14,-50
19771016,-14,-104
19771017,-39,-130
19771018,-8,-58
19771019,-56,-122
19771020,-99,-193
19771021,-94,-185
19771022,-137,-258
19771023,-69,-145
19771024,-57,-94
19771025,-60,-134
19771026,-64,-139
19771027,6,-83
19771028,4,-175
19771029,-175,-291
19771030,-197,-324
19771031,-124,-248
19771101,-74,-130
19771102,-44,-84
19771103,-50,-158
19771104,-140,-192
19771105,-106,-187
19771106,-91,-241
19771107,-15,-98
19771108,-6,-72
19771109,-24,-83
19771110,-66,-134
19771111,-61,-131
19771112,-116,-223
19771113,-93,-194
19771114,-83,-124
19771115,-91,-130
19771116,-44,-123
19771117,6,-56
19771118,24,-20
19771119,15,-36
19771120,-24,-205
19771121,-69,-149
19771122,-29,-74
19771123,-60,-185
19771124,-185,-291
19771125,-229,-322
19771126,-27,-235
19771127,-34,-106
19771128,-106,-250
19771129,-69,-245
19771130,-164,-250
19771201,-20,-169
19771202,-89,-286
19771203,-285,-397
19771204,-250,-387
19771205,-249,-346
19771206,-323,-367
19771207,-276,-346
19771208,-277,-337
19771209,-312,-401
19771210,-392,-438
19771211,-423,-461
19771212,-378,-429
19771213,-287,-382
19771214,-337,-386
19771215,-306,-369
19771216,-335,-392
19771217,-384,-415
19771218,-284,-395
19771219,-227,-353
19771220,-177,-261
19771221,-127,-205
19771222,-190,-317
19771223,-202,-317
19771224,-252,-317
19771225,-287,-331
19771226,-132,-307
19771227,-137,-241
19771228,-113,-261
19771229,-246,-281
19771230,-267,-392
19771231,-212,-338
19780101,-287,-387
19780102,-270,-377
19780103,-212,-384
19780104,-89,-227
19780105,-93,-163
19780106,-153,-231
19780107,-198,-346
19780108,-127,-299
19780109,-131,-160
19780110,-148,-189
19780111,-148,-255
19780112,-252,-358
19780113,-358,-451
19780114,-287,-443
19780115,-103,-341
19780116,-155,-227
19780117,-182,-316
19780118,-233,-348
19780119,-238,-335
19780120,-212,-258
19780121,-208,-267
19780122,-246,-359
19780123,-331,-461
19780124,-438,-502
19780125,-337,-446
19780126,-369,-433
19780127,-391,-441
19780128,-375,-458
19780129,-263,-383
19780130,-255,-347
19780131,-218,-296
19780201,-173,-232
19780202,-171,-217
19780203,-163,-354
19780204,-321,-361
19780205,-337,-416
19780206,-346,-422
19780207,-343,-423
19780208,-372,-463
19780209,-371,-474
19780210,-366,-463
19780211,-367,-454
19780212,-215,-375
19780213,-262,-403
19780214,-217,-328
19780215,-166,-338
19780216,-161,-253
19780217,-131,-250
19780218,-2,-204
19780219,1,-60
19780220,-13,-81
19780221,-45,-199
19780222,-59,-183
19780223,-89,-246
19780224,6,-130
19780225,-114,-239
19780226,-105,-267
19780227,-60,-159
19780228,-79,-214
19780301,-115,-213
19780302,-114,-270
19780303,-219,-291
19780304,-277,-393
19780305,-263,-454
19780306,-224,-406
19780307,-245,-406
19780308,-207,-383
19780309,-183,-387
19780310,-66,-240
19780311,-24,-89
19780312,14,-133
19780313,37,-144
19780314,16,-116
19780315,-19,-182
19780316,-29,-254
19780317,-13,-160
19780318,10,-147
19780319,16,-109
19780320,12,-172
19780321,62,-114
19780322,49,-50
19780323,-48,-124
19780324,-71,-153
19780325,-129,-290
19780326,-119,-338
19780327,-79,-309
19780328,-73,-269
19780329,-20,-166
19780330,-28,-187
19780331,-37,-223
19780401,24,-40
19780402,62,-48
19780403,44,-28
19780404,16,-100
19780405,84,-13
19780406,42,-116
19780407,-56,-141
19780408,-9,-203
19780409,4,-42
19780410,47,-60
19780411,20,-48
19780412,-1,-67
19780413,-1,-199
19780414,-2,-150
19780415,-58,-284
19780416,-34,-248
19780417,37,-111
19780418,45,-164
19780419,22,-114
19780420,62,-36
19780421,43,-75
19780422,76,-119
19780423,125,-83
19780424,103,18
19780425,111,-28
19780426,98,-24
19780427,62,-44
19780428,-29,-79
19780429,46,-144
19780430,114,-67
19780501,119,-24
19780502,134,-22
19780503,197,-31
19780504,169,18
19780505,80,-30
19780506,80,3
19780507,79,-12
19780508,108,-18
19780509,223,-3
19780510,186,14
19780511,14,-34
19780512,-3,-80
19780513,38,-55
19780514,43,-11
19780515,29,-49
19780516,64,-84
19780517,69,6
19780518,67,-1
19780519,67,-17
19780520,95,-35
19780521,89,-17
19780522,75,0
19780523,93,10
19780524,111,-38
19780525,134,-30
19780526,137,-24
19780527,104,62
19780528,103,-12
19780529,137,21
19780530,142,38
19780531,179,3
19780601,178,26
19780602,235,15
19780603,257,54
19780604,242,96
19780605,149,94
19780606,247,94
19780607,248,90
19780608,235,85
19780609,220,54
19780610,152,62
19780611,101,13
19780612,98,26
19780613,105,8
19780614,216,94
19780615,235,110
19780616,178,99
19780617,150,77
19780618,218,89
19780619,287,104
19780620,268,90
19780621,178,62
19780622,207,35
19780623,184,86
19780624,138,10
19780625,166,29
19780626,180,52
19780627,152,42
19780628,193,3
19780629,234,40
19780630,229,106
19780701,215,90
19780702,264,74
19780703,281,77
19780704,280,118
19780705,238,126
19780706,230,61
19780707,154,21
19780708,224,-10
19780709,275,69
19780710,260,77
19780711,150,70
19780712,232,53
19780713,258,60
19780714,310,75
19780715,301,103
19780716,304,106
19780717,227,115
19780718,239,126
19780719,241,111
19780720,286,115
19780721,303,124
19780722,299,150
19780723,319,107
19780724,313,113
19780725,334,104
19780726,295,138
19780727,265,112
19780728,236,85
19780729,223,147
19780730,206,134
19780731,209,145
19780801,181,130
19780802,212,110
19780803,222,78
19780804,187,110
19780805,197,64
19780806,182,70
19780807,202,94
19780808,196,70
19780809,199,123
19780810,197,117
19780811,240,87
19780812,217,94
19780813,188,83
19780814,227,66
19780815,204,112
19780816,212,115
19780817,175,125
19780818,147,96
19780819,154,83
19780820,169,66
19780821,146,76
19780822,138,51
19780823,117,80
19780824,152,66
19780825,140,65
19780826,118,57
19780827,169,35
19780828,188,85
19780829,173,74
19780830,154,-10
19780831,119,68
19780901,125,65
19780902,118,2
19780903,144,23
19780904,138,26
19780905,120,-9
19780906,86,21
19780907,69,3
19780908,66,28
19780909,109,54
19780910,100,47
19780911,92,13
19780912,70,16
19780913,63,-14
19780914,107,13
19780915,106,-33
19780916,117,-50
19780917,97,10
19780918,88,41
19780919,117,62
19780920,127,69
19780921,82,30
19780922,67,20
19780923,55,23
19780924,64,20
19780925,107,33
19780926,82,25
19780927,82,-6
19780928,77,23
19780929,62,23
19780930,31,-4
19781001,21,-9
19781002,3,-29
19781003,31,-22
19781004,16,-13
19781005,34,-1
19781006,4,-44
19781007,15,-58
19781008,-13,-143
19781009,9,-165
19781010,-13,-107
19781011,28,-33
19781012,23,-46
19781013,54,-24
19781014,18,-4
19781015,13,-27
19781016,-3,-43
19781017,19,-19
19781018,37,1
19781019,37,-11
19781020,-1,-69
19781021,-31,-74
19781022,-21,-56
19781023,-39,-100
19781024,-67,-153
19781025,-27,-101
19781026,3,-42
19781027,12,-36
19781028,4,-54
19781029,1,-29
19781030,-1,-33
19781031,62,-6
19781101,52,14
19781102,28,-30
19781103,-23,-72
19781104,-66,-161
19781105,-129,-225
19781106,-46,-138
19781107,-7,-58
19781108,-2,-32
19781109,-27,-85
19781110,-42,-134
19781111,-27,-61
19781112,-61,-152
19781113,-103,-216
19781114,-45,-118
19781115,-48,-81
19781116,-77,-158
19781117,-148,-233
19781118,-69,-157
19781119,-35,-83
19781120,-29,-82
19781121,-65,-184
19781122,2,-133
19781123,1,-104
19781124,-83,-181
19781125,-99,-205
19781126,1,-104
19781127,-17,-113
19781128,-112,-251
19781129,-249,-350
19781130,-290,-336
19781201,-332,-402
19781202,-362,-410
19781203,-280,-369
19781204,-247,-323
19781205,-212,-275
19781206,-271,-324
19781207,-301,-338
19781208,-300,-364
19781209,-217,-336
19781210,-158,-239
19781211,-160,-299
19781212,-291,-374
19781213,-367,-418
19781214,-227,-373
19781215,-247,-410
19781216,-406,-455
19781217,-408,-462
19781218,-375,-414
19781219,-287,-382
19781220,-188,-295
19781221,-136,-233
19781222,-106,-230
19781223,-188,-255
19781224,-187,-265
19781225,-264,-336
19781226,-293,-358
19781227,-257,-317
19781228,-165,-270
19781229,-146,-177
19781230,-55,-184
19781231,-12,-109
19790101,-14,-355
19790102,-355,-481
19790103,-445,-501
19790104,-424,-508
19790105,-313,-424
19790106,-330,-457
19790107,-457,-539
19790108,-470,-519
19790109,-441,-542
19790110,-402,-491
19790111,-331,-402
19790112,-382,-448
19790113,-313,-429
19790114,-297,-337
19790115,-335,-409
19790116,-311,-434
19790117,-255,-344
19790118,-283,-340
19790119,-320,-399
19790120,-336,-393
19790121,-307,-377
19790122,-327,-370
19790123,-302,-418
19790124,-234,-322
19790125,-260,-342
19790126,-329,-479
19790127,-458,-531
19790128,-472,-541
19790129,-462,-537
19790130,-441,-519
19790131,-311,-452
19790201,-321,-424
19790202,-404,-498
19790203,-397,-462
19790204,-416,-506
19790205,-411,-521
19790206,-400,-502
19790207,-230,-411
19790208,-273,-379
19790209,-377,-436
19790210,-408,-513
19790211,-368,-466
19790212,-387,-476
19790213,-275,-407
19790214,-127,-287
19790215,-127,-220
19790216,-83,-229
19790217,-164,-276
19790218,-210,-390
19790219,-287,-456
19790220,-290,-420
19790221,-165,-318
19790222,-72,-204
19790223,-70,-187
19790224,-104,-257
19790225,-200,-371
19790226,-158,-327
19790227,-99,-200
19790228,-52,-193
19790301,-78,-238
19790302,-69,-192
19790303,-103,-256
19790304,-106,-253
19790305,-212,-392
19790306,-197,-399
19790307,-188,-372
19790308,-150,-327
19790309,-99,-228
19790310,-52,-215
19790311,-74,-187
19790312,-57,-126
19790313,-79,-212
19790314,-108,-233
19790315,-95,-259
19790316,-99,-176
19790317,-109,-304
19790318,-43,-247
19790319,-25,-144
19790320,-24,-168
19790321,-39,-105
19790322,-7,-74
19790323,-28,-137
19790324,-73,-204
19790325,-39,-112
19790326,-15,-101
19790327,-39,-148
19790328,-148,-276
19790329,-117,-353
19790330,-68,-313
19790331,-64,-257
19790401,-49,-225
19790402,-37,-205
19790403,-27,-74
19790404,-42,-124
19790405,-27,-183
19790406,-57,-126
19790407,-53,-206
19790408,-37,-271
19790409,-4,-145
19790410,-19,-96
19790411,-6,-190
19790412,-21,-210
19790413,-3,-220
19790414,9,-203
19790415,-9,-75
19790416,-3,-87
19790417,-3,-80
19790418,25,-175
19790419,19,-100
19790420,7,-35
19790421,21,-104
19790422,42,-124
19790423,69,-122
19790424,94,-87
19790425,110,-77
19790426,101,-37
19790427,36,-21
19790428,4,-90
19790429,-3,-151
19790430,34,-44
19790501,62,-2
19790502,48,-72
19790503,-26,-137
19790504,11,-106
19790505,43,-26
19790506,39,-42
19790507,82,-60
19790508,77,-12
19790509,77,-38
19790510,97,3
19790511,37,-30
19790512,8,-70
19790513,62,-57
19790514,49,-27
19790515,126,10
19790516,118,30
19790517,92,12
19790518,146,-23
19790519,171,-4
19790520,146,56
19790521,94,32
19790522,64,6
19790523,91,-35
19790524,90,6
19790525,24,-2
19790526,97,-9
19790527,98,13
19790528,90,33
19790529,64,5
19790530,72,-17
19790531,94,-32
19790601,127,6
19790602,107,48
19790603,82,5
19790604,133,26
19790605,209,44
19790606,212,93
19790607,221,1
19790608,204,79
19790609,253,60
19790610,245,108
19790611,272,43
19790612,274,72
19790613,172,46
19790614,229,76
19790615,275,74
19790616,299,101
19790617,310,109
19790618,284,151
19790619,253,133
19790620,210,70
19790621,256,103
19790622,252,112
19790623,224,55
19790624,275,106
19790625,299,105
19790626,294,161
19790627,270,139
19790628,334,154
19790629,351,154
19790630,340,139
19790701,335,142
19790702,269,151
19790703,290,161
19790704,316,122
19790705,258,168
19790706,295,151
19790707,255,157
19790708,297,141
19790709,276,141
19790710,256,147
19790711,219,125
19790712,240,58
19790713,255,60
19790714,251,94
19790715,230,113
19790716,260,86
19790717,276,71
19790718,286,95
19790719,247,153
19790720,256,60
19790721,263,50
19790722,270,65
19790723,274,58
19790724,270,79
19790725,246,116
19790726,251,88
19790727,267,93
19790728,238,149
19790729,234,56
19790730,246,43
19790731,252,56
19790801,227,104
19790802,201,112
19790803,261,53
19790804,253,92
19790805,153,121
19790806,172,89
19790807,172,121
19790808,157,116
19790809,124,84
19790810,170,95
19790811,212,106
19790812,253,60
19790813,283,62
19790814,249,126
19790815,212,30
19790816,238,16
19790817,214,89
19790818,144,-7
19790819,128,65
19790820,145,62
19790821,150,38
19790822,182,-9
19790823,162,33
19790824,200,-6
19790825,140,33
19790826,138,-5
19790827,140,16
19790828,110,70
19790829,133,72
19790830,157,54
19790831,142,7
19790901,119,82
19790902,159,83
19790903,154,7
19790904,152,28
19790905,201,-4
19790906,232,-7
19790907,204,60
19790908,167,101
19790909,152,88
19790910,88,25
19790911,102,23
19790912,95,15
19790913,90,12
19790914,107,-1
19790915,125,0
19790916,97,-11
19790917,98,30
19790918,80,-46
19790919,56,-15
19790920,76,-59
19790921,51,-3
19790922,90,30
19790923,144,-8
19790924,155,-54
19790925,137,-29
19790926,108,55
19790927,95,6
19790928,95,36
19790929,63,18
19790930,103,54
19791001,106,51
19791002,83,22
19791003,152,-11
19791004,116,23
19791005,36,-58
19791006,18,-112
19791007,-14,-55
19791008,-30,-120
19791009,-2,-92
19791010,-3,-52
19791011,0,-29
19791012,-11,-70
19791013,26,-40
19791014,9,-36
19791015,-21,-88
19791016,-62,-152
19791017,-64,-112
19791018,-90,-166
19791019,-73,-185
19791020,-38,-84
19791021,-68,-152
19791022,-110,-261
19791023,-102,-244
19791024,-112,-150
19791025,-64,-122
19791026,-49,-106
19791027,-91,-154
19791028,-85,-193
19791029,-134,-277
19791030,-108,-225
19791031,-13,-122
19791101,-58,-112
19791102,-92,-140
19791103,-106,-167
19791104,-162,-307
19791105,-277,-374
19791106,-222,-312
19791107,-265,-331
19791108,-213,-283
19791109,-192,-263
19791110,-258,-368
19791111,-299,-405
19791112,-217,-301
19791113,-150,-225
19791114,-113,-225
19791115,-154,-274
19791116,-134,-289
19791117,-22,-152
19791118,-33,-123
19791119,-122,-236
19791120,-234,-379
19791121,-207,-348
19791122,-76,-210
19791123,-99,-148
19791124,-48,-147
19791125,-19,-70
19791126,-64,-280
19791127,-242,-361
19791128,-195,-289
19791129,-82,-213
19791130,-30,-93
19791201,-38,-145
19791202,-22,-162
19791203,-22,-59
19791204,-16,-126
19791205,-95,-204
19791206,-109,-225
19791207,-115,-300
19791208,-173,-318
19791209,-54,-183
19791210,37,-57
19791211,8,-62
19791212,-61,-236
19791213,-81,-275
19791214,-40,-185
19791215,-174,-236
19791216,-232,-334
19791217,-296,-348
19791218,-333,-431
19791219,-427,-484
19791220,-479,-535
19791221,-490,-518
19791222,-466,-504
19791223,-384,-484
19791224,-295,-392
19791225,-254,-369
19791226,-113,-259
19791227,-236,-353
19791228,-347,-449
19791229,-432,-470
19791230,-329,-433
19791231,-286,-351
19800101,-286,-450
19800102,-447,-518
19800103,-494,-540
19800104,-485,-528
19800105,-440,-510
19800106,-330,-443
19800107,-349,-450
19800108,-430,-484
19800109,-411,-472
19800110,-233,-414
19800111,-240,-344
19800112,-344,-421
19800113,-324,-414
19800114,-281,-349
19800115,-244,-317
19800116,-237,-362
19800117,-357,-401
19800118,-320,-399
19800119,-280,-351
19800120,-214,-285
19800121,-220,-284
19800122,-253,-334
19800123,-273,-308
19800124,-168,-283
19800125,-225,-300
19800126,-283,-432
19800127,-371,-469
19800128,-324,-432
19800129,-224,-337
19800130,-240,-341
19800131,-237,-329
19800201,-321,-410
19800202,-302,-409
19800203,-311,-416
19800204,-224,-325
19800205,-228,-380
19800206,-271,-382
19800207,-303,-411
19800208,-262,-403
19800209,-254,-380
19800210,-259,-371
19800211,-280,-380
19800212,-208,-320
19800213,-230,-355
19800214,-215,-367
19800215,-186,-281
19800216,-197,-289
19800217,-189,-305
19800218,-195,-321
19800219,-211,-328
19800220,-110,-218
19800221,-161,-276
19800222,-215,-374
19800223,-163,-276
19800224,-172,-319
19800225,-106,-245
19800226,-76,-146
19800227,-39,-95
19800228,-48,-128
19800229,-103,-175
19800301,-67,-179
19800302,-73,-185
19800303,-88,-195
19800304,-121,-328
19800305,-185,-370
19800306,-196,-369
19800307,-160,-367
19800308,-128,-351
19800309,-52,-274
19800310,-64,-161
19800311,-98,-267
19800312,-58,-164
19800313,-89,-200
19800314,-114,-328
19800315,-111,-338
19800316,-104,-291
19800317,-98,-306
19800318,-82,-283
19800319,-51,-291
19800320,-55,-280
19800321,-49,-261
19800322,-32,-267
19800323,-20,-226
19800324,-47,-172
19800325,45,-100
19800326,26,-46
19800327,-46,-179
19800328,-72,-218
19800329,-95,-262
19800330,-121,-353
19800331,-83,-327
19800401,-83,-132
19800402,-90,-187
19800403,-72,-226
19800404,-73,-254
19800405,-93,-220
19800406,-81,-296
19800407,-56,-286
19800408,-20,-261
19800409,-11,-222
19800410,29,-217
19800411,45,-196
19800412,21,-40
19800413,48,-80
19800414,74,-84
19800415,55,-28
19800416,38,-10
19800417,-5,-122
19800418,-6,-113
19800419,54,-140
19800420,85,-108
19800421,100,-85
19800422,110,-70
19800423,125,-67
19800424,115,-54
19800425,49,-10
19800426,17,-19
19800427,16,-38
19800428,51,-100
19800429,45,-14
19800430,14,-51
19800501,55,-110
19800502,36,-86
19800503,54,-93
19800504,58,-21
19800505,79,-77
19800506,86,-37
19800507,72,5
19800508,56,-35
19800509,62,-40
19800510,15,-66
19800511,31,-91
19800512,69,-71
19800513,125,-55
19800514,153,16
19800515,206,10
19800516,70,-6
19800517,52,-12
19800518,47,-50
19800519,56,-59
19800520,111,-56
19800521,105,7
19800522,86,-34
19800523,75,-21
19800524,162,-50
19800525,149,45
19800526,88,23
19800527,96,-26
19800528,87,-10
19800529,77,-32
19800530,85,-9
19800531,152,-42
19800601,128,24
19800602,188,45
19800603,165,82
19800604,147,76
19800605,191,43
19800606,210,48
19800607,218,55
19800608,241,50
19800609,264,68
19800610,256,98
19800611,261,59
19800612,187,52
19800613,128,-9
19800614,204,54
19800615,287,75
19800616,308,85
19800617,295,115
19800618,263,90
19800619,261,118
19800620,197,90
19800621,192,28
19800622,191,4
19800623,225,93
19800624,179,85
19800625,184,24
19800626,178,55
19800627,177,20
19800628,226,1
19800629,240,55
19800630,281,47
19800701,262,82
19800702,256,133
19800703,211,134
19800704,240,113
19800705,251,89
19800706,266,89
19800707,250,151
19800708,214,148
19800709,202,138
19800710,151,107
19800711,206,102
19800712,199,88
19800713,218,112
19800714,202,76
19800715,192,99
19800716,173,110
19800717,178,100
19800718,235,74
19800719,249,103
19800720,229,146
19800721,195,115
19800722,213,125
19800723,236,79
19800724,264,82
19800725,284,115
19800726,299,111
19800727,303,117
19800728,287,105
19800729,254,127
19800730,235,166
19800731,209,162
19800801,193,145
19800802,224,132
19800803,229,112
19800804,210,126
19800805,187,74
19800806,222,55
19800807,268,133
19800808,232,100
19800809,165,102
19800810,145,103
19800811,179,102
19800812,158,48
19800813,196,120
19800814,202,118
19800815,213,50
19800816,248,49
19800817,240,70
19800818,215,107
19800819,158,119
19800820,216,139
19800821,188,100
19800822,196,115
19800823,209,66
19800824,233,72
19800825,220,79
19800826,248,122
19800827,244,61
19800828,212,125
19800829,238,94
19800830,243,61
19800831,251,75
19800901,239,65
19800902,174,82
19800903,142,85
19800904,122,85
19800905,150,77
19800906,154,-14
19800907,176,26
19800908,151,0
19800909,123,30
19800910,102,38
19800911,98,27
19800912,82,40
19800913,69,13
19800914,102,35
19800915,108,36
19800916,44,-5
19800917,85,-5
19800918,80,-30
19800919,84,-26
19800920,154,2
19800921,140,9
19800922,180,88
19800923,152,15
19800924,169,-15
19800925,145,12
19800926,163,-15
19800927,142,-15
19800928,97,38
19800929,74,-17
19800930,44,-25
19801001,55,10
19801002,45,2
19801003,38,-41
19801004,28,-7
19801005,38,5
19801006,27,-11
19801007,15,-47
19801008,22,-33
19801009,19,-20
19801010,23,-20
19801011,-3,-65
19801012,-21,-45
19801013,23,-28
19801014,3,-84
19801015,-44,-142
19801016,-26,-140
19801017,-47,-110
19801018,-78,-212
19801019,3,-134
19801020,-29,-110
19801021,-28,-57
19801022,-24,-111
19801023,-16,-132
19801024,18,-21
19801025,21,-45
19801026,18,-42
19801027,-13,-85
19801028,-30,-151
19801029,47,-78
19801030,28,-107
19801031,-8,-88
19801101,34,-16
19801102,28,-87
19801103,-78,-138
19801104,-117,-222
19801105,-137,-236
19801106,-193,-300
19801107,-190,-290
19801108,-138,-220
19801109,-138,-160
19801110,-136,-181
19801111,-134,-279
19801112,-160,-243
19801113,-184,-270
19801114,-170,-207
19801115,-193,-263
19801116,-143,-210
19801117,-101,-236
19801118,-101,-220
19801119,-152,-330
19801120,-128,-177
19801121,-74,-157
19801122,-34,-85
19801123,-61,-195
19801124,-118,-245
19801125,-74,-242
19801126,-233,-401
19801127,-205,-292
19801128,-160,-214
19801129,-193,-297
19801130,-165,-241
19801201,-233,-400
19801202,-395,-469
19801203,-249,-447
19801204,-229,-320
19801205,-272,-418
19801206,-297,-423
19801207,-261,-331
19801208,-204,-334
19801209,-327,-415
19801210,-365,-448
19801211,-296,-374
19801212,-351,-393
19801213,-152,-352
19801214,-143,-223
19801215,-210,-310
19801216,-247,-349
19801217,-175,-266
19801218,-129,-300
19801219,-66,-141
19801220,-95,-221
19801221,-212,-273
19801222,-235,-297
19801223,-284,-393
19801224,-357,-391
19801225,-196,-384
19801226,-184,-251
19801227,-195,-236
19801228,-227,-310
19801229,-229,-300
19801230,-294,-340
19801231,-316,-399
19810101,-278,-374
19810102,-198,-284
19810103,-178,-266
19810104,-67,-195
19810105,-66,-119
19810106,-107,-135
19810107,-125,-265
19810108,-253,-332
19810109,-124,-264
19810110,-121,-188
19810111,-141,-268
19810112,-197,-279
19810113,-239,-318
19810114,-261,-316
19810115,-281,-356
19810116,-287,-363
19810117,-302,-384
19810118,-295,-357
19810119,-337,-404
19810120,-311,-400
19810121,-291,-366
19810122,-334,-407
19810123,-253,-415
19810124,-204,-260
19810125,-201,-247
19810126,-224,-289
19810127,-227,-312
19810128,-254,-335
19810129,-197,-286
19810130,-148,-248
19810131,-111,-187
19810201,-176,-305
19810202,-67,-203
19810203,-66,-225
19810204,-217,-354
19810205,-132,-252
19810206,-95,-179
19810207,-81,-127
19810208,-126,-254
19810209,-159,-257
19810210,-156,-211
19810211,-196,-345
19810212,-205,-296
19810213,-202,-296
19810214,-223,-364
19810215,-222,-316
19810216,-212,-334
19810217,-261,-402
19810218,-262,-402
19810219,-223,-397
19810220,-261,-427
19810221,-227,-361
19810222,-176,-335
19810223,-197,-359
19810224,-164,-315
19810225,-119,-263
19810226,-134,-299
19810227,-164,-270
19810228,-176,-315
19810301,-148,-328
19810302,-151,-255
19810303,-169,-317
19810304,-156,-276
19810305,-134,-247
19810306,-167,-369
19810307,-136,-240
19810308,-141,-262
19810309,-168,-238
19810310,-132,-200
19810311,-120,-252
19810312,-108,-270
19810313,12,-163
19810314,38,-53
19810315,91,6
19810316,33,-226
19810317,-94,-209
19810318,-69,-136
19810319,-67,-255
19810320,-25,-259
19810321,-39,-210
19810322,-22,-154
19810323,-20,-165
19810324,6,-115
19810325,14,-68
19810326,14,-103
19810327,18,-185
19810328,60,-81
19810329,102,-11
19810330,117,-72
19810331,103,-32
19810401,27,-155
19810402,2,-120
19810403,-5,-134
19810404,-40,-219
19810405,-18,-192
19810406,-2,-144
19810407,-3,-199
19810408,40,-191
19810409,68,-144
19810410,94,-107
19810411,125,-89
19810412,136,-68
19810413,102,-29
19810414,53,-43
19810415,57,-43
19810416,51,-20
19810417,96,1
19810418,90,-11
19810419,53,-33
19810420,81,-13
19810421,56,1
19810422,47,-31
19810423,59,5
19810424,97,28
19810425,122,-22
19810426,94,-20
19810427,92,-37
19810428,17,-58
19810429,58,-78
19810430,41,-75
19810501,21,-45
19810502,140,-14
19810503,186,-14
19810504,164,6
19810505,169,-16
19810506,142,12
19810507,33,-54
19810508,67,-85
19810509,92,-70
19810510,79,9
19810511,72,17
19810512,40,9
19810513,88,-65
19810514,102,5
19810515,128,36
19810516,162,-20
19810517,184,76
19810518,305,96
19810519,288,65
19810520,102,-29
19810521,147,-38
19810522,136,38
19810523,138,55
19810524,104,-10
19810525,39,-32
19810526,81,16
19810527,104,-10
19810528,117,14
19810529,102,17
19810530,145,-30
19810531,174,-15
19810601,143,26
19810602,159,28
19810603,265,95
19810604,205,56
19810605,231,47
19810606,259,70
19810607,267,77
19810608,293,96
19810609,294,92
19810610,289,130
19810611,186,82
19810612,194,68
19810613,183,54
19810614,259,30
19810615,219,73
19810616,146,28
19810617,249,98
19810618,243,120
19810619,264,74
19810620,291,162
19810621,277,130
19810622,254,102
19810623,206,110
19810624,272,72
19810625,251,58
19810626,189,60
19810627,170,98
19810628,139,84
19810629,111,17
19810630,103,48
19810701,177,72
19810702,193,78
19810703,214,66
19810704,219,133
19810705,184,110
19810706,209,120
19810707,256,108
19810708,255,110
19810709,174,87
19810710,201,64
19810711,201,120
19810712,249,82
19810713,279,90
19810714,292,128
19810715,292,126
19810716,277,114
19810717,203,32
19810718,239,43
19810719,266,78
19810720,282,108
19810721,278,169
19810722,254,121
19810723,237,98
19810724,164,104
19810725,177,133
19810726,169,115
19810727,185,126
19810728,225,141
19810729,237,118
19810730,259,83
19810731,251,62
19810801,212,131
19810802,205,39
19810803,224,30
19810804,261,44
19810805,259,105
19810806,229,43
19810807,241,34
19810808,213,64
19810809,220,20
19810810,197,79
19810811,164,118
19810812,173,110
19810813,202,74
19810814,222,122
19810815,236,115
19810816,242,103
19810817,210,132
19810818,256,120
19810819,271,73
19810820,263,88
19810821,238,76
19810822,218,45
19810823,227,76
19810824,196,56
19810825,177,72
19810826,107,-7
19810827,75,12
19810828,82,3
19810829,156,-26
19810830,128,-4
19810831,170,5
19810901,229,0
19810902,233,71
19810903,261,82
19810904,233,74
19810905,213,107
19810906,152,87
19810907,130,79
19810908,184,22
19810909,187,-4
19810910,202,-11
19810911,203,-4
19810912,164,0
19810913,108,79
19810914,102,32
19810915,104,-11
19810916,124,-29
19810917,98,46
19810918,72,47
19810919,73,39
19810920,61,21
19810921,46,18
19810922,30,-11
19810923,44,-11
19810924,18,-49
19810925,-16,-60
19810926,9,-57
19810927,37,-21
19810928,14,-32
19810929,-4,-136
19810930,-9,-97
19811001,-18,-149
19811002,-52,-166
19811003,-40,-113
19811004,-50,-171
19811005,-13,-112
19811006,-37,-118
19811007,13,-40
19811008,33,3
19811009,41,-71
19811010,-50,-161
19811011,-17,-181
19811012,4,-77
19811013,53,-17
19811014,28,-32
19811015,-32,-149
19811016,-62,-190
19811017,-52,-194
19811018,23,-57
19811019,21,-110
19811020,2,-79
19811021,4,-130
19811022,6,-134
19811023,-22,-143
19811024,-32,-162
19811025,-18,-129
19811026,-13,-68
19811027,-68,-189
19811028,-156,-270
19811029,-159,-287
19811030,-171,-301
19811031,-136,-260
19811101,-179,-295
19811102,-188,-291
19811103,-189,-302
19811104,-199,-308
19811105,-93,-199
19811106,-55,-105
19811107,-90,-197
19811108,-17,-110
19811109,-13,-75
19811110,-72,-165
19811111,-57,-127
19811112,-74,-103
19811113,-88,-165
19811114,-165,-260
19811115,-182,-287
19811116,-127,-244
19811117,-111,-205
19811118,-197,-306
19811119,-106,-213
19811120,-98,-144
19811121,-100,-164
19811122,-105,-170
19811123,-131,-189
19811124,-141,-227
19811125,-227,-330
19811126,-274,-340
19811127,-296,-366
19811128,-351,-404
19811129,-366,-409
19811130,-175,-372
19811201,-171,-236
19811202,-226,-306
19811203,-159,-258
19811204,-107,-169
19811205,-73,-171
19811206,-69,-95
19811207,-53,-85
19811208,-46,-174
19811209,-165,-233
19811210,-174,-226
19811211,-215,-275
19811212,-157,-307
19811213,-26,-191
19811214,-43,-147
19811215,-132,-240
19811216,-107,-179
19811217,-167,-226
19811218,-160,-215
19811219,-135,-219
19811220,-83,-169
19811221,-130,-221
19811222,-210,-338
19811223,-234,-380
19811224,-226,-361
19811225,-361,-452
19811226,-361,-450
19811227,-293,-414
19811228,-248,-297
19811229,-250,-367
19811230,-367,-450
19811231,-436,-476
19820101,-374,-450
19820102,-374,-424
19820103,-420,-500
19820104,-489,-523
19820105,-410,-521
19820106,-150,-413
19820107,-190,-394
19820108,-254,-448
19820109,-243,-408
19820110,-408,-492
19820111,-463,-517
19820112,-423,-487
19820113,-412,-437
19820114,-437,-486
19820115,-407,-457
19820116,-380,-448
19820117,-320,-380
19820118,-265,-328
19820119,-202,-281
19820120,-193,-350
19820121,-137,-209
19820122,-124,-164
19820123,-140,-162
19820124,-145,-335
19820125,-264,-389
19820126,-226,-316
19820127,-173,-265
19820128,-173,-249
19820129,-235,-326
19820130,-250,-365
19820131,-263,-339
19820201,-182,-397
19820202,-180,-278
19820203,-181,-286
19820204,-196,-345
19820205,-264,-378
19820206,-200,-352
19820207,-79,-209
19820208,-92,-209
19820209,-90,-229
19820210,-120,-234
19820211,-122,-203
19820212,-145,-253
19820213,-94,-203
19820214,-162,-311
19820215,-160,-275
19820216,-165,-325
19820217,-194,-340
19820218,-201,-345
19820219,-149,-262
19820220,-154,-204
19820221,-196,-335
19820222,-255,-413
19820223,-90,-263
19820224,-66,-128
19820225,-107,-173
19820226,-154,-351
19820227,-78,-190
19820228,-97,-228
19820301,-68,-169
19820302,-82,-236
19820303,-206,-345
19820304,-183,-409
19820305,-156,-368
19820306,-93,-191
19820307,-74,-234
19820308,-38,-132
19820309,-47,-172
19820310,-85,-229
19820311,-147,-322
19820312,-127,-306
19820313,-117,-325
19820314,-129,-244
19820315,-156,-334
19820316,-145,-370
19820317,-130,-301
19820318,-99,-281
19820319,-99,-286
19820320,-100,-332
19820321,-107,-349
19820322,-97,-325
19820323,-58,-313
19820324,-43,-305
19820325,-23,-232
19820326,-13,-256
19820327,-14,-60
19820328,-31,-121
19820329,5,-250
19820330,19,-203
19820331,43,-85
19820401,28,-31
19820402,43,-29
19820403,112,20
19820404,43,-50
19820405,-13,-143
19820406,-5,-123
19820407,32,-160
19820408,54,6
19820409,25,-38
19820410,17,-118
19820411,34,1
19820412,74,-125
19820413,104,-88
19820414,130,-67
19820415,136,-70
19820416,173,-31
19820417,138,-8
19820418,50,-23
19820419,59,-11
19820420,67,-29
19820421,38,4
19820422,30,-34
19820423,34,-13
19820424,18,-70
19820425,9,-62
19820426,25,-55
19820427,39,-18
19820428,82,-57
19820429,77,0
19820430,95,-6
19820501,86,-24
19820502,91,9
19820503,88,3
19820504,80,16
19820505,82,-46
19820506,66,-1
19820507,37,-33
19820508,18,-45
19820509,72,-60
19820510,92,-73
19820511,104,-36
19820512,83,15
19820513,48,-22
19820514,97,-6
19820515,106,9
19820516,121,38
19820517,162,-30
19820518,166,35
19820519,195,-9
19820520,169,45
19820521,133,28
19820522,134,18
19820523,132,25
19820524,130,12
19820525,47,-39
19820526,162,-33
19820527,205,-16
19820528,231,-9
19820529,249,9
19820530,254,30
19820531,236,50
19820601,126,62
19820602,180,49
19820603,181,100
19820604,223,61
19820605,262,92
19820606,257,77
19820607,223,68
19820608,218,69
19820609,266,90
19820610,274,120
19820611,284,114
19820612,269,110
19820613,258,133
19820614,245,115
19820615,177,105
19820616,178,83
19820617,171,85
19820618,155,44
19820619,149,16
19820620,198,58
19820621,281,50
19820622,267,123
19820623,223,42
19820624,245,54
19820625,242,54
19820626,267,71
19820627,238,95
19820628,240,124
19820629,264,114
19820630,291,94
19820701,247,105
19820702,243,120
19820703,204,133
19820704,180,41
19820705,149,65
19820706,95,26
19820707,156,21
19820708,184,75
19820709,203,75
19820710,145,103
19820711,187,83
19820712,243,83
19820713,277,84
19820714,301,89
19820715,318,103
19820716,315,129
19820717,321,113
19820718,318,131
19820719,303,146
19820720,211,142
19820721,208,134
19820722,183,123
19820723,249,141
19820724,284,168
19820725,267,132
19820726,256,133
19820727,291,148
19820728,278,114
19820729,253,143
19820730,264,74
19820731,269,62
19820801,290,82
19820802,301,85
19820803,315,98
19820804,315,106
19820805,309,101
19820806,317,106
19820807,289,112
19820808,299,94
19820809,319,98
19820810,263,93
19820811,269,104
19820812,251,82
19820813,187,29
19820814,175,46
19820815,177,93
19820816,233,21
19820817,237,41
19820818,223,101
19820819,211,108
19820820,171,103
19820821,151,98
19820822,116,57
19820823,144,56
19820824,132,6
19820825,125,86
19820826,126,31
19820827,131,23
19820828,140,31
19820829,161,31
19820830,173,-15
19820831,131,44
19820901,126,82
19820902,132,50
19820903,128,29
19820904,102,-7
19820905,118,-23
19820906,163,-50
19820907,186,-18
19820908,184,-16
19820909,117,62
19820910,98,26
19820911,63,-28
19820912,48,-12
19820913,26,-54
19820914,60,-35
19820915,63,-69
19820916,40,-5
19820917,45,0
19820918,136,31
19820919,130,35
19820920,65,19
19820921,100,-20
19820922,75,-2
19820923,42,-5
19820924,32,-22
19820925,39,-6
19820926,130,29
19820927,41,-5
19820928,3,-32
19820929,-7,-51
19820930,-19,-86
19821001,-10,-48
19821002,-28,-82
19821003,-23,-103
19821004,-15,-110
19821005,-15,-75
19821006,-23,-70
19821007,-36,-68
19821008,-55,-92
19821009,-36,-170
19821010,-65,-189
19821011,-67,-175
19821012,-53,-149
19821013,-48,-114
19821014,-20,-120
19821015,1,-46
19821016,-1,-115
19821017,-98,-214
19821018,-95,-143
19821019,-119,-286
19821020,-144,-313
19821021,-107,-259
19821022,-12,-123
19821023,25,-33
19821024,-10,-62
19821025,-9,-85
19821026,-80,-206
19821027,-49,-116
19821028,-94,-199
19821029,-177,-327
19821030,-198,-311
19821031,-195,-317
19821101,-132,-220
19821102,-179,-306
19821103,-118,-182
19821104,-58,-122
19821105,-59,-174
19821106,-144,-245
19821107,-100,-152
19821108,-20,-108
19821109,2,-113
19821110,-111,-271
19821111,-235,-327
19821112,-174,-274
19821113,-156,-186
19821114,-75,-162
19821115,-22,-77
19821116,-25,-140
19821117,-54,-139
19821118,-105,-182
19821119,-18,-119
19821120,-84,-309
19821121,-305,-392
19821122,-345,-412
19821123,-234,-346
19821124,-273,-351
19821125,-209,-293
19821126,-202,-281
19821127,-220,-311
19821128,-307,-346
19821129,-301,-332
19821130,-313,-355
19821201,-352,-383
19821202,-378,-441
19821203,-393,-450
19821204,-381,-411
19821205,-300,-395
19821206,-156,-301
19821207,-71,-174
19821208,-115,-233
19821209,-136,-204
19821210,-161,-240
19821211,-196,-246
19821212,-191,-267
19821213,-243,-359
19821214,-244,-375
19821215,-104,-271
19821216,-50,-130
19821217,-107,-194
19821218,-146,-206
19821219,-92,-181
19821220,-103,-160
19821221,-66,-127
19821222,-74,-125
19821223,-101,-277
19821224,-144,-226
19821225,-112,-179
19821226,-92,-134
19821227,-107,-164
19821228,-119,-215
19821229,-144,-215
19821230,-112,-170
19821231,-144,-184
19830101,-112,-195
19830102,-194,-390
19830103,-327,-437
19830104,-315,-415
19830105,-340,-455
19830106,-272,-343
19830107,-294,-351
19830108,-267,-301
19830109,-262,-340
19830110,-119,-279
19830111,-41,-128
19830112,-42,-130
19830113,-108,-268
19830114,-262,-299
19830115,-266,-318
19830116,-316,-376
19830117,-280,-370
19830118,-184,-280
19830119,-170,-235
19830120,-231,-277
19830121,-192,-276
19830122,-113,-216
19830123,-81,-152
19830124,-124,-239
19830125,-100,-223
19830126,-92,-191
19830127,-187,-284
19830128,-280,-346
19830129,-262,-346
19830130,-246,-310
19830131,-244,-331
19830201,-176,-261
19830202,-142,-201
19830203,-139,-209
19830204,-206,-344
19830205,-328,-436
19830206,-264,-337
19830207,-255,-323
19830208,-266,-382
19830209,-319,-440
19830210,-332,-437
19830211,-250,-367
19830212,-259,-373
19830213,-267,-400
19830214,-232,-380
19830215,-252,-376
19830216,-228,-385
19830217,-203,-349
19830218,-197,-326
19830219,-174,-296
19830220,-148,-261
19830221,-131,-292
19830222,-90,-165
19830223,-82,-209
19830224,-75,-204
19830225,-104,-252
19830226,-40,-174
19830227,-12,-94
19830228,-7,-174
19830301,-7,-125
19830302,-19,-150
19830303,-2,-179
19830304,-20,-189
19830305,-51,-250
19830306,-124,-245
19830307,-112,-230
19830308,-113,-281
19830309,-97,-291
19830310,-56,-220
19830311,-62,-197
19830312,-69,-230
19830313,-53,-203
19830314,-42,-131
19830315,55,-52
19830316,21,-79
19830317,-20,-209
19830318,-45,-163
19830319,-4,-67
19830320,-17,-93
19830321,-54,-137
19830322,-12,-167
19830323,-12,-103
19830324,-10,-64
19830325,-57,-138
19830326,-84,-204
19830327,-52,-232
19830328,-17,-122
19830329,-6,-57
19830330,-54,-135
19830331,-69,-274
19830401,-47,-250
19830402,20,-79
19830403,0,-150
19830404,0,-228
19830405,-92,-333
19830406,-64,-266
19830407,-52,-130
19830408,-33,-225
19830409,-24,-241
19830410,-19,-220
19830411,-10,-101
19830412,-4,-121
19830413,32,-220
19830414,65,-27
19830415,72,2
19830416,20,-62
19830417,2,-69
19830418,-2,-138
19830419,17,-34
19830420,28,-125
19830421,40,-44
19830422,20,-117
19830423,-54,-208
19830424,-19,-254
19830425,21,-152
19830426,18,-147
19830427,16,-137
19830428,20,-70
19830429,95,-52
19830430,81,-53
19830501,63,-24
19830502,62,2
19830503,53,3
19830504,8,-68
19830505,38,-111
19830506,48,-106
19830507,37,-29
19830508,55,-107
19830509,43,-45
19830510,30,-40
19830511,42,-88
19830512,71,-38
19830513,94,-48
19830514,85,1
19830515,76,7
19830516,56,-23
19830517,40,-32
19830518,80,-21
19830519,83,16
19830520,80,11
19830521,58,-8
19830522,110,-23
19830523,61,-30
19830524,144,-27
19830525,176,5
19830526,149,12
19830527,86,7
19830528,93,7
19830529,93,26
19830530,104,21
19830531,96,-11
19830601,126,-3
19830602,128,45
19830603,163,-10
19830604,146,43
19830605,103,39
19830606,101,20
19830607,155,33
19830608,213,1
19830609,251,40
19830610,251,95
19830611,167,37
19830612,164,0
19830613,152,42
19830614,199,15
19830615,263,60
19830616,269,57
19830617,257,82
19830618,159,60
19830619,179,36
19830620,182,72
19830621,238,25
19830622,297,60
19830623,309,97
19830624,332,97
19830625,330,160
19830626,269,135
19830627,284,77
19830628,307,78
19830629,295,111
19830630,294,124
19830701,261,117
19830702,155,87
19830703,170,72
19830704,221,55
19830705,198,89
19830706,174,75
19830707,150,82
19830708,136,81
19830709,240,63
19830710,254,50
19830711,224,134
19830712,245,129
19830713,194,107
19830714,185,91
19830715,104,65
19830716,176,93
19830717,205,85
19830718,214,50
19830719,234,117
19830720,239,79
19830721,224,98
19830722,219,83
19830723,248,107
19830724,265,71
19830725,245,78
19830726,254,65
19830727,263,65
19830728,271,68
19830729,277,88
19830730,297,71
19830731,278,101
19830801,267,82
19830802,97,60
19830803,102,69
19830804,153,45
19830805,201,58
19830806,175,108
19830807,156,30
19830808,172,17
19830809,185,107
19830810,178,129
19830811,151,79
19830812,170,51
19830813,191,19
19830814,168,118
19830815,240,120
19830816,263,50
19830817,268,61
19830818,278,72
19830819,237,139
19830820,198,86
19830821,220,42
19830822,199,103
19830823,156,35
19830824,196,6
19830825,198,35
19830826,183,30
19830827,172,51
19830828,190,53
19830829,189,66
19830830,197,68
19830831,170,78
19830901,139,90
19830902,124,12
19830903,139,42
19830904,183,39
19830905,171,78
19830906,138,85
19830907,144,18
19830908,137,74
19830909,130,78
19830910,128,67
19830911,121,-2
19830912,125,40
19830913,129,-32
19830914,170,-27
19830915,137,59
19830916,79,43
19830917,73,9
19830918,70,38
19830919,100,1
19830920,88,39
19830921,95,26
19830922,129,-5
19830923,109,-49
19830924,97,-31
19830925,92,-13
19830926,65,-40
19830927,110,-45
19830928,134,-50
19830929,118,2
19830930,123,-51
19831001,125,-38
19831002,86,-71
19831003,38,11
19831004,53,-18
19831005,40,2
19831006,32,-2
19831007,13,-25
19831008,-4,-40
19831009,-10,-75
19831010,35,-20
19831011,42,8
19831012,14,-61
19831013,-55,-155
19831014,-72,-195
19831015,-60,-204
19831016,-56,-159
19831017,-19,-69
19831018,11,-25
19831019,25,-10
19831020,9,-69
19831021,42,-67
19831022,34,-65
19831023,19,-49
19831024,40,11
19831025,26,-30
19831026,-8,-42
19831027,20,-32
19831028,27,5
19831029,23,-20
19831030,15,-17
19831031,16,-53
19831101,-35,-73
19831102,-36,-81
19831103,-19,-47
19831104,-21,-94
19831105,21,-42
19831106,5,-43
19831107,-40,-103
19831108,-101,-223
19831109,-58,-199
19831110,-53,-86
19831111,-2,-60
19831112,-12,-142
19831113,-141,-242
19831114,-199,-291
19831115,-143,-289
19831116,-91,-144
19831117,-83,-212
19831118,-126,-174
19831119,-141,-232
19831120,-53,-164
19831121,-11,-119
19831122,-106,-183
19831123,-181,-245
19831124,-229,-284
19831125,-31,-255
19831126,-64,-172
19831127,-109,-137
19831128,-124,-260
19831129,-61,-240
19831130,-43,-91
19831201,-58,-199
19831202,-127,-201
19831203,-48,-157
19831204,12,-51
19831205,-31,-252
19831206,-115,-220
19831207,-193,-270
19831208,-206,-265
19831209,-213,-250
19831210,-225,-307
19831211,-252,-326
19831212,-317,-399
19831213,-226,-334
19831214,-136,-236
19831215,-136,-189
19831216,-111,-214
19831217,-161,-273
19831218,-146,-199
19831219,-193,-352
19831220,-346,-398
19831221,-199,-400
19831222,-199,-288
19831223,-168,-272
19831224,-171,-367
19831225,-305,-368
19831226,-174,-357
19831227,-103,-204
19831228,-117,-209
19831229,-200,-318
19831230,-233,-316
19831231,-244,-277
19840101,-250,-302
19840102,-224,-301
19840103,-156,-252
19840104,-181,-270
19840105,-155,-257
19840106,-80,-174
19840107,-71,-138
19840108,-57,-109
19840109,-108,-270
19840110,-241,-296
19840111,-247,-301
19840112,-277,-340
19840113,-313,-412
19840114,-381,-423
19840115,-374,-423
19840116,-356,-417
19840117,-236,-384
19840118,-150,-281
19840119,-155,-199
19840120,-147,-245
19840121,-213,-321
19840122,-301,-367
19840123,-330,-398
19840124,-282,-366
19840125,-321,-397
19840126,-345,-439
19840127,-241,-352
19840128,-282,-405
19840129,-366,-438
19840130,-403,-466
19840131,-404,-472
19840201,-407,-487
19840202,-380,-464
19840203,-378,-484
19840204,-300,-402
19840205,-261,-387
19840206,-230,-327
19840207,-173,-258
19840208,-200,-352
19840209,-295,-407
19840210,-262,-392
19840211,-295,-408
19840212,-289,-407
19840213,-252,-365
19840214,-223,-324
19840215,-129,-272
19840216,-95,-149
19840217,-96,-172
19840218,-119,-250
19840219,-59,-167
19840220,-72,-140
19840221,-71,-148
19840222,-116,-228
19840223,-155,-279
19840224,-231,-313
19840225,-257,-407
19840226,-213,-353
19840227,-132,-260
19840228,-63,-187
19840229,-27,-95
19840301,-84,-249
19840302,-30,-194
19840303,-57,-273
19840304,-75,-282
19840305,-65,-219
19840306,-97,-261
19840307,-47,-176
19840308,-58,-192
19840309,-45,-131
19840310,-65,-145
19840311,-98,-173
19840312,-105,-261
19840313,-60,-243
19840314,-70,-195
19840315,-86,-146
19840316,-103,-256
19840317,-78,-243
19840318,-73,-292
19840319,-15,-157
19840320,4,-125
19840321,-29,-199
19840322,-64,-272
19840323,-66,-255
19840324,-43,-266
19840325,-25,-280
19840326,-11,-234
19840327,-51,-210
19840328,-60,-275
19840329,-19,-268
19840330,22,-222
19840331,28,-172
19840401,6,-189
19840402,-182,-325
19840403,-131,-361
19840404,-121,-237
19840405,-92,-216
19840406,-55,-215
19840407,-62,-250
19840408,-2,-108
19840409,66,-171
19840410,-29,-172
19840411,14,-197
19840412,-78,-234
19840413,-80,-174
19840414,-62,-251
19840415,-60,-198
19840416,-42,-163
19840417,-58,-242
19840418,-80,-184
19840419,-62,-320
19840420,-11,-226
19840421,-12,-170
19840422,-9,-255
19840423,-29,-151
19840424,-65,-160
19840425,-13,-222
19840426,28,-114
19840427,83,-126
19840428,117,-58
19840429,96,-44
19840430,115,12
19840501,129,39
19840502,93,-26
19840503,65,-23
19840504,84,-59
19840505,77,-30
19840506,73,4
19840507,136,7
19840508,119,1
19840509,134,-7
19840510,113,-2
19840511,133,13
19840512,223,-24
19840513,193,2
19840514,86,-73
19840515,76,-8
19840516,67,-16
19840517,96,-30
19840518,126,-41
19840519,103,25
19840520,109,7
19840521,113,9
19840522,99,9
19840523,108,-12
19840524,133,42
19840525,125,8
19840526,151,21
19840527,163,9
19840528,140,41
19840529,134,-10
19840530,74,-15
19840531,94,2
19840601,78,15
19840602,92,-7
19840603,137,-23
19840604,123,61
19840605,154,-16
19840606,187,24
19840607,132,45
19840608,129,-6
19840609,111,46
19840610,174,29
19840611,219,43
19840612,285,51
19840613,323,66
19840614,331,116
19840615,330,128
19840616,339,119
19840617,322,125
19840618,248,140
19840619,241,136
19840620,222,131
19840621,207,84
19840622,254,45
19840623,294,85
19840624,360,87
19840625,287,140
19840626,292,112
19840627,279,163
19840628,202,105
19840629,194,114
19840630,225,119
19840701,255,55
19840702,287,71
19840703,298,92
19840704,317,123
19840705,311,125
19840706,297,115
19840707,275,154
19840708,264,71
19840709,275,84
19840710,278,79
19840711,258,97
19840712,225,139
19840713,265,129
19840714,267,107
19840715,237,139
19840716,211,59
19840717,230,74
19840718,224,114
19840719,259,54
19840720,252,77
19840721,251,120
19840722,238,150
19840723,325,142
19840724,247,190
19840725,219,92
19840726,207,49
19840727,210,79
19840728,202,133
19840729,155,108
19840730,177,81
19840731,242,129
19840801,224,153
19840802,221,69
19840803,236,64
19840804,181,98
19840805,181,69
19840806,193,58
19840807,205,30
19840808,219,81
19840809,227,57
19840810,228,39
19840811,202,21
19840812,242,47
19840813,255,81
19840814,253,93
19840815,216,122
19840816,186,49
19840817,264,101
19840818,275,122
19840819,276,106
19840820,282,97
19840821,219,109
19840822,177,18
19840823,200,62
19840824,225,64
19840825,218,44
19840826,196,89
19840827,202,30
19840828,234,21
19840829,244,24
19840830,263,34
19840831,239,79
19840901,144,69
19840902,166,-24
19840903,179,-21
19840904,189,-22
19840905,202,-19
19840906,200,-1
19840907,201,-3
19840908,204,137
19840909,239,69
19840910,246,58
19840911,234,54
19840912,206,52
19840913,174,60
19840914,98,58
19840915,85,1
19840916,112,1
19840917,105,41
19840918,69,10
19840919,18,-26
19840920,26,-13
19840921,51,-80
19840922,41,-17
19840923,56,-18
19840924,60,-33
19840925,69,-16
19840926,73,-11
19840927,63,-64
19840928,114,24
19840929,72,-23
19840930,66,-22
19841001,26,-16
19841002,11,-64
19841003,22,-111
19841004,-11,-132
19841005,-14,-134
19841006,-17,-151
19841007,-34,-101
19841008,-49,-92
19841009,-67,-108
19841010,-63,-114
19841011,-65,-146
19841012,-77,-172
19841013,-76,-116
19841014,-80,-156
19841015,-88,-276
19841016,-85,-256
19841017,-92,-156
19841018,-85,-220
19841019,-70,-216
19841020,-32,-80
19841021,-69,-138
19841022,-35,-102
19841023,-46,-100
19841024,-2,-67
19841025,7,-17
19841026,30,-14
19841027,16,-6
19841028,35,-24
19841029,-15,-92
19841030,-85,-152
19841031,-96,-164
19841101,-85,-135
19841102,-92,-153
19841103,-132,-294
19841104,-201,-323
19841105,-230,-322
19841106,-261,-369
19841107,-295,-373
19841108,-280,-376
19841109,-313,-398
19841110,-299,-374
19841111,-320,-402
19841112,-336,-423
19841113,-344,-413
19841114,-364,-424
19841115,-329,-382
19841116,-156,-332
19841117,-122,-177
19841118,-164,-240
19841119,-228,-359
19841120,-150,-260
19841121,-121,-158
19841122,-152,-272
19841123,-151,-250
19841124,-108,-183
19841125,-183,-285
19841126,-157,-243
19841127,-144,-241
19841128,-239,-313
19841129,-311,-401
19841130,-401,-450
19841201,-423,-504
19841202,-366,-423
19841203,-237,-393
19841204,-129,-288
19841205,-109,-213
19841206,-182,-260
19841207,-174,-307
19841208,-306,-384
19841209,-384,-450
19841210,-423,-496
19841211,-290,-499
19841212,-260,-306
19841213,-206,-352
19841214,-337,-424
19841215,-225,-410
19841216,-191,-245
19841217,-168,-212
19841218,-190,-315
19841219,-292,-436
19841220,-365,-457
19841221,-309,-370
19841222,-266,-314
19841223,-262,-322
19841224,-306,-364
19841225,-344,-436
19841226,-433,-472
19841227,-352,-453
19841228,-203,-357
19841229,-173,-227
19841230,-211,-350
19841231,-349,-415
19850101,-356,-431
19850102,-337,-397
19850103,-310,-359
19850104,-320,-374
19850105,-277,-340
19850106,-252,-320
19850107,-265,-338
19850108,-329,-401
19850109,-279,-352
19850110,-308,-422
19850111,-407,-447
19850112,-353,-454
19850113,-387,-426
19850114,-417,-454
19850115,-311,-441
19850116,-263,-316
19850117,-263,-345
19850118,-303,-376
19850119,-240,-345
19850120,-231,-325
19850121,-282,-341
19850122,-339,-439
19850123,-315,-420
19850124,-294,-366
19850125,-305,-392
19850126,-383,-434
19850127,-237,-395
19850128,-181,-241
19850129,-157,-242
19850130,-166,-304
19850131,-182,-314
19850201,-193,-332
19850202,-291,-395
19850203,-240,-367
19850204,-262,-363
19850205,-312,-435
19850206,-360,-451
19850207,-360,-471
19850208,-354,-473
19850209,-352,-482
19850210,-315,-461
19850211,-337,-481
19850212,-342,-482
19850213,-348,-479
19850214,-338,-471
19850215,-322,-451
19850216,-290,-444
19850217,-250,-389
19850218,-274,-376
19850219,-302,-442
19850220,-286,-417
19850221,-234,-374
19850222,-202,-332
19850223,-247,-408
19850224,-263,-412
19850225,-254,-423
19850226,-195,-360
19850227,-215,-385
19850228,-198,-352
19850301,-203,-401
19850302,-201,-390
19850303,-155,-373
19850304,-130,-190
19850305,-124,-220
19850306,-202,-315
19850307,-226,-393
19850308,-118,-276
19850309,-95,-196
19850310,-86,-225
19850311,-72,-268
19850312,-43,-106
19850313,-31,-120
19850314,-50,-198
19850315,-52,-244
19850316,-67,-185
19850317,-70,-180
19850318,-88,-245
19850319,-133,-273
19850320,-40,-172
19850321,-30,-111
19850322,-30,-185
19850323,-154,-327
19850324,-113,-358
19850325,-105,-152
19850326,-114,-230
19850327,-97,-261
19850328,-1,-195
19850329,30,-84
19850330,30,-169
19850331,22,-192
19850401,-52,-301
19850402,16,-70
19850403,-26,-151
19850404,-60,-293
19850405,-77,-140
19850406,-87,-227
19850407,-55,-218
19850408,-13,-189
19850409,-3,-145
19850410,30,-90
19850411,17,-51
19850412,28,-84
19850413,115,-52
19850414,128,-59
19850415,134,8
19850416,49,-44
19850417,39,-82
19850418,72,-44
19850419,80,-14
19850420,50,-39
19850421,46,-10
19850422,25,-94
19850423,32,-108
19850424,71,-90
19850425,64,-32
19850426,24,-66
19850427,-5,-101
19850428,30,-69
19850429,39,-32
19850430,63,-7
19850501,78,-1
19850502,66,3
19850503,60,3
19850504,68,-56
19850505,54,-31
19850506,45,-44
19850507,18,-20
19850508,40,-35
19850509,27,-37
19850510,12,-65
19850511,30,-15
19850512,99,0
19850513,155,11
19850514,101,-9
19850515,73,-22
19850516,80,-20
19850517,165,26
19850518,162,48
19850519,89,24
19850520,54,-14
19850521,46,-17
19850522,59,9
19850523,65,-41
19850524,107,-5
19850525,137,-20
19850526,154,-14
19850527,150,2
19850528,155,12
19850529,182,7
19850530,168,63
19850531,204,18
19850601,205,63
19850602,124,3
19850603,178,67
19850604,187,39
19850605,187,93
19850606,230,31
19850607,258,65
19850608,274,82
19850609,268,105
19850610,249,93
19850611,252,118
19850612,294,95
19850613,293,112
19850614,270,93
19850615,270,119
19850616,235,105
19850617,252,93
19850618,250,112
19850619,291,130
19850620,303,161
19850621,268,147
19850622,240,141
19850623,246,108
19850624,222,153
19850625,175,81
19850626,103,66
19850627,182,96
19850628,259,80
19850629,279,119
19850630,271,123
19850701,236,151
19850702,213,102
19850703,205,41
19850704,238,118
19850705,237,130
19850706,251,105
19850707,167,101
19850708,181,89
19850709,174,37
19850710,163,12
19850711,122,22
19850712,161,28
19850713,189,28
19850714,241,104
19850715,275,116
19850716,307,127
19850717,300,160
19850718,277,148
19850719,307,107
19850720,314,127
19850721,303,144
19850722,279,148
19850723,285,139
19850724,262,128
19850725,226,144
19850726,245,58
19850727,236,70
19850728,246,101
19850729,254,69
19850730,249,82
19850731,181,101
19850801,136,106
19850802,182,116
19850803,177,106
19850804,206,105
19850805,237,68
19850806,234,126
19850807,192,143
19850808,193,85
19850809,195,52
19850810,184,107
19850811,154,104
19850812,157,104
19850813,163,67
19850814,146,118
19850815,148,104
19850816,146,94
19850817,157,66
19850818,171,47
19850819,177,60
19850820,204,49
19850821,208,56
19850822,205,84
19850823,186,112
19850824,142,74
19850825,152,16
19850826,160,3
19850827,196,88
19850828,177,43
19850829,134,53
19850830,116,7
19850831,112,74
19850901,100,26
19850902,144,17
19850903,144,72
19850904,165,96
19850905,125,56
19850906,129,59
19850907,128,39
19850908,51,21
19850909,75,26
19850910,89,13
19850911,102,6
19850912,83,36
19850913,48,10
19850914,107,28
19850915,99,28
19850916,83,-31
19850917,108,-42
19850918,113,18
19850919,150,-45
19850920,168,-34
19850921,154,-5
19850922,168,-4
19850923,153,-30
19850924,129,49
19850925,130,-30
19850926,119,-25
19850927,117,25
19850928,113,30
19850929,136,-35
19850930,119,41
19851001,60,7
19851002,39,-20
19851003,40,-15
19851004,49,-14
19851005,33,4
19851006,34,7
19851007,29,2
19851008,21,-39
19851009,29,-21
19851010,32,-20
19851011,25,-93
19851012,-28,-116
19851013,-15,-43
19851014,0,-29
19851015,-1,-40
19851016,-38,-128
19851017,4,-48
19851018,17,-11
19851019,28,-36
19851020,-1,-85
19851021,10,-53
19851022,-29,-111
19851023,-42,-150
19851024,0,-57
19851025,-3,-58
19851026,-28,-97
19851027,-53,-95
19851028,-85,-183
19851029,-51,-109
19851030,-9,-52
19851031,16,-39
19851101,1,-58
19851102,-53,-135
19851103,-80,-141
19851104,-88,-122
19851105,-118,-211
19851106,-97,-188
19851107,-54,-160
19851108,-33,-55
19851109,-32,-66
19851110,-18,-53
19851111,-44,-115
19851112,-89,-152
19851113,-106,-187
19851114,-161,-208
19851115,-181,-291
19851116,-159,-240
19851117,-85,-163
19851118,-88,-186
19851119,-184,-261
19851120,-242,-327
19851121,-302,-376
19851122,-208,-318
19851123,-198,-261
19851124,-247,-327
19851125,-326,-394
19851126,-292,-388
19851127,-261,-328
19851128,-304,-391
19851129,-253,-343
19851130,-258,-330
19851201,-283,-353
19851202,-269,-310
19851203,-278,-381
19851204,-375,-420
19851205,-341,-417
19851206,-341,-375
19851207,-352,-394
19851208,-353,-385
19851209,-353,-409
19851210,-261,-364
19851211,-244,-285
19851212,-243,-279
19851213,-259,-319
19851214,-211,-324
19851215,-145,-215
19851216,-204,-293
19851217,-229,-322
19851218,-245,-329
19851219,-231,-270
19851220,-237,-270
19851221,-245,-317
19851222,-263,-341
19851223,-223,-279
19851224,-170,-317
19851225,-182,-248
19851226,-215,-348
19851227,-343,-421
19851228,-342,-440
19851229,-427,-474
19851230,-442,-473
19851231,-432,-474
19860101,-436,-493
19860102,-407,-505
19860103,-378,-440
19860104,-267,-381
19860105,-243,-325
19860106,-264,-374
19860107,-273,-341
19860108,-258,-324
19860109,-129,-261
19860110,-128,-217
19860111,-196,-234
19860112,-193,-266
19860113,-210,-264
19860114,-257,-381
19860115,-300,-373
19860116,-360,-459
19860117,-374,-464
19860118,-391,-453
19860119,-257,-429
19860120,-261,-336
19860121,-152,-290
19860122,-158,-304
19860123,-282,-334
19860124,-249,-307
19860125,-240,-330
19860126,-239,-293
19860127,-280,-357
19860128,-241,-337
19860129,-228,-291
19860130,-226,-317
19860131,-227,-281
19860201,-226,-281
19860202,-255,-320
19860203,-119,-299
19860204,-124,-161
19860205,-123,-249
19860206,-136,-187
19860207,-154,-321
19860208,-144,-269
19860209,-129,-175
19860210,-132,-230
19860211,-114,-204
19860212,-199,-325
19860213,-172,-245
19860214,-160,-231
19860215,-159,-258
19860216,-226,-322
19860217,-202,-300
19860218,-140,-276
19860219,-135,-235
19860220,-132,-231
19860221,-86,-262
19860222,-74,-178
19860223,-174,-287
19860224,-181,-332
19860225,-121,-201
19860226,-82,-207
19860227,8,-140
19860228,-25,-92
19860301,-51,-116
19860302,-10,-169
19860303,-135,-227
19860304,-140,-175
19860305,-116,-269
19860306,-136,-308
19860307,-91,-200
19860308,-100,-157
19860309,-125,-335
19860310,-103,-326
19860311,-126,-291
19860312,-132,-217
19860313,-121,-337
19860314,-101,-240
19860315,-66,-139
19860316,-81,-170
19860317,-37,-101
19860318,-55,-84
19860319,-58,-127
19860320,-121,-259
19860321,-121,-335
19860322,-54,-278
19860323,-74,-261
19860324,-45,-282
19860325,-20,-175
19860326,-1,-72
19860327,-5,-68
19860328,-2,-65
19860329,11,-96
19860330,28,-140
19860331,10,-85
19860401,-2,-66
19860402,-1,-112
19860403,-34,-98
19860404,-44,-206
19860405,-41,-166
19860406,-50,-159
19860407,-52,-142
19860408,-64,-251
19860409,-31,-89
19860410,4,-82
19860411,1,-79
19860412,-1,-129
19860413,-86,-204
19860414,-70,-220
19860415,12,-83
19860416,15,-54
19860417,-37,-108
19860418,15,-181
19860419,46,-152
19860420,105,-73
19860421,124,-36
19860422,109,11
19860423,33,-29
19860424,11,-96
19860425,40,-138
19860426,80,-89
19860427,62,-68
19860428,23,-30
19860429,-7,-139
19860430,-20,-50
19860501,1,-131
19860502,-4,-134
19860503,-9,-144
19860504,-79,-190
19860505,-47,-220
19860506,8,-190
19860507,35,-113
19860508,62,-94
19860509,68,-72
19860510,72,-34
19860511,76,0
19860512,91,9
19860513,85,10
19860514,73,-26
19860515,92,-18
19860516,77,-33
19860517,98,-29
19860518,133,-24
19860519,175,-8
19860520,185,-4
19860521,191,12
19860522,204,31
19860523,197,25
19860524,136,-5
19860525,169,32
19860526,176,6
19860527,162,55
19860528,81,16
19860529,204,27
19860530,207,132
19860531,172,40
19860601,84,7
19860602,145,-31
19860603,127,19
19860604,74,19
19860605,155,-6
19860606,174,88
19860607,202,62
19860608,139,33
19860609,122,8
19860610,183,1
19860611,181,79
19860612,117,18
19860613,150,46
19860614,177,29
19860615,243,103
19860616,190,101
19860617,196,61
19860618,215,34
19860619,246,66
19860620,283,146
19860621,281,164
19860622,247,141
19860623,254,166
19860624,281,79
19860625,254,95
19860626,191,21
19860627,189,26
19860628,123,58
19860629,183,81
19860630,238,64
19860701,279,135
19860702,304,108
19860703,310,124
19860704,309,136
19860705,220,151
19860706,248,91
19860707,230,151
19860708,190,151
19860709,204,129
19860710,208,155
19860711,233,144
19860712,229,133
19860713,277,181
19860714,271,160
19860715,280,143
19860716,295,143
19860717,281,146
19860718,221,139
19860719,231,129
19860720,245,168
19860721,257,151
19860722,253,103
19860723,274,102
19860724,261,149
19860725,218,133
19860726,235,116
19860727,208,135
19860728,210,91
19860729,224,86
19860730,254,109
19860731,278,120
19860801,275,121
19860802,239,141
19860803,233,101
19860804,225,145
19860805,249,122
19860806,228,101
19860807,225,124
19860808,217,140
19860809,205,131
19860810,205,104
19860811,239,71
19860812,223,133
19860813,162,101
19860814,115,83
19860815,169,48
19860816,153,21
19860817,141,66
19860818,129,95
19860819,148,49
19860820,166,56
19860821,172,43
19860822,201,31
19860823,170,27
19860824,167,96
19860825,210,58
19860826,207,44
19860827,206,45
19860828,194,95
19860829,192,35
19860830,180,60
19860831,189,122
19860901,217,71
19860902,247,91
19860903,231,76
19860904,129,53
19860905,167,24
19860906,166,54
19860907,141,99
19860908,144,91
19860909,156,63
19860910,143,23
19860911,127,12
19860912,111,-4
19860913,77,33
19860914,41,-16
19860915,40,0
19860916,45,3
19860917,36,10
19860918,21,-20
19860919,56,-11
19860920,47,1
19860921,60,-6
19860922,60,16
19860923,34,-7
19860924,33,-94
19860925,47,-41
19860926,152,1
19860927,196,7
19860928,170,20
19860929,55,-8
19860930,97,-21
19861001,71,18
19861002,26,-27
19861003,67,-4
19861004,75,-24
19861005,63,19
19861006,65,-19
19861007,83,-21
19861008,110,-24
19861009,108,38
19861010,45,-39
19861011,25,-4
19861012,12,-39
19861013,18,-11
19861014,28,-22
19861015,34,-6
19861016,30,-15
19861017,3,-29
19861018,-9,-41
19861019,-3,-53
19861020,60,-7
19861021,56,-32
19861022,-31,-98
19861023,-51,-118
19861024,-78,-159
19861025,-64,-142
19861026,-69,-156
19861027,-106,-205
19861028,-45,-132
19861029,-30,-99
19861030,-10,-54
19861031,-14,-112
19861101,-99,-216
19861102,-20,-132
19861103,-33,-73
19861104,-59,-110
19861105,-51,-97
19861106,-33,-55
19861107,-46,-84
19861108,-28,-137
19861109,-134,-228
19861110,-15,-194
19861111,-171,-286
19861112,-233,-326
19861113,-120,-234
19861114,-174,-255
19861115,-97,-224
19861116,-72,-103
19861117,-52,-76
19861118,-41,-82
19861119,-78,-112
19861120,-99,-155
19861121,-147,-184
19861122,-139,-216
19861123,-115,-167
19861124,-106,-152
19861125,-118,-139
19861126,-114,-164
19861127,-118,-188
19861128,-101,-173
19861129,-101,-137
19861130,-92,-135
19861201,-79,-135
19861202,-60,-100
19861203,-71,-125
19861204,-64,-121
19861205,-73,-138
19861206,-30,-123
19861207,-12,-84
19861208,-10,-128
19861209,-125,-278
19861210,-273,-374
19861211,-332,-375
19861212,-288,-339
19861213,-296,-412
19861214,-260,-297
19861215,-205,-262
19861216,-236,-317
19861217,-225,-330
19861218,-200,-286
19861219,-262,-368
19861220,-337,-416
19861221,-324,-402
19861222,-345,-411
19861223,-349,-413
19861224,-391,-444
19861225,-432,-470
19861226,-317,-435
19861227,-353,-440
19861228,-324,-359
19861229,-313,-423
19861230,-422,-490
19861231,-489,-521
19870101,-484,-516
19870102,-468,-499
19870103,-480,-512
19870104,-483,-514
19870105,-455,-493
19870106,-491,-540
19870107,-521,-559
19870108,-446,-539
19870109,-388,-483
19870110,-376,-440
19870111,-352,-450
19870112,-289,-355
19870113,-288,-352
19870114,-247,-317
19870115,-239,-276
19870116,-270,-357
19870117,-317,-396
19870118,-236,-346
19870119,-155,-236
19870120,-188,-338
19870121,-249,-379
19870122,-178,-249
19870123,-136,-178
19870124,-134,-169
19870125,-142,-208
19870126,-134,-179
19870127,-126,-219
19870128,-219,-353
19870129,-300,-378
19870130,-205,-326
19870131,-224,-284
19870201,-132,-236
19870202,-58,-135
19870203,-74,-209
19870204,-146,-244
19870205,-138,-200
19870206,-190,-236
19870207,-235,-346
19870208,-284,-370
19870209,-294,-337
19870210,-320,-428
19870211,-333,-439
19870212,-341,-439
19870213,-316,-420
19870214,-333,-445
19870215,-318,-424
19870216,-233,-371
19870217,-220,-353
19870218,-169,-335
19870219,-160,-255
19870220,-190,-257
19870221,-210,-272
19870222,-245,-393
19870223,-186,-326
19870224,-157,-276
19870225,-126,-257
19870226,-44,-133
19870227,-88,-158
19870228,-25,-150
19870301,-29,-206
19870302,-151,-323
19870303,-178,-346
19870304,-181,-343
19870305,-125,-306
19870306,-119,-321
19870307,-86,-181
19870308,-97,-213
19870309,-125,-292
19870310,-122,-153
19870311,-151,-287
19870312,-150,-364
19870313,-75,-260
19870314,-80,-200
19870315,-198,-281
19870316,-281,-393
19870317,-241,-353
19870318,-137,-255
19870319,-135,-226
19870320,-164,-338
19870321,-105,-365
19870322,-85,-316
19870323,-60,-285
19870324,-55,-258
19870325,-22,-202
19870326,-19,-68
19870327,-47,-213
19870328,-25,-213
19870329,-16,-177
19870330,-7,-142
19870331,-3,-90
19870401,-7,-151
19870402,-15,-208
19870403,-191,-325
19870404,-171,-332
19870405,-170,-310
19870406,-113,-282
19870407,-47,-255
19870408,-24,-231
19870409,2,-207
19870410,33,-170
19870411,70,-54
19870412,87,-83
19870413,90,-32
19870414,43,-13
19870415,-6,-77
19870416,16,-87
19870417,10,-58
19870418,-24,-121
19870419,30,-120
19870420,43,-125
19870421,27,-71
19870422,11,-106
19870423,48,-69
19870424,72,0
19870425,68,3
19870426,45,12
19870427,44,-25
19870428,22,-68
19870429,54,-93
19870430,85,-71
19870501,153,-57
19870502,132,-42
19870503,158,-52
19870504,170,-36
19870505,153,-26
19870506,125,-14
19870507,-10,-48
19870508,-3,-83
19870509,22,-81
19870510,27,-76
19870511,69,-78
19870512,67,-22
19870513,84,21
19870514,95,-12
19870515,140,-27
19870516,137,-10
19870517,22,-60
19870518,12,-58
19870519,61,-69
19870520,116,4
19870521,110,-16
19870522,135,24
19870523,163,-14
19870524,185,-1
19870525,198,7
19870526,210,82
19870527,208,69
19870528,142,25
19870529,136,61
19870530,128,7
19870531,51,-24
19870601,127,-33
19870602,121,37
19870603,53,-24
19870604,67,19
19870605,65,-36
19870606,133,-41
19870607,126,41
19870608,93,31
19870609,81,31
19870610,112,44
19870611,118,41
19870612,135,26
19870613,179,14
19870614,175,99
19870615,145,79
19870616,155,0
19870617,149,13
19870618,140,22
19870619,63,1
19870620,133,36
19870621,130,5
19870622,154,80
19870623,150,39
19870624,91,31
19870625,131,-6
19870626,182,16
19870627,180,65
19870628,164,69
19870629,170,71
19870630,228,45
19870701,237,67
19870702,227,101
19870703,171,71
19870704,170,93
19870705,200,107
19870706,242,147
19870707,270,154
19870708,291,155
19870709,287,139
19870710,304,120
19870711,320,103
19870712,322,147
19870713,312,144
19870714,263,130
19870715,286,134
19870716,288,140
19870717,193,129
19870718,236,131
19870719,270,112
19870720,261,141
19870721,250,99
19870722,155,94
19870723,185,40
19870724,220,16
19870725,206,49
19870726,232,108
19870727,207,110
19870728,166,107
19870729,210,79
19870730,203,98
19870731,190,127
19870801,230,86
19870802,261,67
19870803,258,103
19870804,179,128
19870805,178,121
19870806,154,108
19870807,205,56
19870808,211,47
19870809,230,126
19870810,236,146
19870811,212,126
19870812,205,131
19870813,184,130
19870814,173,42
19870815,194,24
19870816,211,23
19870817,232,45
19870818,224,37
19870819,242,79
19870820,213,86
19870821,196,46
19870822,213,17
19870823,226,14
19870824,240,16
19870825,241,17
19870826,243,26
19870827,247,40
19870828,234,52
19870829,212,132
19870830,157,70
19870831,177,25
19870901,181,47
19870902,217,69
19870903,197,35
19870904,169,12
19870905,150,-1
19870906,142,7
19870907,142,18
19870908,146,33
19870909,157,32
19870910,157,27
19870911,167,83
19870912,161,-14
19870913,141,55
19870914,122,68
19870915,145,5
19870916,138,26
19870917,130,-41
19870918,134,19
19870919,119,11
19870920,112,34
19870921,86,22
19870922,78,16
19870923,84,-45
19870924,117,-44
19870925,124,-31
19870926,96,-10
19870927,63,-10
19870928,42,3
19870929,34,5
19870930,35,-13
19871001,35,-42
19871002,14,-27
19871003,15,-18
19871004,6,-90
19871005,18,-57
19871006,26,-11
19871007,26,-3
19871008,40,-43
19871009,25,-91
19871010,9,-95
19871011,12,-65
19871012,22,-21
19871013,19,-9
19871014,14,-13
19871015,17,-35
19871016,-25,-63
19871017,-54,-112
19871018,-55,-112
19871019,-44,-153
19871020,2,-71
19871021,-26,-69
19871022,-25,-72
19871023,-17,-118
19871024,-94,-180
19871025,-121,-191
19871026,-153,-283
19871027,-98,-236
19871028,-63,-117
19871029,-75,-126
19871030,-86,-148
19871031,-51,-114
19871101,-60,-96
19871102,-28,-83
19871103,-60,-156
19871104,-36,-126
19871105,-122,-259
19871106,-229,-310
19871107,-174,-248
19871108,-229,-320
19871109,-238,-310
19871110,-211,-256
19871111,-220,-305
19871112,-160,-287
19871113,-190,-225
19871114,-200,-265
19871115,-224,-280
19871116,-266,-310
19871117,-296,-360
19871118,-306,-414
19871119,-271,-340
19871120,-337,-439
19871121,-371,-420
19871122,-395,-435
19871123,-424,-482
19871124,-363,-470
19871125,-222,-369
19871126,-230,-258
19871127,-207,-248
19871128,-232,-310
19871129,-257,-311
19871130,-209,-283
19871201,-106,-289
19871202,-113,-196
19871203,-189,-308
19871204,-274,-346
19871205,-181,-285
19871206,-141,-227
19871207,-159,-281
19871208,-268,-326
19871209,-260,-348
19871210,-165,-286
19871211,-153,-202
19871212,-102,-163
19871213,-113,-260
19871214,-256,-313
19871215,-145,-304
19871216,-25,-154
19871217,-80,-215
19871218,-214,-316
19871219,-110,-258
19871220,-58,-146
19871221,-128,-258
19871222,-253,-358
19871223,-347,-384
19871224,-383,-451
19871225,-449,-490
19871226,-406,-478
19871227,-392,-466
19871228,-456,-491
19871229,-282,-459
19871230,-250,-294
19871231,-284,-335
19880101,-247,-300
19880102,-265,-335
19880103,-239,-284
19880104,-251,-307
19880105,-229,-334
19880106,-332,-403
19880107,-354,-427
19880108,-234,-354
19880109,-95,-243
19880110,-45,-110
19880111,-57,-256
19880112,-245,-394
19880113,-366,-399
19880114,-208,-398
19880115,-83,-223
19880116,-98,-329
19880117,-144,-283
19880118,-152,-326
19880119,-302,-428
19880120,-329,-442
19880121,-356,-447
19880122,-278,-371
19880123,-334,-418
19880124,-317,-381
19880125,-337,-407
19880126,-278,-356
19880127,-265,-323
19880128,-204,-298
19880129,-195,-297
19880130,-191,-271
19880131,-228,-388
19880201,-248,-358
19880202,-168,-260
19880203,-134,-262
19880204,-252,-343
19880205,-334,-442
19880206,-365,-463
19880207,-366,-450
19880208,-275,-370
19880209,-266,-331
19880210,-252,-369
19880211,-298,-425
19880212,-339,-454
19880213,-341,-447
19880214,-187,-354
19880215,-161,-266
19880216,-135,-206
19880217,-134,-198
19880218,-154,-298
19880219,-187,-302
19880220,-164,-211
19880221,-184,-286
19880222,-191,-341
19880223,-260,-409
19880224,-237,-416
19880225,-236,-392
19880226,-201,-335
19880227,-180,-352
19880228,-177,-364
19880229,-187,-369
19880301,-154,-317
19880302,-105,-268
19880303,-85,-236
19880304,-100,-289
19880305,-34,-299
19880306,-21,-154
19880307,-6,-152
19880308,-4,-181
19880309,-7,-115
19880310,-3,-72
19880311,-44,-230
19880312,-108,-263
19880313,-149,-358
19880314,-94,-236
19880315,-54,-277
19880316,-69,-227
19880317,-91,-274
19880318,-81,-292
19880319,-43,-254
19880320,-63,-248
19880321,-28,-166
19880322,-3,-121
19880323,-11,-139
19880324,-26,-111
19880325,-100,-204
19880326,-65,-255
19880327,0,-142
19880328,-17,-212
19880329,-78,-298
19880330,-84,-220
19880331,-143,-240
19880401,-93,-235
19880402,-33,-156
19880403,-36,-148
19880404,-30,-245
19880405,-3,-117
19880406,32,-58
19880407,63,1
19880408,85,22
19880409,81,-52
19880410,35,-131
19880411,-17,-237
19880412,65,-43
19880413,127,-1
19880414,113,-104
19880415,-81,-155
19880416,-60,-227
19880417,36,-67
19880418,46,-91
19880419,-48,-154
19880420,49,-186
19880421,117,1
19880422,102,-53
19880423,27,-131
19880424,24,-45
19880425,12,-62
19880426,18,-55
19880427,18,-110
19880428,11,-72
19880429,10,-107
19880430,26,-112
19880501,58,-51
19880502,63,-33
19880503,50,-26
19880504,92,-36
19880505,79,-11
19880506,115,-27
19880507,127,-30
19880508,129,-29
19880509,145,17
19880510,129,1
19880511,30,-26
19880512,60,-59
19880513,74,-38
19880514,73,-15
19880515,89,-28
19880516,85,-13
19880517,76,-28
19880518,83,-24
19880519,67,2
19880520,75,-34
19880521,166,25
19880522,119,19
19880523,64,-15
19880524,107,-34
19880525,123,14
19880526,109,17
19880527,123,-16
19880528,142,-14
19880529,131,68
19880530,235,2
19880531,285,114
19880601,207,60
19880602,171,20
19880603,123,35
19880604,121,53
19880605,125,45
19880606,101,30
19880607,100,30
19880608,126,-10
19880609,116,45
19880610,125,19
19880611,117,54
19880612,145,58
19880613,206,76
19880614,216,57
19880615,218,86
19880616,266,50
19880617,264,122
19880618,213,59
19880619,127,44
19880620,129,54
19880621,117,34
19880622,105,60
19880623,139,40
19880624,182,35
19880625,178,89
19880626,192,75
19880627,194,100
19880628,159,88
19880629,157,58
19880630,132,65
19880701,115,31
19880702,141,-12
19880703,169,12
19880704,129,73
19880705,172,88
19880706,223,102
19880707,245,70
19880708,275,79
19880709,267,164
19880710,264,117
19880711,229,128
19880712,227,143
19880713,245,65
19880714,273,55
19880715,257,123
19880716,212,109
19880717,246,117
19880718,245,104
19880719,228,115
19880720,215,93
19880721,248,35
19880722,297,151
19880723,292,132
19880724,208,97
19880725,188,115
19880726,165,111
19880727,193,90
19880728,178,73
19880729,235,111
19880730,244,122
19880731,243,116
19880801,201,116
19880802,168,81
19880803,154,75
19880804,115,70
19880805,122,92
19880806,151,96
19880807,157,112
19880808,176,64
19880809,166,71
19880810,155,89
19880811,161,68
19880812,162,90
19880813,194,40
19880814,196,75
19880815,217,60
19880816,226,58
19880817,238,60
19880818,247,68
19880819,244,75
19880820,260,118
19880821,258,88
19880822,266,102
19880823,233,104
19880824,234,49
19880825,215,109
19880826,149,52
19880827,132,84
19880828,134,80
19880829,147,26
19880830,135,66
19880831,154,47
19880901,144,89
19880902,175,115
19880903,144,95
19880904,113,91
19880905,109,81
19880906,106,66
19880907,116,48
19880908,98,53
19880909,126,7
19880910,147,-4
19880911,132,5
19880912,154,32
19880913,175,17
19880914,153,82
19880915,140,97
19880916,105,16
19880917,85,-28
19880918,78,40
19880919,102,47
19880920,159,75
19880921,211,35
19880922,228,60
19880923,221,70
19880924,144,26
19880925,103,6
19880926,19,-12
19880927,60,0
19880928,102,-39
19880929,112,-43
19880930,102,-60
19881001,89,-49
19881002,73,-14
19881003,66,33
19881004,63,-11
19881005,18,-9
19881006,6,-49
19881007,16,-28
19881008,11,-14
19881009,29,-1
19881010,36,-64
19881011,70,22
19881012,56,33
19881013,53,34
19881014,80,0
19881015,64,0
19881016,17,-30
19881017,0,-82
19881018,-50,-79
19881019,-39,-73
19881020,-41,-113
19881021,-25,-53
19881022,-29,-161
19881023,-71,-102
19881024,-61,-137
19881025,-64,-117
19881026,-46,-123
19881027,43,-48
19881028,1,-111
19881029,-79,-193
19881030,-84,-186
19881031,-13,-98
19881101,35,-21
19881102,15,-50
19881103,-20,-102
19881104,-54,-148
19881105,-87,-225
19881106,-100,-176
19881107,-95,-140
19881108,-140,-239
19881109,-158,-243
19881110,-124,-205
19881111,-190,-326
19881112,-176,-359
19881113,-115,-200
19881114,-84,-119
19881115,-65,-89
19881116,-77,-97
19881117,-14,-94
19881118,-23,-126
19881119,-122,-181
19881120,-117,-217
19881121,-194,-253
19881122,-242,-331
19881123,-133,-257
19881124,-136,-258
19881125,-54,-147
19881126,-8,-70
19881127,-18,-114
19881128,-7,-107
19881129,-24,-172
19881130,-72,-138
19881201,-21,-134
19881202,-97,-188
19881203,-184,-274
19881204,-110,-196
19881205,-105,-206
19881206,-197,-301
19881207,-272,-339
19881208,-210,-329
19881209,-125,-226
19881210,-120,-168
19881211,-138,-240
19881212,-236,-340
19881213,-332,-381
19881214,-300,-366
19881215,-163,-302
19881216,-181,-248
19881217,-238,-312
19881218,-292,-355
19881219,-270,-331
19881220,-260,-329
19881221,-290,-357
19881222,-278,-365
19881223,-190,-309
19881224,-175,-257
19881225,-180,-247
19881226,-178,-266
19881227,-159,-214
19881228,-125,-227
19881229,-80,-161
19881230,-42,-122
19881231,-70,-262
19890101,-194,-296
19890102,-224,-313
19890103,-178,-236
19890104,-156,-220
19890105,-165,-269
19890106,-207,-341
19890107,-338,-428
19890108,-415,-444
19890109,-368,-445
19890110,-200,-370
19890111,-200,-321
19890112,-168,-353
19890113,-125,-186
19890114,-133,-249
19890115,-220,-290
19890116,-253,-319
19890117,-225,-295
19890118,-224,-380
19890119,-360,-434
19890120,-340,-451
19890121,-290,-342
19890122,-280,-327
19890123,-290,-357
19890124,-308,-356
19890125,-342,-400
19890126,-315,-388
19890127,-223,-319
19890128,-190,-261
19890129,-215,-294
19890130,-150,-348
19890131,-88,-157
19890201,-84,-128
19890202,-74,-142
19890203,-55,-149
19890204,-138,-223
19890205,-105,-177
19890206,-114,-269
19890207,-92,-197
19890208,-36,-96
19890209,-43,-104
19890210,-52,-143
19890211,-55,-144
19890212,-123,-269
19890213,-250,-313
19890214,-254,-322
19890215,-196,-261
19890216,-170,-249
19890217,-154,-233
19890218,-170,-280
19890219,-88,-223
19890220,-111,-208
19890221,-118,-171
19890222,-107,-155
19890223,-109,-264
19890224,-128,-290
19890225,-120,-241
19890226,-118,-210
19890227,-109,-187
19890228,-119,-287
19890301,-160,-318
19890302,-127,-209
19890303,-31,-130
19890304,-19,-84
19890305,-22,-97
19890306,-25,-91
19890307,-45,-188
19890308,-65,-97
19890309,-7,-108
19890310,-7,-49
19890311,-48,-219
19890312,-199,-323
19890313,-140,-261
19890314,-94,-247
19890315,-42,-116
19890316,-71,-200
19890317,-182,-361
19890318,-167,-354
19890319,-144,-343
19890320,-65,-247
19890321,22,-89
19890322,42,-57
19890323,9,-110
19890324,28,-115
19890325,63,-149
19890326,94,-131
19890327,58,-23
19890328,0,-65
19890329,-3,-134
19890330,-5,-108
19890331,32,-33
19890401,12,-120
19890402,-7,-170
19890403,15,-49
19890404,78,-123
19890405,77,-23
19890406,-10,-117
19890407,-29,-190
19890408,83,-63
19890409,80,-34
19890410,37,-62
19890411,-40,-131
19890412,-20,-191
19890413,14,-52
19890414,4,-162
19890415,-19,-131
19890416,-120,-277
19890417,-71,-289
19890418,-40,-226
19890419,-29,-207
19890420,-29,-144
19890421,-80,-231
19890422,-114,-256
19890423,-79,-160
19890424,-50,-136
19890425,47,-94
19890426,104,-18
19890427,91,-71
19890428,44,-131
19890429,74,-54
19890430,55,-12
19890501,43,-4
19890502,8,-47
19890503,59,-41
19890504,52,-36
19890505,77,1
19890506,73,-38
19890507,73,-47
19890508,70,-50
19890509,60,-41
19890510,96,-56
19890511,90,-32
19890512,199,-5
19890513,180,18
19890514,139,25
19890515,125,39
19890516,103,-8
19890517,54,-19
19890518,115,-5
19890519,136,-39
19890520,140,65
19890521,213,8
19890522,215,38
19890523,182,65
19890524,200,16
19890525,226,33
19890526,130,48
19890527,93,7
19890528,79,9
19890529,220,-24
19890530,203,62
19890531,141,11
19890601,201,-19
19890602,235,24
19890603,223,47
19890604,158,-16
19890605,131,45
19890606,80,18
19890607,40,-9
19890608,89,-20
19890609,112,2
19890610,152,-14
19890611,167,26
19890612,115,44
19890613,139,-1
19890614,139,53
19890615,136,16
19890616,77,20
19890617,155,-16
19890618,158,58
19890619,203,25
19890620,233,35
19890621,202,97
19890622,188,58
19890623,195,21
19890624,183,97
19890625,160,25
19890626,205,-22
19890627,259,89
19890628,244,89
19890629,188,91
19890630,198,40
19890701,217,54
19890702,210,62
19890703,165,9
19890704,199,5
19890705,188,8
19890706,254,24
19890707,247,79
19890708,225,21
19890709,304,110
19890710,331,135
19890711,343,146
19890712,330,163
19890713,274,113
19890714,244,120
19890715,259,71
19890716,256,91
19890717,204,99
19890718,175,111
19890719,168,118
19890720,163,51
19890721,211,61
19890722,208,62
19890723,226,89
19890724,272,56
19890725,265,100
19890726,194,108
19890727,177,18
19890728,172,113
19890729,175,93
19890730,156,76
19890731,140,30
19890801,138,61
19890802,200,86
19890803,212,85
19890804,210,100
19890805,216,40
19890806,210,29
19890807,178,91
19890808,135,37
19890809,127,-3
19890810,157,67
19890811,178,61
19890812,135,67
19890813,134,31
19890814,134,39
19890815,162,54
19890816,199,28
19890817,220,44
19890818,227,49
19890819,237,46
19890820,227,100
19890821,219,101
19890822,185,127
19890823,186,100
19890824,180,57
19890825,222,109
19890826,197,61
19890827,150,76
19890828,154,89
19890829,194,36
19890830,209,31
19890831,230,24
19890901,199,103
19890902,125,61
19890903,96,17
19890904,112,61
19890905,114,70
19890906,112,20
19890907,75,-24
19890908,114,-27
19890909,192,20
19890910,185,74
19890911,94,13
19890912,66,-27
19890913,63,-9
19890914,65,-45
19890915,53,-49
19890916,82,-76
19890917,69,-15
19890918,80,7
19890919,37,-97
19890920,30,-17
19890921,26,-33
19890922,5,-98
19890923,63,-5
19890924,101,27
19890925,90,8
19890926,26,-25
19890927,37,-39
19890928,35,4
19890929,58,-12
19890930,37,-13
19891001,13,-21
19891002,12,-34
19891003,43,-7
19891004,123,16
19891005,109,-50
19891006,70,-60
19891007,93,-64
19891008,88,-77
19891009,87,-55
19891010,60,8
19891011,18,-17
19891012,-16,-120
19891013,-67,-133
19891014,-60,-180
19891015,-18,-84
19891016,15,-24
19891017,13,-9
19891018,29,-13
19891019,20,-8
19891020,-2,-70
19891021,17,-75
19891022,8,-46
19891023,-26,-50
19891024,-34,-143
19891025,-120,-244
19891026,-91,-214
19891027,-70,-162
19891028,-40,-92
19891029,-90,-231
19891030,31,-98
19891031,23,-101
19891101,-99,-204
19891102,-137,-204
19891103,-158,-208
19891104,-176,-235
19891105,-210,-307
19891106,-232,-315
19891107,-185,-305
19891108,-100,-193
19891109,-127,-220
19891110,-217,-356
19891111,-283,-364
19891112,-219,-326
19891113,-178,-255
19891114,-91,-203
19891115,-81,-302
19891116,-277,-351
19891117,-187,-300
19891118,-137,-202
19891119,-200,-318
19891120,-70,-211
19891121,-38,-93
19891122,-38,-148
19891123,-26,-156
19891124,-36,-115
19891125,-103,-201
19891126,-78,-177
19891127,-104,-193
19891128,-136,-211
19891129,-56,-139
19891130,-8,-149
19891201,-148,-243
19891202,-240,-367
19891203,-322,-396
19891204,-216,-329
19891205,-200,-235
19891206,-160,-204
19891207,-78,-169
19891208,-72,-194
19891209,-98,-198
19891210,-194,-317
19891211,-246,-315
19891212,-196,-289
19891213,-164,-281
19891214,-164,-310
19891215,-306,-400
19891216,-396,-452
19891217,-291,-438
19891218,-98,-297
19891219,-63,-204
19891220,-84,-218
19891221,-92,-296
19891222,-288,-391
19891223,-206,-336
19891224,-210,-295
19891225,-183,-235
19891226,-187,-296
19891227,-180,-341
19891228,-170,-251
19891229,-228,-268
19891230,-233,-361
19891231,-333,-435
19900101,-155,-336
19900102,-129,-166
19900103,-140,-271
19900104,-238,-292
19900105,-257,-307
19900106,-180,-342
19900107,-340,-385
19900108,-375,-469
19900109,-324,-392
19900110,-325,-363
19900111,-349,-391
19900112,-362,-436
19900113,-355,-396
19900114,-384,-461
19900115,-360,-432
19900116,-359,-423
19900117,-392,-442
19900118,-356,-417
19900119,-387,-462
19900120,-422,-475
19900121,-413,-473
19900122,-405,-467
19900123,-398,-464
19900124,-390,-461
19900125,-400,-462
19900126,-417,-493
19900127,-410,-493
19900128,-416,-498
19900129,-314,-430
19900130,-201,-321
19900131,-162,-216
19900201,-159,-265
19900202,-138,-196
19900203,-160,-226
19900204,-218,-393
19900205,-327,-410
19900206,-332,-386
19900207,-335,-401
19900208,-327,-371
19900209,-327,-409
19900210,-361,-464
19900211,-227,-370
19900212,-170,-269
19900213,-111,-190
19900214,-89,-151
19900215,-92,-201
19900216,-80,-156
19900217,-88,-261
19900218,-242,-370
19900219,-273,-413
19900220,-276,-415
19900221,-192,-346
19900222,-150,-303
19900223,-94,-270
19900224,-88,-290
19900225,-138,-302
19900226,-58,-200
19900227,-19,-79
19900228,-17,-61
19900301,0,-46
19900302,-23,-117
19900303,24,-40
19900304,33,-116
19900305,18,-87
19900306,5,-35
19900307,-1,-53
19900308,-32,-147
19900309,-9,-79
19900310,-1,-66
19900311,-5,-68
19900312,-19,-175
19900313,8,-192
19900314,-3,-76
19900315,-6,-95
19900316,26,-20
19900317,4,-77
19900318,-73,-175
19900319,-50,-178
19900320,-31,-76
19900321,-32,-146
19900322,6,-96
19900323,46,-1
19900324,42,-10
19900325,34,-57
19900326,50,-30
19900327,46,8
19900328,19,-52
19900329,-5,-164
19900330,-53,-180
19900331,-44,-140
19900401,19,-236
19900402,79,-167
19900403,91,-96
19900404,89,-16
19900405,-7,-70
19900406,-13,-162
19900407,11,-89
19900408,-34,-198
19900409,-39,-221
19900410,-57,-232
19900411,-26,-63
19900412,-31,-199
19900413,12,-165
19900414,36,-68
19900415,44,-144
19900416,71,-125
19900417,66,3
19900418,16,-107
19900419,-34,-138
19900420,11,-164
19900421,94,-82
19900422,80,-25
19900423,62,6
19900424,10,-49
19900425,28,-109
19900426,63,-108
19900427,101,-86
19900428,93,-32
19900429,21,-85
19900430,109,-30
19900501,108,-29
19900502,96,17
19900503,91,3
19900504,75,-25
19900505,48,-29
19900506,82,31
19900507,66,-45
19900508,56,-28
19900509,94,-19
19900510,85,27
19900511,175,-4
19900512,93,-13
19900513,173,2
19900514,164,27
19900515,77,12
19900516,78,6
19900517,83,-10
19900518,101,-36
19900519,96,19
19900520,205,22
19900521,263,39
19900522,282,51
19900523,275,58
19900524,260,81
19900525,141,8
19900526,138,30
19900527,154,12
19900528,147,92
19900529,107,32
19900530,77,-6
19900531,72,4
19900601,165,-18
19900602,201,40
19900603,196,58
19900604,168,67
19900605,102,35
19900606,154,-4
19900607,141,44
19900608,168,13
19900609,220,53
19900610,279,72
19900611,296,91
19900612,294,104
19900613,317,93
19900614,320,115
19900615,284,146
19900616,190,84
19900617,178,38
19900618,160,68
19900619,200,61
19900620,237,38
19900621,222,98
19900622,146,28
19900623,145,107
19900624,146,88
19900625,155,53
19900626,188,28
19900627,187,29
19900628,174,118
19900629,196,112
19900630,200,90
19900701,222,77
19900702,220,74
19900703,227,98
19900704,231,141
19900705,255,95
19900706,263,98
19900707,280,90
19900708,306,96
19900709,314,122
19900710,322,122
19900711,312,129
19900712,256,105
19900713,203,56
19900714,222,73
19900715,248,91
19900716,248,158
19900717,289,145
19900718,281,155
19900719,231,132
19900720,185,97
19900721,202,53
19900722,213,124
19900723,242,67
19900724,256,83
19900725,275,101
19900726,277,141
19900727,263,156
19900728,267,142
19900729,278,147
19900730,262,136
19900731,210,160
19900801,204,161
19900802,197,115
19900803,220,116
19900804,244,68
19900805,240,75
19900806,226,83
19900807,228,54
19900808,249,78
19900809,234,149
19900810,266,114
19900811,273,110
19900812,258,131
19900813,255,109
19900814,249,70
19900815,227,60
19900816,236,28
19900817,238,44
19900818,225,97
19900819,139,35
19900820,148,-29
19900821,143,59
19900822,164,3
19900823,190,8
19900824,173,2
19900825,212,77
19900826,226,34
19900827,242,40
19900828,258,56
19900829,262,49
19900830,270,40
19900831,246,57
19900901,195,70
19900902,150,72
19900903,143,64
19900904,149,13
19900905,137,35
19900906,75,-2
19900907,82,16
19900908,86,-3
19900909,100,0
19900910,113,-36
19900911,100,15
19900912,107,12
19900913,122,-37
19900914,122,28
19900915,125,-1
19900916,122,46
19900917,116,56
19900918,58,16
19900919,74,-14
19900920,92,-24
19900921,81,-18
19900922,66,24
19900923,59,20
19900924,49,21
19900925,110,7
19900926,111,69
19900927,95,57
19900928,60,8
19900929,73,24
19900930,86,27
19901001,76,29
19901002,37,4
19901003,56,-4
19901004,40,-27
19901005,-1,-60
19901006,8,-31
19901007,36,5
19901008,42,-2
19901009,59,1
19901010,42,3
19901011,9,-17
19901012,42,-17
19901013,74,22
19901014,60,15
19901015,116,4
19901016,81,30
19901017,68,-25
19901018,3,-33
19901019,12,-19
19901020,4,-51
19901021,-36,-90
19901022,-30,-55
19901023,-35,-65
19901024,-62,-184
19901025,37,-83
19901026,9,-62
19901027,-24,-119
19901028,-99,-168
19901029,-131,-216
19901030,-115,-213
19901031,-131,-234
19901101,-30,-141
19901102,-28,-78
19901103,-56,-193
19901104,-188,-306
19901105,-255,-356
19901106,-268,-376
19901107,-272,-368
19901108,-168,-317
19901109,-92,-174
19901110,-53,-128
19901111,-58,-97
19901112,-76,-114
19901113,-93,-227
19901114,-124,-227
19901115,-98,-189
19901116,-103,-242
19901117,-78,-158
19901118,-154,-243
19901119,-240,-347
19901120,-74,-261
19901121,-2,-87
19901122,-13,-195
19901123,-189,-330
19901124,-104,-299
19901125,-73,-126
19901126,-123,-231
19901127,-226,-341
19901128,-337,-398
19901129,-151,-405
19901130,-66,-156
19901201,-65,-108
19901202,-58,-127
19901203,-122,-163
19901204,-41,-156
19901205,-95,-213
19901206,-139,-200
19901207,-186,-340
19901208,-336,-440
19901209,-370,-426
19901210,-372,-435
19901211,-301,-384
19901212,-191,-305
19901213,-215,-318
19901214,-136,-262
19901215,-116,-154
19901216,-102,-149
19901217,-87,-149
19901218,-108,-312
19901219,-294,-387
19901220,-222,-309
19901221,-225,-388
19901222,-273,-390
19901223,-281,-378
19901224,-336,-381
19901225,-262,-352
19901226,-270,-312
19901227,-255,-329
19901228,-257,-286
19901229,-263,-341
19901230,-340,-377
19901231,-374,-434
19910101,-429,-465
19910102,-424,-458
19910103,-419,-442
19910104,-403,-435
19910105,-414,-446
19910106,-429,-459
19910107,-410,-448
19910108,-316,-423
19910109,-282,-334
19910110,-309,-391
19910111,-391,-433
19910112,-401,-438
19910113,-268,-409
19910114,-212,-273
19910115,-216,-266
19910116,-264,-359
19910117,-213,-339
19910118,-237,-330
19910119,-329,-375
19910120,-344,-422
19910121,-167,-344
19910122,-118,-185
19910123,-103,-134
19910124,-106,-154
19910125,-108,-162
19910126,-77,-112
19910127,-61,-137
19910128,-70,-152
19910129,-129,-243
19910130,-208,-272
19910131,-202,-314
19910201,-260,-329
19910202,-241,-311
19910203,-221,-295
19910204,-250,-350
19910205,-277,-356
19910206,-214,-304
19910207,-249,-335
19910208,-181,-294
19910209,-184,-269
19910210,-200,-268
19910211,-243,-315
19910212,-254,-375
19910213,-292,-413
19910214,-349,-472
19910215,-340,-461
19910216,-339,-469
19910217,-253,-424
19910218,-181,-267
19910219,-194,-305
19910220,-229,-340
19910221,-178,-295
19910222,-164,-305
19910223,-67,-180
19910224,-105,-273
19910225,-188,-337
19910226,-173,-350
19910227,-120,-284
19910228,-95,-211
19910301,-68,-188
19910302,-71,-234
19910303,-158,-287
19910304,-148,-262
19910305,-161,-336
19910306,-175,-351
19910307,-149,-332
19910308,-143,-333
19910309,-126,-336
19910310,-115,-332
19910311,-103,-319
19910312,-89,-306
19910313,-84,-225
19910314,-106,-226
19910315,-101,-258
19910316,-100,-287
19910317,-112,-316
19910318,-100,-317
19910319,-85,-297
19910320,-70,-174
19910321,-58,-103
19910322,-77,-215
19910323,-156,-359
19910324,-133,-337
19910325,-111,-316
19910326,-96,-282
19910327,-60,-247
19910328,-12,-174
19910329,38,-184
19910330,43,-119
19910331,39,-22
19910401,6,-120
19910402,15,-218
19910403,40,-170
19910404,36,-69
19910405,17,-104
19910406,7,-63
19910407,7,-39
19910408,7,-50
19910409,32,-166
19910410,26,-60
19910411,45,-24
19910412,22,-82
19910413,23,-213
19910414,45,-9
19910415,13,-123
19910416,-35,-209
19910417,35,-94
19910418,138,-84
19910419,154,24
19910420,156,-28
19910421,-25,-136
19910422,-52,-105
19910423,14,-189
19910424,37,-87
19910425,63,-15
19910426,93,-66
19910427,64,-24
19910428,-6,-138
19910429,34,-92
19910430,84,-9
19910501,71,-31
19910502,-29,-157
19910503,9,-125
19910504,56,-13
19910505,55,0
19910506,63,8
19910507,87,12
19910508,148,6
19910509,141,-3
19910510,188,27
19910511,167,6
19910512,171,-43
19910513,171,43
19910514,242,56
19910515,242,25
19910516,182,17
19910517,175,33
19910518,96,-14
19910519,23,-38
19910520,26,-65
19910521,32,-39
19910522,62,-27
19910523,49,-2
19910524,83,-42
19910525,115,-39
19910526,133,25
19910527,134,42
19910528,143,0
19910529,130,28
19910530,115,5
19910531,81,33
19910601,125,50
19910602,203,58
19910603,216,38
19910604,283,75
19910605,288,106
19910606,288,88
19910607,166,108
19910608,198,67
19910609,240,67
19910610,221,23
19910611,264,39
19910612,200,123
19910613,164,36
19910614,168,14
19910615,157,92
19910616,280,73
19910617,277,128
19910618,219,104
19910619,224,111
19910620,195,119
19910621,236,118
19910622,177,121
19910623,174,102
19910624,202,84
19910625,188,71
19910626,185,84
19910627,116,65
19910628,121,72
19910629,160,63
19910630,151,49
19910701,199,68
19910702,167,108
19910703,213,103
19910704,205,119
19910705,191,122
19910706,213,123
19910707,254,96
19910708,247,116
19910709,287,110
19910710,318,150
19910711,326,159
19910712,306,182
19910713,289,152
19910714,285,121
19910715,296,152
19910716,272,135
19910717,293,156
19910718,305,139
19910719,291,153
19910720,293,144
19910721,285,148
19910722,264,145
19910723,247,102
19910724,281,73
19910725,275,128
19910726,247,139
19910727,247,135
19910728,298,119
19910729,304,138
19910730,296,154
19910731,264,158
19910801,263,163
19910802,247,132
19910803,216,103
19910804,212,96
19910805,209,125
19910806,248,65
19910807,232,105
19910808,209,93
19910809,176,77
19910810,170,45
19910811,246,103
19910812,225,127
19910813,176,102
19910814,189,93
19910815,197,96
19910816,183,114
19910817,179,132
19910818,169,125
19910819,173,97
19910820,158,96
19910821,143,67
19910822,145,24
19910823,161,73
19910824,159,78
19910825,184,114
19910826,150,117
19910827,148,50
19910828,130,62
19910829,104,62
19910830,146,54
19910831,156,-7
19910901,176,9
19910902,191,7
19910903,202,38
19910904,185,21
19910905,181,1
19910906,169,88
19910907,128,99
19910908,185,102
19910909,177,33
19910910,188,39
19910911,195,43
19910912,203,30
19910913,163,36
19910914,147,16
19910915,165,-4
19910916,173,-8
19910917,186,-7
19910918,177,-8
19910919,152,56
19910920,138,98
19910921,106,-6
19910922,93,21
19910923,82,57
19910924,73,-4
19910925,87,-7
19910926,72,3
19910927,50,-1
19910928,58,14
19910929,108,-25
19910930,68,28
19911001,124,60
19911002,125,12
19911003,38,4
19911004,42,4
19911005,103,32
19911006,74,1
19911007,4,-71
19911008,7,-42
19911009,-25,-115
19911010,-37,-172
19911011,2,-145
19911012,10,-35
19911013,-7,-55
19911014,-40,-84
19911015,-26,-54
19911016,-35,-104
19911017,-58,-177
19911018,-45,-88
19911019,32,-50
19911020,38,6
19911021,88,11
19911022,63,-87
19911023,-84,-168
19911024,-112,-200
19911025,-120,-222
19911026,-33,-127
19911027,-38,-76
19911028,-39,-72
19911029,-14,-112
19911030,-16,-179
19911031,-135,-204
19911101,-199,-272
19911102,-178,-291
19911103,-113,-201
19911104,-125,-191
19911105,-132,-240
19911106,-122,-209
19911107,-76,-125
19911108,-54,-122
19911109,-26,-78
19911110,-30,-54
19911111,-48,-125
19911112,-89,-155
19911113,-86,-122
19911114,-42,-148
19911115,-44,-77
19911116,-10,-56
19911117,-26,-65
19911118,-9,-39
19911119,-22,-117
19911120,-110,-256
19911121,-244,-362
19911122,-325,-377
19911123,-153,-338
19911124,-102,-169
19911125,-75,-139
19911126,-85,-249
19911127,-120,-266
19911128,-101,-257
19911129,-245,-401
19911130,-341,-396
19911201,-389,-467
19911202,-297,-480
19911203,-263,-308
19911204,-306,-427
19911205,-427,-472
19911206,-448,-481
19911207,-451,-477
19911208,-448,-477
19911209,-443,-470
19911210,-331,-463
19911211,-240,-336
19911212,-279,-401
19911213,-366,-437
19911214,-280,-382
19911215,-218,-317
19911216,-295,-356
19911217,-187,-312
19911218,-91,-192
19911219,-71,-258
19911220,-220,-265
19911221,-192,-244
19911222,-235,-335
19911223,-333,-431
19911224,-384,-437
19911225,-148,-390
19911226,-106,-151
19911227,-93,-142
19911228,-129,-255
19911229,-251,-348
19911230,-230,-321
19911231,-241,-354
19920101,-215,-369
19920102,-185,-222
19920103,-196,-360
19920104,-259,-364
19920105,-264,-338
19920106,-270,-363
19920107,-204,-274
19920108,-76,-248
19920109,-75,-167
19920110,-132,-207
19920111,-139,-260
19920112,-138,-292
19920113,-17,-143
19920114,-37,-135
19920115,-129,-273
19920116,-161,-305
19920117,-102,-167
19920118,-148,-247
19920119,-143,-260
19920120,-167,-252
19920121,-214,-249
19920122,-152,-219
19920123,-132,-181
19920124,-174,-203
19920125,-174,-316
19920126,-308,-365
19920127,-267,-337
19920128,-140,-278
19920129,-107,-178
19920130,-97,-167
19920131,-103,-256
19920201,-223,-333
19920202,-137,-231
19920203,-135,-193
19920204,-141,-186
19920205,-142,-231
19920206,-66,-149
19920207,-93,-154
19920208,-104,-191
19920209,-154,-248
19920210,-138,-239
19920211,-181,-285
19920212,-105,-234
19920213,-58,-116
19920214,-72,-151
19920215,-126,-232
19920216,-175,-240
19920217,-184,-264
19920218,-101,-196
19920219,-86,-191
19920220,-49,-93
19920221,-53,-196
19920222,-58,-144
19920223,-90,-196
19920224,-174,-327
19920225,-219,-363
19920226,-236,-350
19920227,-256,-395
19920228,-247,-407
19920229,-203,-347
19920301,-155,-257
19920302,-179,-302
19920303,-199,-357
19920304,-172,-353
19920305,-78,-184
19920306,-90,-166
19920307,-124,-229
19920308,-131,-205
19920309,-115,-277
19920310,-53,-134
19920311,-50,-109
19920312,-83,-254
19920313,-78,-253
19920314,-72,-222
19920315,-42,-111
19920316,-42,-223
19920317,-29,-185
19920318,-9,-220
19920319,9,-204
19920320,23,-212
19920321,26,-177
19920322,6,-122
19920323,12,-45
19920324,10,-78
19920325,-16,-138
19920326,-2,-78
19920327,-16,-68
19920328,-24,-105
19920329,-55,-249
19920330,-35,-211
19920331,-31,-129
19920401,-101,-249
19920402,-115,-312
19920403,-93,-327
19920404,-71,-290
19920405,-23,-104
19920406,-35,-106
19920407,-46,-199
19920408,-53,-247
19920409,-46,-161
19920410,-43,-148
19920411,-28,-246
19920412,-11,-235
19920413,44,-162
19920414,34,-27
19920415,32,-12
19920416,-2,-66
19920417,19,-170
19920418,69,-24
19920419,64,-71
19920420,-17,-142
19920421,-22,-106
19920422,-31,-181
19920423,-33,-192
19920424,-4,-56
19920425,6,-163
19920426,30,-166
19920427,51,-136
19920428,37,-106
19920429,36,-48
19920430,29,-41
19920501,21,-51
19920502,49,-118
19920503,49,-95
19920504,67,-71
19920505,55,-63
19920506,67,-72
19920507,68,-65
19920508,134,8
19920509,118,-1
19920510,99,6
19920511,151,48
19920512,116,12
19920513,167,15
19920514,171,12
19920515,222,-5
19920516,234,20
19920517,164,-10
19920518,206,18
19920519,223,24
19920520,263,54
19920521,258,77
19920522,239,100
19920523,236,87
19920524,133,-12
19920525,199,9
19920526,187,45
19920527,177,15
19920528,94,17
19920529,63,-11
19920530,73,15
19920531,55,-28
19920601,52,-36
19920602,28,-71
19920603,107,-76
19920604,201,-6
19920605,196,67
19920606,156,69
19920607,186,83
19920608,130,23
19920609,121,22
19920610,160,15
19920611,165,59
19920612,149,7
19920613,144,66
19920614,138,30
19920615,136,61
19920616,145,43
19920617,185,24
19920618,220,22
19920619,235,86
19920620,226,92
19920701,302,117
19920702,233,34
19920703,221,122
19920704,177,82
19920705,214,88
19920706,272,105
19920707,280,121
19920708,301,130
19920709,301,135
19920710,251,147
19920711,234,98
19920712,223,112
19920713,202,139
19920714,253,85
19920715,245,109
19920716,161,81
19920717,204,105
19920718,259,53
19920719,249,124
19920720,228,67
19920801,215,110
19920802,227,96
19920803,233,129
19920804,267,64
19920805,275,57
19920806,263,65
19920807,243,79
19920808,238,101
19920809,237,95
19920810,253,84
19920811,265,87
19920812,294,92
19920813,305,98
19920814,295,137
19920815,290,107
19920816,293,100
19920817,277,104
19920818,263,140
19920819,192,100
19920820,217,96
19920821,194,121
19920822,171,123
19920823,179,74
19920824,211,57
19920825,209,62
19920826,217,24
19920827,203,91
19920828,188,52
19920829,161,89
19920830,148,58
19920831,81,-16
19920901,84,-32
19920902,65,27
19920903,70,46
19920904,64,29
19920905,90,37
19920906,143,10
19920907,140,42
19920908,175,73
19920909,156,19
19920910,141,34
19920911,135,13
19920912,167,91
19920913,157,0
19920914,136,46
19920915,122,67
19920916,128,61
19920917,124,-25
19920918,110,-13
19920919,93,-5
19920920,67,17
19920921,110,-14
19920922,94,-52
19920923,55,-38
19920924,58,-15
19920925,47,-24
19920926,57,-8
19920927,31,-81
19920928,-9,-136
19920929,-26,-65
19920930,-41,-72
19921001,-44,-125
19921002,3,-76
19921003,46,0
19921004,82,42
19921005,76,17
19921006,47,7
19921007,39,-3
19921008,7,-39
19921009,2,-83
19921010,37,-1
19921011,63,15
19921012,54,8
19921013,106,-7
19921014,98,27
19921015,134,12
19921016,102,-13
19921017,38,-94
19921018,-67,-174
19921019,-32,-163
19921020,-10,-54
19921021,-4,-117
19921022,-6,-84
19921023,21,-115
19921024,17,-26
19921025,66,6
19921026,85,6
19921027,68,-14
19921028,-11,-155
19921029,-100,-162
19921030,-152,-226
19921031,-119,-199
19921101,-1,-122
19921102,-36,-224
19921103,-219,-330
19921104,-251,-372
19921105,-243,-333
19921106,-160,-288
19921107,-119,-163
19921108,-36,-148
19921109,-33,-104
19921110,-51,-249
19921111,-229,-318
19921112,-134,-234
19921113,-137,-236
19921114,-215,-268
19921115,-228,-283
19921116,-199,-278
19921117,-202,-262
19921118,-209,-290
19921119,-154,-238
19921120,-168,-233
19921201,-334,-397
19921202,-385,-428
19921203,-285,-387
19921204,-287,-368
19921205,-360,-411
19921206,-389,-422
19921207,-372,-410
19921208,-314,-377
19921209,-259,-336
19921210,-269,-357
19921211,-319,-407
19921212,-213,-330
19921213,-114,-217
19921214,-103,-136
19921215,-109,-140
19921216,-125,-164
19921217,-109,-134
19921218,-99,-136
19921219,-116,-352
19921220,-305,-377
19921221,-294,-402
19921222,-134,-299
19921223,-111,-166
19921224,-124,-263
19921225,-260,-320
19921226,-126,-291
19921227,-128,-144
19921228,-138,-291
19921229,-229,-306
19921230,-224,-282
19921231,-212,-314
19930101,-241,-345
19930102,-132,-249
19930103,-131,-197
19930104,-191,-364
19930105,-302,-393
19930106,-268,-321
19930107,-283,-393
19930108,-360,-400
19930109,-212,-365
19930110,-175,-257
19930111,-239,-312
19930112,-227,-286
19930113,-266,-380
19930114,-303,-372
19930115,-139,-316
19930116,-105,-189
19930117,-185,-250
19930118,-193,-240
19930119,-212,-263
19930120,-201,-263
19930121,-139,-237
19930122,-129,-198
19930123,-109,-217
19930124,-213,-331
19930125,-324,-391
19930126,-142,-351
19930127,-37,-145
19930128,-40,-73
19930129,-39,-118
19930130,-113,-246
19930131,-193,-316
19930201,-122,-229
19930202,-148,-246
19930203,-207,-286
19930204,-164,-253
19930205,-195,-332
19930206,-103,-278
19930207,-47,-118
19930208,-11,-49
19930209,-45,-120
19930210,-116,-215
19930211,-200,-319
19930212,-223,-319
19930213,-226,-312
19930214,-242,-356
19930215,-256,-363
19930216,-162,-344
19930217,-93,-197
19930218,-105,-190
19930219,-154,-287
19930220,-133,-299
19930221,-122,-302
19930222,-141,-291
19930223,-118,-287
19930224,-144,-310
19930225,-97,-274
19930226,-69,-212
19930227,-63,-145
19930228,-44,-148
19930301,-43,-196
19930302,-64,-214
19930303,-80,-169
19930304,-80,-191
19930305,-36,-109
19930306,-48,-83
19930307,-79,-190
19930308,-97,-207
19930309,-172,-348
19930310,-38,-234
19930311,-63,-228
19930312,-20,-134
19930313,13,-176
19930314,5,-121
19930315,23,-101
19930316,15,-167
19930317,14,-107
19930318,-15,-136
19930319,-36,-211
19930320,-2,-55
19930321,11,-29
19930322,36,-29
19930323,56,-98
19930324,64,-122
19930325,46,-97
19930326,43,-57
19930327,34,-65
19930328,-5,-44
19930329,15,-143
19930330,1,-98
19930331,-10,-110
19930401,-69,-198
19930402,-69,-114
19930403,-79,-194
19930404,-191,-317
19930405,-126,-302
19930406,-28,-166
19930407,10,-113
19930408,43,-101
19930409,56,-69
19930410,29,-66
19930411,14,-132
19930412,44,-11
19930413,48,-21
19930414,148,15
19930415,130,36
19930416,46,-132
19930417,-2,-81
19930418,122,-53
19930419,10,-108
19930420,-20,-137
19930421,18,-109
19930422,16,-49
19930423,34,-49
19930424,44,-28
19930425,54,-72
19930426,79,-88
19930427,94,-84
19930428,114,-53
19930429,126,-36
19930430,135,-29
19930501,144,-29
19930502,136,-2
19930503,35,-49
19930504,13,-71
19930505,2,-53
19930506,-6,-52
19930507,13,-130
19930508,-1,-83
19930509,43,-75
19930510,46,-70
19930511,57,-51
19930512,44,-22
19930513,52,1
19930514,43,-3
19930515,64,-47
19930516,79,-1
19930517,64,-35
19930518,44,-17
19930519,-11,-84
19930520,-13,-73
19930521,16,-36
19930522,75,-1
19930523,139,-35
19930524,144,42
19930525,57,-28
19930526,88,8
19930527,75,-8
19930528,164,29
19930529,162,53
19930530,212,17
19930531,202,50
19930601,154,36
19930602,142,29
19930603,206,26
19930604,211,63
19930605,211,55
19930606,206,65
19930607,238,92
19930608,210,67
19930609,207,73
19930610,204,85
19930611,230,82
19930612,256,56
19930613,238,98
19930614,148,71
19930615,143,71
19930616,204,2
19930617,197,69
19930618,112,19
19930619,117,34
19930620,145,27
19930621,174,32
19930622,172,11
19930623,190,96
19930624,237,54
19930625,260,78
19930626,261,110
19930627,262,85
19930628,258,118
19930629,217,125
19930630,232,122
19930701,230,62
19930702,266,63
19930703,248,157
19930704,272,83
19930705,296,110
19930706,291,115
19930707,301,106
19930708,318,130
19930709,330,153
19930710,306,130
19930711,282,150
19930712,300,102
19930713,295,134
19930714,291,109
19930715,172,83
19930716,143,38
19930717,235,93
19930718,232,95
19930719,257,76
19930720,243,134
19930721,290,115
19930722,308,126
19930723,322,159
19930724,307,150
19930725,290,142
19930726,274,139
19930727,266,143
19930728,216,105
19930729,128,74
19930730,160,32
19930731,251,123
19930801,245,129
19930802,248,93
19930803,241,89
19930804,187,114
19930805,194,96
19930806,187,65
19930807,187,65
19930808,200,28
19930809,216,39
19930810,216,80
19930811,207,113
19930812,228,84
19930813,236,59
19930814,218,86
19930815,251,100
19930816,198,125
19930817,200,56
19930818,178,100
19930819,224,57
19930820,248,41
19930821,260,38
19930822,263,45
19930823,243,59
19930824,201,61
19930825,156,54
19930826,163,35
19930827,147,15
19930828,147,107
19930829,129,67
19930830,173,110
19930831,132,45
19930901,99,-23
19930902,116,73
19930903,115,52
19930904,106,-7
19930905,113,-1
19930906,118,7
19930907,130,12
19930908,126,-17
19930909,108,20
19930910,125,-43
19930911,145,-6
19930912,125,-42
19930913,136,4
19930914,120,27
19930915,94,45
19930916,134,1
19930917,124,-4
19930918,103,54
19930919,88,40
19930920,54,17
19930921,88,40
19930922,91,23
19930923,77,14
19930924,29,5
19930925,40,-50
19930926,52,-49
19930927,82,13
19930928,101,40
19930929,91,3
19930930,29,-12
19931001,27,-5
19931002,17,-30
19931003,22,-17
19931004,63,-3
19931005,41,-26
19931006,-6,-33
19931007,-4,-46
19931008,-38,-78
19931009,-1,-57
19931010,-10,-84
19931011,-37,-101
19931012,-16,-52
19931013,10,-28
19931014,4,-85
19931015,-66,-192
19931016,-6,-90
19931017,78,-13
19931018,63,-3
19931019,7,-38
19931020,44,-87
19931021,34,-49
19931022,-14,-94
19931023,-45,-160
19931024,-66,-183
19931025,17,-73
19931026,-7,-88
19931027,-58,-148
19931028,19,-64
19931029,4,-55
19931030,-46,-165
19931031,-30,-140
19931101,-54,-109
19931102,-98,-216
19931103,-104,-160
19931104,-75,-152
19931105,-44,-135
19931106,-50,-135
19931107,-120,-239
19931108,-166,-237
19931109,-169,-242
19931110,-170,-218
19931111,-184,-297
19931112,-291,-378
19931113,-340,-418
19931114,-157,-347
19931115,-162,-189
19931116,-171,-245
19931117,-241,-342
19931118,-305,-372
19931119,-252,-307
19931120,-289,-376
19931121,-244,-383
19931122,-182,-253
19931123,-151,-245
19931124,-108,-160
19931125,-56,-158
19931126,-42,-199
19931127,-47,-107
19931128,-93,-159
19931129,-155,-266
19931130,-231,-282
19931201,-186,-330
19931202,-59,-190
19931203,-62,-131
19931204,-79,-155
19931205,-145,-257
19931206,-224,-300
19931207,-191,-251
19931208,-246,-346
19931209,-306,-348
19931210,-303,-340
19931211,-328,-363
19931212,-361,-427
19931213,-302,-421
19931214,-287,-339
19931215,-315,-387
19931216,-192,-319
19931217,-148,-219
19931218,-163,-356
19931219,-244,-372
19931220,-172,-251
19931221,-153,-211
19931222,-146,-199
19931223,-145,-195
19931224,-182,-261
19931225,-234,-294
19931226,-226,-294
19931227,-213,-314
19931228,-215,-319
19931229,-222,-325
19931230,-221,-297
19931231,-259,-388
19940101,-384,-475
19940102,-468,-528
19940103,-523,-548
19940104,-512,-548
19940105,-483,-525
19940106,-466,-499
19940107,-444,-477
19940108,-450,-482
19940109,-468,-512
19940110,-431,-498
19940111,-362,-437
19940112,-362,-394
19940113,-367,-398
19940114,-351,-377
19940115,-374,-469
19940116,-330,-458
19940117,-303,-380
19940118,-273,-326
19940119,-210,-283
19940120,-135,-223
19940121,-159,-274
19940122,-187,-232
19940123,-173,-293
19940124,-263,-347
19940125,-252,-279
19940126,-208,-261
19940127,-227,-297
19940128,-163,-256
19940129,-183,-246
19940130,-190,-295
19940131,-96,-272
19940201,-87,-160
19940202,-77,-140
19940203,-87,-222
19940204,-217,-368
19940205,-327,-436
19940206,-333,-443
19940207,-320,-428
19940208,-275,-374
19940209,-294,-386
19940210,-268,-394
19940211,-200,-273
19940212,-224,-327
19940213,-260,-347
19940214,-254,-371
19940215,-187,-289
19940216,-192,-237
19940217,-173,-251
19940218,-167,-287
19940219,-194,-308
19940220,-183,-237
19940221,-215,-338
19940222,-306,-433
19940223,-288,-432
19940224,-246,-385
19940225,-230,-399
19940226,-190,-307
19940227,-129,-230
19940228,-107,-243
19940301,-114,-278
19940302,-93,-267
19940303,-99,-197
19940304,-114,-234
19940305,-117,-264
19940306,-138,-292
19940307,-114,-180
19940308,-97,-184
19940309,-92,-248
19940310,-75,-295
19940311,-65,-237
19940312,-64,-100
19940313,-59,-106
19940314,-24,-191
19940315,-17,-113
19940316,2,-77
19940317,-26,-205
19940318,-55,-199
19940319,-120,-198
19940320,-104,-222
19940321,-68,-155
19940322,-32,-125
19940323,16,-107
19940324,34,-104
19940325,17,-73
19940326,-4,-82
19940327,24,-153
19940328,33,-67
19940329,21,-16
19940330,26,-18
19940331,-2,-62
19940401,-27,-172
19940402,-37,-67
19940403,-30,-170
19940404,-23,-251
19940405,-9,-220
19940406,-25,-160
19940407,-1,-35
19940408,0,-44
19940409,19,-76
19940410,36,-81
19940411,27,-38
19940412,9,-130
19940413,-16,-213
19940414,-30,-200
19940415,-38,-193
19940416,-16,-206
19940417,11,-161
19940418,28,-107
19940419,24,-24
19940420,-3,-48
19940421,46,-151
19940422,49,-134
19940423,44,-8
19940424,32,-5
19940425,44,-92
19940426,55,-96
19940427,45,-10
19940428,34,-15
19940429,22,-52
19940430,61,-117
19940501,52,3
19940502,62,9
19940503,86,11
19940504,91,27
19940505,69,-25
19940506,60,0
19940507,52,7
19940508,29,-86
19940509,-38,-112
19940510,23,-173
19940511,22,-42
19940512,28,-120
19940513,42,-35
19940514,114,-60
19940515,146,-31
19940516,165,-13
19940517,152,36
19940518,42,-5
19940519,96,-7
19940520,73,0
19940521,107,-46
19940522,101,23
19940523,101,-5
19940524,57,-17
19940525,33,-28
19940526,110,21
19940527,178,-25
19940528,180,21
19940529,163,58
19940530,146,17
19940531,196,4
19940601,220,19
19940602,195,54
19940603,89,24
19940604,165,-24
19940605,155,80
19940606,170,11
19940607,170,87
19940608,216,97
19940609,196,88
19940610,267,102
19940611,290,81
19940612,286,100
19940613,174,101
19940614,122,33
19940615,145,17
19940616,185,11
19940617,192,48
19940618,191,73
19940619,195,150
19940620,254,136
19940621,230,123
19940622,270,90
19940623,280,96
19940624,265,119
19940625,232,142
19940626,271,118
19940627,293,92
19940628,323,100
19940629,321,124
19940630,299,190
19940701,241,83
19940702,218,84
19940703,249,84
19940704,298,155
19940705,302,168
19940706,319,110
19940707,325,113
19940708,327,152
19940709,343,166
19940710,337,196
19940711,311,182
19940712,292,154
19940713,301,163
19940714,296,185
19940715,267,123
19940716,276,154
19940717,298,123
19940718,298,154
19940719,190,150
19940720,232,156
19940721,239,147
19940722,215,150
19940723,215,143
19940724,188,71
19940725,166,20
19940726,196,25
19940727,233,54
19940728,227,68
19940729,243,40
19940730,251,58
19940731,249,71
19940801,278,78
19940802,284,90
19940803,271,87
19940804,238,93
19940805,223,95
19940806,211,91
19940807,147,81
19940808,153,24
19940809,197,40
19940810,238,29
19940811,241,65
19940812,243,37
19940813,258,36
19940814,244,88
19940815,153,32
19940816,162,84
19940817,156,110
19940818,245,108
19940819,256,74
19940820,253,76
19940821,260,67
19940822,243,54
19940823,196,62
19940824,187,55
19940825,179,21
19940826,182,27
19940827,195,7
19940828,176,101
19940829,106,77
19940830,149,65
19940831,160,19
19940901,202,18
19940902,176,42
19940903,209,65
19940904,186,52
19940905,181,53
19940906,162,31
19940907,97,41
19940908,126,48
19940909,127,68
19940910,103,36
19940911,61,-42
19940912,78,50
19940913,78,34
19940914,102,-10
19940915,83,27
19940916,110,43
19940917,114,39
19940918,154,81
19940919,119,-21
19940920,94,12
19940921,66,-15
19940922,22,-61
19940923,18,-8
19940924,0,-68
19940925,34,-8
19940926,63,12
19940927,47,7
19940928,62,36
19940929,45,-24
19940930,-6,-46
19941001,74,-20
19941002,122,2
19941003,104,-16
19941004,76,31
19941005,112,-13
19941006,101,-21
19941007,65,4
19941008,42,-11
19941009,28,-44
19941010,46,-20
19941011,19,-29
19941012,-2,-76
19941013,-5,-138
19941014,16,-120
19941015,64,-2
19941016,76,-11
19941017,63,-39
19941018,50,-104
19941019,69,-80
19941020,87,-14
19941021,86,-21
19941022,39,-52
19941023,-4,-78
19941024,-28,-94
19941025,-23,-51
19941026,-15,-76
19941027,-70,-192
19941028,-96,-145
19941029,-114,-212
19941030,-79,-212
19941031,-121,-187
19941101,-183,-330
19941102,-227,-333
19941103,-204,-270
19941104,-238,-355
19941105,-216,-339
19941106,-178,-239
19941107,-209,-317
19941108,-242,-350
19941109,-175,-280
19941110,-192,-265
19941111,-219,-300
19941112,-251,-324
19941113,-105,-285
19941114,-51,-185
19941115,-28,-177
19941116,-130,-240
19941117,-106,-205
19941118,-112,-163
19941119,-82,-137
19941120,-60,-153
19941121,-48,-200
19941122,-76,-164
19941123,-87,-166
19941124,-49,-205
19941125,1,-119
19941126,-95,-195
19941127,-93,-166
19941128,-163,-354
19941129,-350,-431
19941130,-369,-420
19941201,-367,-428
19941202,-242,-383
19941203,-191,-274
19941204,-165,-211
19941205,-141,-185
19941206,-156,-311
19941207,-230,-319
19941208,-237,-361
19941209,-355,-413
19941210,-358,-418
19941211,-352,-388
19941212,-374,-396
19941213,-380,-406
19941214,-391,-432
19941215,-404,-438
19941216,-403,-436
19941217,-400,-432
19941218,-364,-454
19941219,-198,-373
19941220,-196,-321
19941221,-288,-347
19941222,-284,-363
19941223,-357,-425
19941224,-423,-491
19941225,-462,-510
19941226,-400,-483
19941227,-349,-403
19941228,-302,-363
19941229,-205,-309
19941230,-111,-209
19941231,-128,-163
19950101,-128,-231
19950102,-74,-218
19950103,-32,-83
19950104,-9,-52
19950105,-15,-70
19950106,-60,-153
19950107,-91,-224
19950108,-219,-306
19950109,-304,-387
19950110,-254,-366
19950111,-256,-309
19950112,-175,-292
19950113,-201,-250
19950114,-197,-243
19950115,-218,-327
19950116,-285,-367
19950117,-125,-294
19950118,-118,-153
19950119,-103,-144
19950120,-124,-218
19950121,-213,-358
19950122,-220,-318
19950123,-223,-337
19950124,-255,-332
19950125,-201,-296
19950126,-195,-246
19950127,-181,-247
19950128,-183,-251
19950129,-225,-342
19950130,-283,-368
19950131,-254,-332
19950201,-217,-282
19950202,-188,-289
19950203,-224,-322
19950204,-159,-271
19950205,-89,-190
19950206,-105,-175
19950207,-57,-108
19950208,-30,-94
19950209,-52,-100
19950210,-90,-240
19950211,-159,-263
19950212,-139,-252
19950213,-140,-272
19950214,-145,-244
19950215,-169,-268
19950216,-192,-329
19950217,-223,-363
19950218,-217,-368
19950219,-155,-287
19950220,-134,-274
19950221,-156,-268
19950222,-130,-236
19950223,-124,-237
19950224,-87,-192
19950225,-106,-224
19950226,-154,-270
19950227,-87,-157
19950228,-118,-258
19950301,-55,-147
19950302,-9,-116
19950303,1,-54
19950304,-30,-85
19950305,-57,-241
19950306,-95,-265
19950307,-128,-315
19950308,-62,-135
19950309,-83,-257
19950310,-233,-371
19950311,-244,-408
19950312,-196,-411
19950313,-165,-363
19950314,-184,-322
19950315,-168,-386
19950316,-1,-177
19950317,-16,-44
19950318,-14,-156
19950319,-43,-180
19950320,-45,-277
19950321,-2,-268
19950322,-22,-226
19950323,-2,-180
19950324,13,-32
19950325,42,-72
19950326,23,-65
19950327,48,-37
19950328,77,-36
19950329,101,-89
19950330,77,-56
19950331,101,-66
19950401,97,-52
19950402,87,-54
19950403,67,-49
19950404,38,-98
19950405,31,-15
19950406,39,1
19950407,61,-87
19950408,43,-98
19950409,49,-100
19950410,81,-103
19950411,76,-38
19950412,50,-29
19950413,-3,-134
19950414,5,-54
19950415,38,-66
19950416,57,-111
19950417,55,5
19950418,16,-39
19950419,29,-51
19950420,32,-102
19950421,94,-21
19950422,104,-4
19950423,50,-45
19950424,64,-18
19950425,53,-46
19950426,52,-112
19950427,56,-15
19950428,31,-37
19950429,34,-77
19950430,54,-59
19950501,74,-92
19950502,83,-32
19950503,183,10
19950504,216,27
19950505,147,38
19950506,48,-33
19950507,25,-55
19950508,83,-50
19950509,76,14
19950510,73,25
19950511,62,-46
19950512,25,-28
19950513,43,-99
19950514,94,-23
19950515,103,-2
19950516,84,-26
19950517,43,-31
19950518,56,-4
19950519,86,-41
19950520,129,-15
19950521,126,2
19950522,117,17
19950523,115,7
19950524,171,58
19950525,156,46
19950526,102,5
19950527,151,-10
19950528,150,68
19950529,115,7
19950530,205,-20
19950531,206,26
19950601,171,24
19950602,78,-24
19950603,97,-22
19950604,129,40
19950605,122,46
19950606,101,37
19950607,135,53
19950608,149,69
19950609,127,46
19950610,135,24
19950611,138,19
19950612,136,14
19950613,167,43
19950614,158,88
19950615,136,30
19950616,151,21
19950617,157,40
19950618,122,54
19950619,160,47
19950620,165,72
19950621,198,60
19950622,211,80
19950623,213,87
19950624,207,105
19950625,188,113
19950626,185,85
19950627,176,109
19950628,188,91
19950629,260,98
19950630,247,133
19950701,230,121
19950702,225,39
19950703,221,66
19950704,190,77
19950705,208,79
19950706,231,66
19950707,221,72
19950708,168,77
19950709,196,66
19950710,244,57
19950711,266,81
19950712,290,93
19950713,283,110
19950714,250,142
19950715,275,59
19950716,255,138
19950717,226,120
19950718,285,91
19950719,297,166
19950720,220,148
19950721,181,74
19950722,173,96
19950723,218,103
19950724,267,118
19950725,252,120
19950726,265,105
19950727,277,103
19950728,282,99
19950729,298,107
19950730,295,140
19950731,309,91
19950801,293,126
19950802,243,62
19950803,257,75
19950804,233,156
19950805,179,52
19950806,165,17
19950807,267,93
19950808,286,98
19950809,278,123
19950810,280,108
19950811,277,73
19950812,280,82
19950813,287,72
19950814,273,91
19950815,247,104
19950816,257,111
19950817,238,126
19950818,225,149
19950819,243,103
19950820,222,123
19950821,211,126
19950822,213,69
19950823,162,112
19950824,194,13
19950825,205,131
19950826,164,89
19950827,173,43
19950828,188,25
19950829,179,38
19950830,150,89
19950831,176,85
19950901,172,112
19950902,207,45
19950903,212,56
19950904,174,83
19950905,113,34
19950906,89,19
19950907,60,32
19950908,88,18
19950909,117,20
19950910,115,31
19950911,64,13
19950912,56,2
19950913,84,18
19950914,79,36
19950915,220,61
19950916,223,90
19950917,207,64
19950918,79,15
19950919,36,0
19950920,57,-3
19950921,59,-7
19950922,67,37
19950923,114,-29
19950924,109,47
19950925,84,32
19950926,54,12
19950927,48,18
19950928,40,-3
19950929,50,3
19950930,16,-56
19951001,62,-1
19951002,43,-21
19951003,30,-85
19951004,15,-27
19951005,19,-13
19951006,35,-37
19951007,36,-11
19951008,50,-15
19951009,-3,-44
19951010,-34,-75
19951011,-27,-74
19951012,-37,-110
19951013,4,-60
19951014,47,-1
19951015,54,-14
19951016,-5,-42
19951017,62,-27
19951018,37,-51
19951019,-24,-88
19951020,12,-41
19951021,31,-17
19951022,35,14
19951023,34,15
19951024,26,-5
19951025,1,-113
19951026,-27,-141
19951027,-59,-138
19951028,-77,-158
19951029,-77,-146
19951030,-84,-183
19951031,15,-93
19951101,12,-105
19951102,-78,-217
19951103,-39,-85
19951104,-8,-126
19951105,-117,-199
19951106,-147,-231
19951107,-103,-184
19951108,-34,-111
19951109,-37,-68
19951110,-43,-173
19951111,-173,-258
19951112,-167,-256
19951113,-151,-319
19951114,-21,-157
19951115,-85,-215
19951116,-90,-159
19951117,-94,-166
19951118,-82,-174
19951119,-24,-115
19951120,-22,-206
19951121,-203,-326
19951122,-62,-229
19951123,-33,-155
19951124,-85,-163
19951125,-97,-163
19951126,-96,-120
19951127,-100,-228
19951128,-94,-194
19951129,-82,-248
19951130,-244,-306
19951201,-266,-360
19951202,-171,-334
19951203,-133,-192
19951204,-161,-253
19951205,-163,-253
19951206,-163,-282
19951207,-194,-272
19951208,-145,-222
19951209,-150,-220
19951210,-204,-296
19951211,-212,-298
19951212,-202,-249
19951213,-205,-279
19951214,-201,-308
19951215,-118,-219
19951216,-119,-158
19951217,-126,-166
19951218,-112,-147
19951219,-128,-219
19951220,-187,-256
19951221,-157,-290
19951222,-157,-259
19951223,-177,-280
19951224,-149,-205
19951225,-81,-189
19951226,-183,-368
19951227,-118,-357
19951228,-67,-183
19951229,-47,-262
19951230,-238,-331
19951231,-171,-297
19960101,-206,-327
19960102,-321,-442
19960103,-262,-411
19960104,-274,-334
19960105,-331,-409
19960106,-406,-494
19960107,-315,-451
19960108,-314,-372
19960109,-371,-449
19960110,-407,-483
19960111,-362,-468
19960112,-370,-455
19960113,-274,-372
19960114,-230,-280
19960115,-277,-383
19960116,-305,-353
19960117,-175,-326
19960118,-179,-203
19960119,-160,-211
19960120,-180,-222
19960121,-200,-289
19960122,-273,-337
19960123,-234,-334
19960124,-159,-242
19960125,-151,-255
19960126,-248,-328
19960127,-325,-448
19960128,-366,-437
19960129,-292,-382
19960130,-213,-297
19960131,-165,-239
19960201,-177,-283
19960202,-276,-388
19960203,-289,-402
19960204,-213,-337
19960205,-220,-293
19960206,-273,-380
19960207,-180,-347
19960208,-88,-222
19960209,-92,-259
19960210,-192,-370
19960211,-263,-392
19960212,-289,-428
19960213,-239,-394
19960214,-235,-355
19960215,-220,-368
19960216,-216,-349
19960217,-176,-307
19960218,-142,-292
19960219,-78,-199
19960220,-89,-252
19960221,-96,-258
19960222,-108,-190
19960223,-155,-313
19960224,-121,-348
19960225,-70,-193
19960226,-80,-187
19960227,-85,-150
19960228,-73,-241
19960229,-38,-113
19960301,-39,-80
19960302,-42,-136
19960303,-24,-205
19960304,-45,-205
19960305,-57,-125
19960306,-75,-221
19960307,-5,-164
19960308,-13,-89
19960309,-1,-195
19960310,-10,-130
19960311,-46,-148
19960312,-88,-187
19960313,-105,-268
19960314,-114,-288
19960315,-54,-166
19960316,-56,-151
19960317,-105,-181
19960318,-88,-292
19960319,-69,-263
19960320,-73,-277
19960321,-24,-241
19960322,-8,-207
19960323,-2,-223
19960324,-7,-224
19960325,4,-191
19960326,4,-156
19960327,-2,-190
19960328,6,-193
19960329,27,-156
19960330,47,-162
19960331,40,-171
19960401,32,-161
19960402,0,-157
19960403,-54,-186
19960404,-58,-182
19960405,-43,-225
19960406,-35,-242
19960407,-31,-223
19960408,-9,-85
19960409,43,-41
19960410,30,-77
19960411,17,-74
19960412,7,-113
19960413,-46,-177
19960414,-53,-221
19960415,-21,-217
19960416,12,-200
19960417,56,-125
19960418,65,-104
19960419,42,-91
19960420,35,-23
19960421,23,-92
19960422,23,-17
19960423,37,-102
19960424,10,-43
19960425,10,-164
19960426,11,-48
19960427,65,-76
19960428,44,-33
19960429,30,-99
19960430,32,-103
19960501,78,-99
19960502,103,-84
19960503,127,-45
19960504,111,-15
19960505,33,-53
19960506,45,-40
19960507,111,-1
19960508,111,-20
19960509,146,15
19960510,156,17
19960511,106,-4
19960512,46,-55
19960513,34,-28
19960514,63,-70
19960515,92,-13
19960516,103,12
19960517,94,-7
19960518,16,-44
19960519,69,-54
19960520,105,-20
19960521,123,11
19960522,114,36
19960523,106,10
19960524,118,-28
19960525,138,26
19960526,136,19
19960527,78,5
19960528,49,-35
19960529,67,-33
19960530,122,-29
19960531,178,-16
19960601,208,51
19960602,225,39
19960603,230,39
19960604,215,43
19960605,127,34
19960606,156,-18
19960607,149,75
19960608,152,71
19960609,194,3
19960610,246,67
19960611,281,80
19960612,277,125
19960613,275,129
19960614,232,145
19960615,250,90
19960616,240,129
19960617,195,96
19960618,146,28
19960619,127,43
19960620,151,50
19960621,190,2
19960622,188,66
19960623,151,77
19960624,185,19
19960625,166,25
19960626,163,51
19960627,241,98
19960628,260,113
19960629,250,121
19960630,267,104
19960701,259,180
19960702,259,116
19960703,280,116
19960704,294,130
19960705,318,166
19960706,294,155
19960707,247,165
19960708,242,146
19960709,254,143
19960710,263,140
19960711,273,120
19960712,293,144
19960713,259,154
19960714,252,165
19960715,233,111
19960716,240,61
19960717,274,86
19960718,296,109
19960719,305,105
19960720,267,135
19960721,299,92
19960722,315,91
19960723,304,182
19960724,298,180
19960725,294,148
19960726,255,143
19960727,267,78
19960728,284,84
19960729,265,98
19960730,262,109
19960731,246,138
19960801,221,153
19960802,200,139
19960803,200,94
19960804,189,86
19960805,169,59
19960806,184,65
19960807,198,75
19960808,206,106
19960809,176,113
19960810,132,35
19960811,138,90
19960812,133,104
19960813,128,85
19960814,136,77
19960815,124,80
19960816,135,44
19960817,135,68
19960818,100,-18
19960819,102,-29
19960820,109,58
19960821,122,34
19960822,155,82
19960823,138,100
19960824,115,52
19960825,99,46
19960826,94,-24
19960827,127,0
19960828,121,-5
19960829,117,-18
19960830,117,-4
19960831,121,22
19960901,99,-4
19960902,100,19
19960903,99,-25
19960904,110,-1
19960905,60,10
19960906,23,-13
19960907,9,-23
19960908,19,-23
19960909,45,-63
19960910,80,-6
19960911,68,-27
19960912,84,13
19960913,110,-55
19960914,68,-31
19960915,85,-26
19960916,89,-6
19960917,65,5
19960918,80,-16
19960919,64,3
19960920,46,19
19960921,29,-10
19960922,69,-35
19960923,45,-29
19960924,100,13
19960925,87,23
19960926,45,-7
19960927,16,-31
19960928,19,-1
19960929,18,-32
19960930,7,-61
19961001,19,-1
19961002,12,-12
19961003,-6,-66
19961004,16,-18
19961005,12,-3
19961006,6,-8
19961007,5,-28
19961008,-4,-37
19961009,3,-30
19961010,12,-26
19961011,30,-21
19961012,27,-2
19961013,25,-3
19961014,16,-38
19961015,42,-36
19961016,28,-53
19961017,35,-24
19961018,-17,-77
19961019,-15,-79
19961020,-28,-58
19961021,-50,-156
19961022,-82,-161
19961023,-88,-187
19961024,-67,-183
19961025,-51,-94
19961026,-72,-121
19961027,-120,-206
19961028,-190,-302
19961029,-227,-325
19961030,-114,-232
19961031,-102,-155
19961101,-111,-169
19961102,-168,-293
19961103,-191,-267
19961104,-230,-334
19961105,-255,-368
19961106,-251,-353
19961107,-266,-362
19961108,-276,-377
19961109,-243,-337
19961110,-232,-325
19961111,-213,-314
19961112,-139,-247
19961113,-91,-189
19961114,-141,-223
19961115,-141,-196
19961116,-98,-154
19961117,-9,-102
19961118,-19,-44
19961119,-32,-49
19961120,-26,-52
19961121,-39,-71
19961122,-63,-105
19961123,-78,-168
19961124,-148,-206
19961125,-201,-330
19961126,-321,-385
19961127,-348,-398
19961128,-298,-379
19961129,-248,-303
19961130,-208,-252
19961201,-230,-318
19961202,-283,-322
19961203,-299,-362
19961204,-108,-303
19961205,-37,-122
19961206,-45,-99
19961207,-75,-172
19961208,-81,-203
19961209,-201,-337
19961210,-334,-427
19961211,-412,-445
19961212,-391,-431
19961213,-350,-432
19961214,-294,-350
19961215,-291,-348
19961216,-321,-404
19961217,-274,-341
19961218,-196,-276
19961219,-178,-279
19961220,-154,-189
19961221,-186,-294
19961222,-115,-237
19961223,-138,-263
19961224,-259,-356
19961225,-259,-400
19961226,-266,-367
19961227,-319,-411
19961228,-329,-361
19961229,-226,-350
19961230,-220,-265
19961231,-261,-345
19970101,-341,-427
19970102,-370,-437
19970103,-276,-371
19970104,-195,-285
19970105,-122,-253
19970106,-126,-196
19970107,-185,-338
19970108,-180,-344
19970109,-73,-183
19970110,-171,-335
19970111,-333,-424
19970112,-398,-473
19970113,-396,-430
19970114,-414,-445
19970115,-406,-449
19970116,-274,-434
19970117,-268,-356
19970118,-306,-416
19970119,-206,-310
19970120,-178,-272
19970121,-209,-290
19970122,-225,-349
19970123,-267,-336
19970124,-321,-420
19970125,-212,-322
19970126,-213,-316
19970127,-306,-384
19970128,-349,-411
19970129,-343,-439
19970130,-257,-362
19970131,-261,-366
19970201,-233,-300
19970202,-202,-284
19970203,-210,-256
19970204,-145,-238
19970205,-137,-171
19970206,-145,-213
19970207,-163,-283
19970208,-107,-191
19970209,-120,-203
19970210,-148,-236
19970211,-110,-216
19970212,-90,-186
19970213,-87,-223
19970214,-221,-345
19970215,-153,-272
19970216,-127,-238
19970217,-94,-192
19970218,-190,-331
19970219,-236,-364
19970220,-137,-241
19970221,-122,-232
19970222,-131,-235
19970223,-201,-293
19970224,-210,-299
19970225,-260,-423
19970226,-247,-425
19970227,-233,-407
19970228,-214,-378
19970301,-148,-280
19970302,-17,-152
19970303,-30,-94
19970304,-61,-227
19970305,-175,-369
19970306,-157,-354
19970307,-125,-317
19970308,-87,-175
19970309,-59,-202
19970310,-63,-255
19970311,-52,-251
19970312,-50,-130
19970313,-26,-140
19970314,-23,-100
19970315,-3,-48
19970316,-28,-149
19970317,2,-39
19970318,-14,-157
19970319,-8,-182
19970320,24,-190
19970321,62,-182
19970322,59,-160
19970323,21,-122
19970324,65,-170
19970325,15,-80
19970326,-34,-212
19970327,-55,-185
19970328,-83,-256
19970329,-41,-123
19970330,-1,-119
19970331,16,-116
19970401,64,-34
19970402,43,-15
19970403,23,-37
19970404,37,-13
19970405,20,-48
19970406,66,-108
19970407,133,-53
19970408,160,-48
19970409,160,-64
19970410,149,-45
19970411,167,-32
19970412,162,-20
19970413,145,-25
19970414,127,37
19970415,114,-43
19970416,86,-23
19970417,43,-45
19970418,92,-69
19970419,120,-40
19970420,154,-28
19970421,147,-34
19970422,161,-11
19970423,152,25
19970424,120,21
19970425,93,40
19970426,72,28
19970427,67,8
19970428,104,-43
19970429,68,-21
19970430,77,-33
19970501,71,-5
19970502,40,-30
19970503,36,-44
19970504,76,-30
19970505,81,-25
19970506,155,-21
19970507,184,0
19970508,168,5
19970509,44,5
19970510,61,16
19970511,51,9
19970512,49,-2
19970513,66,15
19970514,79,10
19970515,84,-46
19970516,51,19
19970517,154,0
19970518,155,62
19970519,206,-2
19970520,218,49
19970521,253,80
19970522,203,58
19970523,145,49
19970524,129,13
19970525,110,31
19970526,158,-26
19970527,210,80
19970528,178,23
19970529,130,-17
19970530,168,9
19970531,223,57
19970601,235,50
19970602,182,78
19970603,146,67
19970604,114,62
19970605,180,68
19970606,203,102
19970607,160,90
19970608,188,95
19970609,177,5
19970610,74,-26
19970611,136,0
19970612,177,61
19970613,170,69
19970614,189,27
19970615,177,70
19970616,73,18
19970617,134,58
19970618,135,34
19970619,99,32
19970620,163,52
19970621,215,18
19970622,226,54
19970623,262,51
19970624,260,103
19970625,232,132
19970626,266,133
19970627,257,113
19970628,234,107
19970629,208,86
19970630,184,116
19970701,155,86
19970702,140,59
19970703,152,62
19970704,215,37
19970705,231,108
19970706,308,104
19970707,183,107
19970708,162,89
19970709,223,57
19970710,221,134
19970711,239,95
19970712,239,122
19970713,282,104
19970714,272,158
19970715,230,147
19970716,199,120
19970717,235,89
19970718,240,128
19970719,258,120
19970720,196,108
19970721,150,93
19970722,213,69
19970723,224,65
19970724,234,105
19970725,211,104
19970726,176,52
19970727,226,24
19970728,252,52
19970729,280,85
19970730,259,124
19970731,188,48
19970801,218,30
19970802,250,63
19970803,263,60
19970804,249,108
19970805,203,78
19970806,180,88
19970807,178,112
19970808,198,64
19970809,180,109
19970810,153,88
19970811,141,90
19970812,175,100
19970813,174,128
19970814,165,108
19970815,227,88
19970816,229,84
19970817,217,88
19970818,227,61
19970819,227,92
19970820,210,127
19970821,192,110
19970822,172,98
19970823,143,89
19970824,167,48
19970825,135,71
19970826,119,53
19970827,136,50
19970828,125,64
19970829,103,47
19970830,112,20
19970831,108,76
19970901,97,49
19970902,107,18
19970903,85,39
19970904,126,22
19970905,131,52
19970906,155,11
19970907,126,17
19970908,92,0
19970909,90,-48
19970910,126,52
19970911,135,81
19970912,149,45
19970913,166,13
19970914,170,-17
19970915,197,28
19970916,191,68
19970917,185,33
19970918,187,6
19970919,169,-10
19970920,158,-34
19970921,136,-23
19970922,138,37
19970923,215,38
19970924,213,46
19970925,170,65
19970926,130,44
19970927,62,37
19970928,39,5
19970929,45,11
19970930,48,-33
19971001,39,-37
19971002,33,6
19971003,24,-23
19971004,37,0
19971005,34,-7
19971006,25,0
19971007,71,23
19971008,64,17
19971009,86,-33
19971010,83,-40
19971011,65,18
19971012,29,6
19971013,36,-1
19971014,1,-34
19971015,-1,-31
19971016,8,-38
19971017,0,-47
19971018,10,-105
19971019,-75,-138
19971020,-96,-209
19971021,-56,-129
19971022,-72,-170
19971023,-33,-134
19971024,11,-61
19971025,30,-17
19971026,43,-39
19971027,21,-105
19971028,17,-118
19971029,-19,-123
19971030,-45,-137
19971031,-20,-58
19971101,-29,-100
19971102,-82,-200
19971103,-24,-96
19971104,20,-29
19971105,17,-35
19971106,24,0
19971107,12,-29
19971108,27,-61
19971109,-57,-86
19971110,-83,-162
19971111,-44,-189
19971112,-41,-189
19971113,-174,-249
19971114,-233,-339
19971115,-123,-235
19971116,-174,-208
19971117,-151,-264
19971118,-261,-357
19971119,-355,-453
19971120,-354,-486
19971121,-255,-356
19971122,-256,-274
19971123,-271,-371
19971124,-358,-419
19971125,-340,-385
19971126,-241,-343
19971127,-254,-339
19971128,-337,-402
19971129,-345,-432
19971130,-361,-415
19971201,-377,-456
19971202,-255,-379
19971203,-256,-328
19971204,-240,-313
19971205,-273,-346
19971206,-228,-279
19971207,-196,-265
19971208,-143,-250
19971209,-127,-201
19971210,-111,-215
19971211,-71,-114
19971212,-106,-241
19971213,-196,-333
19971214,-322,-435
19971215,-430,-485
19971216,-446,-479
19971217,-420,-481
19971218,-431,-480
19971219,-305,-431
19971220,-230,-310
19971221,-153,-258
19971222,-193,-301
19971223,-203,-317
19971224,-212,-314
19971225,-246,-335
19971226,-188,-248
19971227,-218,-418
19971228,-417,-480
19971229,-478,-504
19971230,-477,-503
19971231,-473,-499
19980101,-399,-497
19980102,-369,-439
19980103,-374,-406
19980104,-366,-430
19980105,-266,-373
19980106,-260,-343
19980107,-329,-388
19980108,-324,-357
19980109,-352,-430
19980110,-423,-469
19980111,-439,-473
19980112,-448,-487
19980113,-405,-473
19980114,-358,-407
19980115,-386,-442
19980116,-377,-450
19980117,-301,-378
19980118,-303,-358
19980119,-338,-394
19980120,-299,-374
19980121,-222,-303
19980122,-157,-225
19980123,-194,-302
19980124,-298,-359
19980125,-249,-335
19980126,-199,-306
19980127,-140,-229
19980128,-140,-189
19980129,-183,-295
19980130,-101,-196
19980131,-109,-163
19980201,-160,-264
19980202,-205,-300
19980203,-194,-292
19980204,-136,-202
19980205,-95,-226
19980206,-179,-279
19980207,-228,-318
19980208,-225,-320
19980209,-254,-367
19980210,-251,-291
19980211,-270,-347
19980212,-335,-451
19980213,-281,-389
19980214,-232,-302
19980215,-229,-335
19980216,-30,-231
19980217,-82,-260
19980218,-240,-391
19980219,-194,-344
19980220,-121,-256
19980221,-106,-223
19980222,-95,-179
19980223,-59,-152
19980224,-119,-179
19980225,-88,-235
19980226,-19,-115
19980227,-18,-173
19980228,-147,-326
19980301,-91,-308
19980302,-51,-147
19980303,-9,-59
19980304,0,-51
19980305,-8,-164
19980306,-18,-187
19980307,11,-107
19980308,9,-188
19980309,8,-19
19980310,-8,-90
19980311,-54,-195
19980312,-86,-218
19980313,-1,-140
19980314,-40,-226
19980315,-173,-311
19980316,-103,-306
19980317,-65,-158
19980318,-28,-210
19980319,-47,-203
19980320,-15,-189
19980321,-14,-207
19980322,0,-58
19980323,-6,-69
19980324,-30,-189
19980325,-68,-137
19980326,-80,-138
19980327,-121,-255
19980328,-125,-291
19980329,-47,-222
19980330,1,-114
19980331,31,-102
19980401,37,-154
19980402,8,-50
19980403,29,-17
19980404,19,-83
19980405,-68,-115
19980406,-51,-213
19980407,-45,-67
19980408,-9,-197
19980409,1,-58
19980410,7,-40
19980411,15,-15
19980412,26,-129
19980413,9,-55
19980414,-2,-143
19980415,-8,-83
19980416,-9,-174
19980417,-4,-86
19980418,-16,-90
19980419,-4,-102
19980420,17,-65
19980421,7,-84
19980422,-25,-110
19980423,5,-161
19980424,7,-104
19980425,-40,-112
19980426,-27,-171
19980427,23,-185
19980428,40,-154
19980429,33,-30
19980430,39,-44
19980501,119,5
19980502,115,-36
19980503,4,-109
19980504,24,-97
19980505,23,-77
19980506,41,-47
19980507,54,-23
19980508,87,-37
19980509,100,58
19980510,100,34
19980511,95,3
19980512,83,26
19980513,62,-12
19980514,52,-15
19980515,47,-38
19980516,-36,-101
19980517,22,-80
19980518,50,-56
19980519,79,-49
19980520,78,19
19980521,115,3
19980522,127,30
19980523,116,25
19980524,73,-13
19980525,96,-6
19980526,110,1
19980527,168,27
19980528,208,54
19980529,169,19
19980530,142,16
19980531,134,34
19980601,118,58
19980602,245,4
19980603,245,48
19980604,156,-2
19980605,155,28
19980606,116,54
19980607,119,26
19980608,165,40
19980609,163,104
19980610,173,84
19980611,247,120
19980612,242,117
19980613,197,106
19980614,192,52
19980615,188,68
19980616,186,64
19980617,109,35
19980618,80,31
19980619,135,35
19980620,128,14
19980621,133,74
19980622,113,43
19980623,121,41
19980624,162,15
19980625,151,60
19980626,172,58
19980627,194,67
19980628,197,90
19980629,235,83
19980630,253,103
19980701,248,148
19980702,236,159
19980703,219,107
19980704,254,87
19980705,246,106
19980706,273,90
19980707,234,148
19980708,213,130
19980709,188,61
19980710,183,42
19980711,148,34
19980712,196,39
19980713,243,57
19980714,240,129
19980715,229,133
19980716,240,169
19980717,245,100
19980718,240,101
19980719,264,110
19980720,294,123
19980721,303,108
19980722,295,115
19980723,243,129
19980724,183,75
19980725,156,87
19980726,226,92
19980727,252,70
19980728,291,76
19980729,309,112
19980730,294,139
19980731,263,160
19980801,255,107
19980802,194,131
19980803,204,99
19980804,184,102
19980805,191,120
19980806,222,132
19980807,247,95
19980808,248,138
19980809,262,89
19980810,263,92
19980811,253,81
19980812,249,57
19980813,261,64
19980814,281,93
19980815,297,99
19980816,297,113
19980817,295,128
19980818,281,121
19980819,204,129
19980820,194,92
19980821,183,105
19980822,166,128
19980823,160,108
19980824,161,124
19980825,159,100
19980826,157,85
19980827,184,98
19980828,175,84
19980829,176,113
19980830,165,94
19980831,150,94
19980901,138,57
19980902,115,50
19980903,128,82
19980904,138,54
19980905,108,35
19980906,88,45
19980907,85,10
19980908,43,-7
19980909,47,-6
19980910,48,-36
19980911,74,-14
19980912,83,40
19980913,107,20
19980914,131,80
19980915,134,92
19980916,111,19
19980917,43,3
19980918,72,2
19980919,18,-28
19980920,3,-29
19980921,-1,-47
19980922,-5,-51
19980923,-7,-101
19980924,-10,-89
19980925,-10,-48
19980926,-20,-104
19980927,24,-29
19980928,14,-33
19980929,-8,-89
19980930,-14,-55
19981001,5,-119
19981002,-25,-114
19981003,-38,-75
19981004,-36,-162
19981005,-31,-162
19981006,-22,-66
19981007,4,-48
19981008,0,-89
19981009,-4,-54
19981010,16,-30
19981011,0,-21
19981012,-17,-80
19981013,15,-55
19981014,-6,-75
19981015,-71,-183
19981016,-80,-181
19981017,-63,-94
19981018,-52,-128
19981019,-8,-57
19981020,18,-54
19981021,26,-4
19981022,19,-108
19981023,-64,-133
19981024,27,-72
19981025,20,-137
19981026,-85,-193
19981027,-8,-89
19981028,-81,-191
19981029,-170,-210
19981030,-159,-216
19981031,-185,-322
19981101,-219,-334
19981102,-144,-234
19981103,-151,-215
19981104,-206,-263
19981105,-211,-322
19981106,-218,-293
19981107,-207,-262
19981108,-160,-286
19981109,-117,-172
19981110,-24,-131
19981111,-9,-169
19981112,-166,-279
19981113,-273,-362
19981114,-327,-391
19981115,-355,-409
19981116,-277,-364
19981117,-274,-341
19981118,-337,-409
19981119,-275,-357
19981120,-325,-370
19981121,-352,-413
19981122,-260,-384
19981123,-268,-335
19981124,-315,-352
19981125,-349,-423
19981126,-402,-437
19981127,-393,-443
19981128,-356,-415
19981129,-396,-444
19981130,-396,-442
19981201,-418,-453
19981202,-436,-469
19981203,-433,-469
19981204,-284,-433
19981205,-270,-302
19981206,-270,-336
19981207,-305,-381
19981208,-253,-311
19981209,-224,-281
19981210,-98,-228
19981211,-108,-154
19981212,-64,-147
19981213,-35,-68
19981214,-58,-86
19981215,-84,-210
19981216,-198,-219
19981217,-211,-241
19981218,-231,-309
19981219,-241,-317
19981220,-228,-309
19981221,-90,-305
19981222,-89,-317
19981223,-214,-321
19981224,-98,-230
19981225,-24,-103
19981226,-86,-223
19981227,-218,-368
19981228,-360,-393
19981229,-265,-382
19981230,-219,-268
19981231,-224,-312
19990101,-229,-347
19990102,-280,-390
19990103,-273,-310
19990104,-290,-338
19990105,-332,-404
19990106,-367,-416
19990107,-351,-424
19990108,-316,-356
19990109,-257,-342
19990110,-260,-323
19990111,-295,-343
19990112,-294,-335
19990113,-312,-358
19990114,-271,-327
19990115,-185,-295
19990116,-182,-212
19990117,-209,-277
19990118,-273,-335
19990119,-314,-357
19990120,-340,-388
19990121,-348,-448
19990122,-441,-506
19990123,-456,-516
19990124,-457,-519
19990125,-436,-506
19990126,-399,-470
19990127,-424,-476
19990128,-408,-478
19990129,-347,-450
19990130,-324,-414
19990131,-337,-425
19990201,-315,-431
19990202,-299,-368
19990203,-187,-317
19990204,-209,-298
19990205,-109,-219
19990206,-140,-239
19990207,-123,-256
19990208,-100,-231
19990209,-85,-191
19990210,-145,-282
19990211,-187,-259
19990212,-187,-305
19990213,-98,-220
19990214,-125,-292
19990215,-163,-278
19990216,-174,-299
19990217,-127,-285
19990218,-78,-213
19990219,-90,-239
19990220,-97,-248
19990221,-106,-255
19990222,-100,-262
19990223,-97,-226
19990224,-145,-318
19990225,-169,-338
19990226,-128,-314
19990227,-129,-283
19990228,-137,-295
19990301,-188,-361
19990302,-209,-399
19990303,-205,-409
19990304,-200,-403
19990305,-170,-305
19990306,-181,-350
19990307,-180,-366
19990308,-177,-369
19990309,-155,-347
19990310,-142,-235
19990311,-115,-314
19990312,-125,-330
19990313,-96,-316
19990314,-102,-305
19990315,-90,-295
19990316,-116,-323
19990317,-132,-253
19990318,-151,-231
19990319,-135,-338
19990320,-132,-313
19990321,-90,-240
19990322,-38,-201
19990323,-62,-121
19990324,-104,-202
19990325,-126,-280
19990326,-128,-305
19990327,-108,-303
19990328,-96,-313
19990329,-84,-312
19990330,-47,-284
19990331,-6,-230
19990401,-2,-61
19990402,-13,-50
19990403,-16,-189
19990404,-33,-170
19990405,13,-62
19990406,56,-7
19990407,64,11
19990408,53,-44
19990409,-11,-136
19990410,9,-84
19990411,30,-75
19990412,38,-20
19990413,35,-15
19990414,33,-28
19990415,30,-84
19990416,-82,-164
19990417,-57,-166
19990418,-34,-205
19990419,-22,-85
19990420,-30,-120
19990421,-14,-128
19990422,20,-167
19990423,10,-113
19990424,4,-89
19990425,36,-97
19990426,28,-52
19990427,-21,-150
19990428,-13,-60
19990429,45,-80
19990430,43,-59
19990501,10,-184
19990502,26,-82
19990503,214,-9
19990504,199,8
19990505,154,51
19990506,212,8
19990507,249,8
19990508,228,29
19990509,39,-17
19990510,95,-23
19990511,124,43
19990512,126,-17
19990513,40,0
19990514,38,3
19990515,116,25
19990516,181,29
19990517,204,25
19990518,222,17
19990519,206,21
19990520,115,32
19990521,190,-12
19990522,221,24
19990523,266,60
19990524,311,48
19990525,307,70
19990526,290,115
19990527,199,52
19990528,185,45
19990529,99,-20
19990530,116,-21
19990531,141,-13
19990601,155,-14
19990602,184,-12
19990603,218,-9
19990604,249,40
19990605,256,51
19990606,205,72
19990607,188,21
19990608,139,36
19990609,154,73
19990610,143,4
19990611,136,43
19990612,72,27
19990613,93,21
19990614,109,54
19990615,233,85
19990616,288,69
19990617,274,125
19990618,201,87
19990619,145,23
19990620,158,82
19990621,191,104
19990622,188,93
19990623,185,122
19990624,145,84
19990625,137,34
19990626,143,14
19990627,131,36
19990628,150,76
19990629,144,55
19990630,140,53
19990701,210,77
19990702,208,73
19990703,189,62
19990704,144,77
19990705,201,54
19990706,274,86
19990707,301,105
19990708,309,132
19990709,321,136
19990710,327,139
19990711,306,167
19990712,319,136
19990713,338,148
19990714,329,154
19990715,322,158
19990716,306,153
19990717,306,142
19990718,295,159
19990719,236,182
19990720,263,116
19990721,193,150
19990722,230,75
19990723,256,84
19990724,274,91
19990725,278,181
19990726,277,127
19990727,282,99
19990728,295,130
19990729,296,124
19990730,267,112
19990731,190,74
19990801,192,118
19990802,154,78
19990803,153,87
19990804,162,64
19990805,156,52
19990806,165,3
19990807,161,20
19990808,142,87
19990809,120,76
19990810,125,68
19990811,162,68
19990812,138,38
19990813,149,52
19990814,175,60
19990815,182,39
19990816,173,31
19990817,204,67
19990818,204,102
19990819,194,86
19990820,216,128
19990821,251,91
19990822,236,153
19990823,192,106
19990824,157,99
19990825,169,112
19990826,185,80
19990827,169,61
19990828,172,99
19990829,118,32
19990830,107,60
19990831,197,49
19990901,178,60
19990902,98,13
19990903,79,-6
19990904,147,23
19990905,137,30
19990906,116,74
19990907,141,81
19990908,122,66
19990909,109,25
19990910,107,2
19990911,104,-26
19990912,141,40
19990913,120,18
19990914,134,-36
19990915,113,25
19990916,151,-17
19990917,170,-31
19990918,182,-27
19990919,183,-30
19990920,180,-31
19990921,141,17
19990922,112,30
19990923,79,-3
19990924,33,-41
19990925,41,-18
19990926,15,-14
19990927,-11,-82
19990928,-20,-62
19990929,5,-45
19990930,36,-87
19991001,58,-105
19991002,62,-123
19991003,73,-118
19991004,53,-56
19991005,73,-18
19991006,115,-39
19991007,57,-31
19991008,31,-23
19991009,2,-31
19991010,-11,-42
19991011,-38,-61
19991012,-59,-145
19991013,-73,-135
19991014,-78,-194
19991015,-23,-81
19991016,34,-117
19991017,51,12
19991018,21,-145
19991019,-69,-195
19991020,-33,-75
19991021,33,-40
19991022,15,-55
19991023,-40,-105
19991024,-37,-119
19991025,-94,-126
19991026,-106,-138
19991027,-132,-246
19991028,-92,-186
19991029,-68,-135
19991030,-18,-74
19991031,2,-24
19991101,0,-21
19991102,22,-4
19991103,5,-16
19991104,4,-32
19991105,5,-5
19991106,5,-6
19991107,-1,-116
19991108,-84,-119
19991109,-80,-180
19991110,-128,-265
19991111,-260,-384
19991112,-310,-400
19991113,-248,-355
19991114,-214,-267
19991115,-102,-226
19991116,-110,-173
19991117,-154,-246
19991118,-138,-259
19991119,-154,-326
19991120,-324,-401
19991121,-346,-396
19991122,-346,-405
19991123,-321,-399
19991124,-180,-323
19991125,-134,-182
19991126,-84,-135
19991127,-102,-175
19991128,-158,-271
19991129,-244,-306
19991130,-282,-335
19991201,-199,-323
19991202,-216,-248
19991203,-223,-277
19991204,-105,-230
19991205,-37,-107
19991206,-65,-132
19991207,-97,-143
19991208,-134,-224
19991209,-197,-307
19991210,-305,-345
19991211,-264,-307
19991212,-224,-273
19991213,-215,-265
19991214,-195,-236
19991215,-234,-317
19991216,-278,-336
19991217,-199,-323
19991218,-180,-251
19991219,-248,-289
19991220,-276,-323
19991221,-163,-299
19991222,-141,-196
19991223,-146,-222
19991224,-37,-149
19991225,-74,-211
19991226,-154,-214
19991227,-188,-260
19991228,-255,-363
19991229,-348,-398
19991230,-394,-447
19991231,-391,-418
20000101,-396,-457
20000102,-454,-496
20000103,-481,-497
20000104,-490,-521
20000105,-504,-529
20000106,-506,-534
20000107,-465,-525
20000108,-361,-468
20000109,-380,-417
20000110,-378,-422
20000111,-317,-421
20000112,-248,-324
20000113,-237,-271
20000114,-214,-324
20000115,-304,-372
20000116,-274,-307
20000117,-227,-288
20000118,-282,-390
20000119,-289,-336
20000120,-292,-380
20000121,-344,-388
20000122,-358,-409
20000123,-342,-399
20000124,-352,-416
20000125,-315,-387
20000126,-241,-332
20000127,-241,-287
20000128,-255,-316
20000129,-264,-320
20000130,-204,-292
20000131,-195,-238
20000201,-171,-225
20000202,-194,-295
20000203,-264,-348
20000204,-277,-361
20000205,-289,-365
20000206,-182,-316
20000207,-120,-185
20000208,-121,-266
20000209,-210,-332
20000210,-235,-358
20000211,-241,-362
20000212,-221,-350
20000213,-246,-370
20000214,-242,-358
20000215,-216,-348
20000216,-171,-240
20000217,-165,-185
20000218,-163,-230
20000219,-186,-272
20000220,-221,-353
20000221,-237,-354
20000222,-175,-283
20000223,-197,-313
20000224,-129,-225
20000225,-157,-281
20000226,-178,-279
20000227,-76,-181
20000228,-99,-256
20000229,-111,-178
20000301,-124,-284
20000302,-118,-208
20000303,-145,-287
20000304,-193,-331
20000305,-143,-321
20000306,-105,-281
20000307,7,-106
20000308,26,-166
20000309,11,-160
20000310,8,-176
20000311,-6,-184
20000312,-1,-171
20000313,-10,-154
20000314,-13,-67
20000315,-65,-130
20000316,-69,-258
20000317,-63,-266
20000318,-77,-222
20000319,-60,-136
20000320,-52,-158
20000321,-57,-190
20000322,-74,-268
20000323,-12,-140
20000324,-14,-62
20000325,11,-62
20000326,-2,-45
20000327,7,-149
20000328,18,-15
20000329,6,-115
20000330,-36,-189
20000331,-31,-100
20000401,-21,-161
20000402,-3,-51
20000403,-21,-157
20000404,11,-48
20000405,-23,-149
20000406,-78,-225
20000407,-86,-145
20000408,-20,-259
20000409,17,-46
20000410,3,-115
20000411,8,-150
20000412,29,-24
20000413,77,-33
20000414,117,-41
20000415,141,33
20000416,127,-14
20000417,115,10
20000418,90,9
20000419,16,-98
20000420,4,-110
20000421,27,-105
20000422,107,-37
20000423,27,-28
20000424,-6,-105
20000425,17,-25
20000426,-13,-131
20000427,2,-154
20000428,42,-140
20000429,33,-15
20000430,8,-52
20000501,-4,-113
20000502,34,-127
20000503,69,-109
20000504,68,-39
20000505,76,-8
20000506,84,-21
20000507,71,-31
20000508,55,4
20000509,87,-59
20000510,66,13
20000511,59,-11
20000512,56,-33
20000513,82,14
20000514,130,-20
20000515,150,-16
20000516,183,-7
20000517,183,19
20000518,167,28
20000519,161,82
20000520,142,-12
20000521,173,19
20000522,155,57
20000523,86,-8
20000524,79,-24
20000525,70,-7
20000526,63,-13
20000527,106,-10
20000528,143,-14
20000529,162,24
20000530,196,4
20000531,190,79
20000601,179,87
20000602,187,86
20000603,240,98
20000604,232,116
20000605,199,51
20000606,206,77
20000607,194,84
20000608,190,67
20000609,207,69
20000610,196,110
20000611,245,51
20000612,277,66
20000613,280,86
20000614,257,100
20000615,291,97
20000616,315,114
20000617,306,131
20000618,276,129
20000619,247,139
20000620,244,123
20000621,194,58
20000622,219,38
20000623,227,132
20000624,208,95
20000625,179,51
20000626,218,81
20000627,205,118
20000628,149,28
20000629,120,39
20000630,130,-4
20000701,143,55
20000702,141,68
20000703,187,81
20000704,188,46
20000705,213,66
20000706,276,90
20000707,309,124
20000708,312,142
20000709,223,146
20000710,178,122
20000711,189,88
20000712,207,52
20000713,219,84
20000714,197,106
20000715,197,82
20000716,224,77
20000717,225,100
20000718,222,113
20000719,210,116
20000720,199,134
20000721,160,107
20000722,169,92
20000723,194,79
20000724,240,93
20000725,247,68
20000726,186,130
20000727,224,127
20000728,193,127
20000729,195,70
20000730,161,64
20000731,146,97
20000801,181,101
20000802,212,108
20000803,165,114
20000804,210,100
20000805,191,128
20000806,197,105
20000807,234,117
20000808,220,116
20000809,213,110
20000810,190,144
20000811,238,119
20000812,226,96
20000813,217,106
20000814,200,76
20000815,225,48
20000816,237,61
20000817,236,84
20000818,224,107
20000819,238,81
20000820,233,93
20000821,186,131
20000822,236,85
20000823,221,104
20000824,212,123
20000825,173,87
20000826,136,88
20000827,145,83
20000828,148,88
20000829,148,25
20000830,130,20
20000831,123,21
20000901,127,-6
20000902,112,53
20000903,126,43
20000904,160,34
20000905,161,90
20000906,165,88
20000907,184,59
20000908,191,40
20000909,156,19
20000910,125,49
20000911,96,20
20000912,76,-23
20000913,102,57
20000914,98,38
20000915,82,29
20000916,85,5
20000917,74,37
20000918,55,32
20000919,86,33
20000920,85,39
20000921,65,27
20000922,88,24
20000923,77,-6
20000924,19,-9
20000925,1,-23
20000926,15,-80
20000927,20,-67
20000928,60,-2
20000929,62,22
20000930,61,23
20001001,45,1
20001002,54,-36
20001003,39,-2
20001004,22,-9
20001005,11,-49
20001006,-8,-40
20001007,8,-91
20001008,-2,-106
20001009,-7,-43
20001010,11,-20
20001011,4,-24
20001012,14,-7
20001013,8,-120
20001014,-41,-139
20001015,-15,-106
20001016,-102,-201
20001017,-26,-139
20001018,-19,-90
20001019,-88,-154
20001020,-130,-251
20001021,-131,-172
20001022,-141,-173
20001023,-152,-285
20001024,-110,-268
20001025,-60,-176
20001026,-7,-64
20001027,-40,-125
20001028,3,-47
20001029,3,-24
20001030,3,-7
20001031,12,-6
20001101,11,-110
20001102,-107,-235
20001103,-182,-255
20001104,-163,-209
20001105,-203,-282
20001106,-228,-311
20001107,-243,-324
20001108,-149,-244
20001109,-114,-152
20001110,-56,-133
20001111,-37,-80
20001112,-77,-249
20001113,-245,-317
20001114,-297,-372
20001115,-313,-381
20001116,-325,-396
20001117,-304,-384
20001118,-299,-368
20001119,-292,-358
20001120,-301,-362
20001121,-302,-362
20001122,-321,-365
20001123,-263,-372
20001124,-189,-265
20001125,-184,-251
20001126,-248,-302
20001127,-237,-312
20001128,-282,-403
20001129,-384,-428
20001130,-345,-387
20001201,-350,-443
20001202,-435,-490
20001203,-340,-474
20001204,-293,-342
20001205,-264,-316
20001206,-283,-427
20001207,-423,-463
20001208,-441,-483
20001209,-459,-494
20001210,-352,-462
20001211,-256,-354
20001212,-310,-358
20001213,-334,-372
20001214,-358,-424
20001215,-333,-397
20001216,-394,-454
20001217,-445,-472
20001218,-437,-474
20001219,-436,-464
20001220,-413,-462
20001221,-360,-415
20001222,-377,-424
20001223,-418,-444
20001224,-425,-456
20001225,-363,-448
20001226,-364,-407
20001227,-300,-395
20001228,-292,-338
20001229,-335,-405
20001230,-404,-447
20001231,-418,-461
20010101,-460,-502
20010102,-485,-514
20010103,-493,-515
20010104,-469,-524
20010105,-428,-474
20010106,-429,-465
20010107,-460,-502
20010108,-465,-522
20010109,-457,-494
20010110,-431,-483
20010111,-420,-464
20010112,-411,-447
20010113,-406,-447
20010114,-344,-432
20010115,-298,-347
20010116,-271,-307
20010117,-141,-285
20010118,-125,-163
20010119,-135,-199
20010120,-121,-154
20010121,-133,-155
20010122,-139,-190
20010123,-187,-291
20010124,-291,-375
20010125,-295,-387
20010126,-236,-382
20010127,-228,-284
20010128,-255,-381
20010129,-369,-438
20010130,-425,-510
20010131,-429,-511
20010201,-413,-495
20010202,-402,-499
20010203,-422,-510
20010204,-244,-453
20010205,-208,-248
20010206,-178,-219
20010207,-174,-241
20010208,-174,-260
20010209,-257,-401
20010210,-247,-334
20010211,-231,-334
20010212,-242,-362
20010213,-222,-350
20010214,-217,-304
20010215,-152,-312
20010216,-152,-219
20010217,-217,-348
20010218,-175,-285
20010219,-68,-179
20010220,-108,-231
20010221,-189,-265
20010222,-223,-359
20010223,-89,-227
20010224,-124,-262
20010225,-109,-199
20010226,-150,-309
20010227,-165,-327
20010228,-163,-227
20010301,-152,-240
20010302,-171,-304
20010303,-64,-177
20010304,-80,-170
20010305,-140,-264
20010306,-198,-317
20010307,-127,-218
20010308,-80,-144
20010309,5,-123
20010310,-15,-166
20010311,-2,-87
20010312,-85,-211
20010313,-76,-144
20010314,-47,-135
20010315,-17,-74
20010316,-58,-169
20010317,-78,-220
20010318,-101,-228
20010319,-118,-295
20010320,-147,-303
20010321,-135,-318
20010322,-147,-325
20010323,-124,-326
20010324,-110,-318
20010325,-69,-297
20010326,-27,-157
20010327,4,-66
20010328,-8,-178
20010329,-14,-230
20010330,-16,-77
20010331,-35,-208
20010401,-82,-165
20010402,3,-108
20010403,-20,-100
20010404,3,-69
20010405,13,-21
20010406,10,-19
20010407,-12,-125
20010408,-86,-236
20010409,15,-110
20010410,-7,-32
20010411,14,-201
20010412,21,-26
20010413,18,-147
20010414,22,-137
20010415,-33,-200
20010416,-26,-210
20010417,-26,-166
20010418,-11,-163
20010419,49,-33
20010420,71,-29
20010421,22,-115
20010422,48,-130
20010423,131,-17
20010424,63,-49
20010425,59,-99
20010426,-69,-188
20010427,-59,-209
20010428,-17,-126
20010429,12,-119
20010430,-7,-158
20010501,-33,-190
20010502,-1,-196
20010503,39,-153
20010504,69,-18
20010505,85,-12
20010506,79,-5
20010507,118,17
20010508,86,28
20010509,55,14
20010510,53,21
20010511,55,15
20010512,88,-6
20010513,87,-35
20010514,49,16
20010515,72,1
20010516,121,-37
20010517,117,34
20010518,59,14
20010519,72,4
20010520,149,-24
20010521,198,69
20010522,108,4
20010523,146,34
20010524,233,53
20010525,266,83
20010526,157,88
20010527,168,-10
20010528,284,29
20010529,286,116
20010530,258,100
20010531,230,56
20010601,225,90
20010602,190,108
20010603,227,110
20010604,239,59
20010605,230,93
20010606,207,78
20010607,254,48
20010608,269,73
20010609,250,131
20010610,187,45
20010611,178,105
20010612,258,96
20010613,276,137
20010614,302,114
20010615,244,133
20010616,264,108
20010617,263,112
20010618,271,115
20010619,260,139
20010620,202,81
20010621,202,115
20010622,213,79
20010623,204,122
20010624,195,103
20010625,218,119
20010626,230,107
20010627,216,145
20010628,265,90
20010629,290,116
20010630,287,139
20010701,244,120
20010702,123,84
20010703,165,60
20010704,186,69
20010705,224,79
20010706,227,96
20010707,251,94
20010708,291,112
20010709,288,159
20010710,231,132
20010711,274,110
20010712,267,148
20010713,270,129
20010714,270,182
20010715,238,163
20010716,187,159
20010717,269,133
20010718,277,97
20010719,280,120
20010720,241,132
20010721,168,114
20010722,175,55
20010723,166,91
20010724,153,66
20010725,205,124
20010726,181,73
20010727,191,73
20010728,202,50
20010729,229,113
20010730,204,101
20010731,199,119
20010801,192,61
20010802,223,55
20010803,277,125
20010804,284,130
20010805,284,112
20010806,305,121
20010807,312,126
20010808,315,134
20010809,310,120
20010810,289,140
20010811,207,82
20010812,174,104
20010813,182,78
20010814,187,93
20010815,176,51
20010816,191,54
20010817,188,62
20010818,266,114
20010819,261,127
20010820,275,122
20010821,271,116
20010822,255,150
20010823,235,75
20010824,223,139
20010825,203,46
20010826,201,90
20010827,176,96
20010828,180,51
20010829,221,47
20010830,210,62
20010831,185,74
20010901,180,83
20010902,202,55
20010903,181,111
20010904,161,88
20010905,131,38
20010906,116,37
20010907,112,-35
20010908,113,-30
20010909,166,19
20010910,158,31
20010911,129,16
20010912,100,-15
20010913,105,-5
20010914,87,37
20010915,114,-52
20010916,120,-64
20010917,140,70
20010918,135,37
20010919,117,-24
20010920,100,44
20010921,107,60
20010922,70,28
20010923,46,11
20010924,45,-19
20010925,42,-11
20010926,55,-74
20010927,42,10
20010928,105,38
20010929,98,13
20010930,32,2
20011001,18,-11
20011002,73,-64
20011003,91,-13
20011004,56,-45
20011005,57,-22
20011006,25,-93
20011007,44,-47
20011008,53,-104
20011009,46,12
20011010,28,2
20011011,19,-15
20011012,4,-37
20011013,8,-41
20011014,-38,-77
20011015,-26,-87
20011016,-25,-52
20011017,-34,-55
20011018,-28,-63
20011019,16,-32
20011020,8,-82
20011021,-78,-207
20011022,-134,-245
20011023,-68,-196
20011024,-22,-98
20011025,-55,-117
20011026,-53,-122
20011027,-44,-162
20011028,-31,-59
20011029,-47,-131
20011030,-45,-90
20011031,-57,-207
20011101,-96,-231
20011102,-19,-98
20011103,-69,-220
20011104,-3,-121
20011105,2,-30
20011106,-26,-110
20011107,-6,-67
20011108,8,-24
20011109,-13,-155
20011110,-107,-206
20011111,-201,-295
20011112,-42,-226
20011113,-16,-56
20011114,6,-23
20011115,-18,-41
20011116,-7,-59
20011117,29,-72
20011118,8,-139
20011119,-37,-194
20011120,-47,-159
20011121,-144,-171
20011122,-165,-319
20011123,-156,-247
20011124,-112,-180
20011125,-176,-310
20011126,-251,-313
20011127,-284,-352
20011128,-297,-367
20011129,-167,-326
20011130,-145,-230
20011201,-127,-272
20011202,-221,-299
20011203,-189,-273
20011204,-179,-282
20011205,-258,-293
20011206,-268,-370
20011207,-341,-414
20011208,-372,-422
20011209,-342,-395
20011210,-389,-418
20011211,-413,-465
20011212,-455,-488
20011213,-463,-493
20011214,-468,-497
20011215,-438,-474
20011216,-360,-445
20011217,-305,-361
20011218,-285,-377
20011219,-257,-291
20011220,-180,-318
20011221,-149,-281
20011222,-278,-357
20011223,-167,-354
20011224,-122,-220
20011225,-154,-220
20011226,-175,-260
20011227,-219,-284
20011228,-181,-248
20011229,-227,-322
20011230,-319,-371
20011231,-231,-365
20020101,-162,-245
20020102,-96,-184
20020103,-80,-193
20020104,-136,-258
20020105,-159,-322
20020106,-270,-378
20020107,-230,-296
20020108,-273,-323
20020109,-303,-352
20020110,-336,-423
20020111,-335,-386
20020112,-325,-363
20020113,-341,-407
20020114,-276,-415
20020115,-207,-279
20020116,-166,-209
20020117,-120,-176
20020118,-82,-241
20020119,-240,-366
20020120,-148,-313
20020121,-94,-247
20020122,-239,-366
20020123,-228,-271
20020124,-254,-308
20020125,-254,-305
20020126,-140,-264
20020127,-94,-151
20020128,-146,-325
20020129,-142,-243
20020130,-33,-186
20020131,-63,-153
20020201,-12,-112
20020202,-14,-53
20020203,-52,-285
20020204,-282,-372
20020205,-266,-374
20020206,-280,-399
20020207,-344,-456
20020208,-287,-400
20020209,-264,-351
20020210,-251,-360
20020211,-179,-261
20020212,-120,-191
20020213,-119,-223
20020214,-179,-233
20020215,-230,-392
20020216,-206,-394
20020217,-122,-208
20020218,-20,-128
20020219,-39,-55
20020220,-48,-157
20020221,-74,-181
20020222,-60,-85
20020223,-42,-100
20020224,-54,-69
20020225,-64,-109
20020226,-102,-242
20020227,-167,-355
20020228,-142,-288
20020301,-87,-263
20020302,-18,-189
20020303,-25,-182
20020304,-33,-233
20020305,-30,-245
20020306,1,-117
20020307,-7,-76
20020308,-52,-106
20020309,-4,-164
20020310,19,-7
20020311,14,-56
20020312,-25,-87
20020313,27,-75
20020314,-7,-108
20020315,-25,-224
20020316,-37,-122
20020317,-67,-279
20020318,-19,-78
20020319,-20,-107
20020320,-94,-178
20020321,-113,-273
20020322,-72,-223
20020323,-82,-142
20020324,-62,-232
20020325,-54,-233
20020326,-44,-267
20020327,-14,-258
20020328,-25,-177
20020329,-35,-134
20020330,-37,-153
20020331,-77,-239
20020401,-35,-177
20020402,-38,-145
20020403,-53,-190
20020404,-101,-229
20020405,-101,-234
20020406,-60,-235
20020407,-36,-139
20020408,-21,-210
20020409,42,-192
20020410,66,-131
20020411,52,-31
20020412,17,-40
20020413,-6,-117
20020414,-4,-150
20020415,-7,-125
20020416,-7,-42
20020417,10,-86
20020418,20,-136
20020419,16,-106
20020420,2,-112
20020421,9,-160
20020422,66,-138
20020423,101,-57
20020424,99,-52
20020425,109,-51
20020426,118,-31
20020427,106,-49
20020428,-19,-126
20020429,-36,-89
20020430,-2,-145
20020501,43,-140
20020502,65,-6
20020503,125,-46
20020504,139,-12
20020505,140,-16
20020506,150,55
20020507,144,32
20020508,74,-10
20020509,72,-7
20020510,38,-6
20020511,58,-42
20020512,86,-36
20020513,118,-55
20020514,181,-11
20020515,178,47
20020516,141,30
20020517,72,12
20020518,60,-11
20020519,98,11
20020520,145,19
20020521,218,19
20020522,250,31
20020523,269,57
20020524,260,66
20020525,215,17
20020526,139,41
20020527,163,20
20020528,184,45
20020529,224,101
20020530,176,76
20020531,189,28
20020601,178,65
20020602,129,10
20020603,125,61
20020604,144,-15
20020605,162,28
20020606,158,57
20020607,151,79
20020608,128,53
20020609,180,77
20020610,138,64
20020611,198,18
20020612,233,35
20020613,228,118
20020614,224,129
20020615,224,105
20020616,207,30
20020617,246,37
20020618,273,70
20020619,271,92
20020620,270,79
20020621,300,86
20020622,258,114
20020623,214,132
20020624,277,114
20020625,301,111
20020626,267,132
20020627,244,159
20020628,271,172
20020629,264,152
20020630,265,140
20020701,270,145
20020702,247,151
20020703,191,153
20020704,226,149
20020705,293,138
20020706,255,133
20020707,249,124
20020708,202,144
20020709,228,45
20020710,227,128
20020711,255,86
20020712,281,81
20020713,297,122
20020714,268,143
20020715,270,139
20020716,208,115
20020717,271,84
20020718,269,147
20020719,240,119
20020720,267,77
20020721,330,140
20020722,329,191
20020723,232,143
20020724,206,91
20020725,212,91
20020726,199,44
20020727,222,106
20020728,257,97
20020729,284,100
20020730,281,116
20020731,267,142
20020801,188,92
20020802,139,73
20020803,123,87
20020804,156,75
20020805,179,100
20020806,211,53
20020807,198,100
20020808,179,142
20020809,187,87
20020810,207,46
20020811,263,88
20020812,306,125
20020813,296,130
20020814,205,58
20020815,217,45
20020816,235,68
20020817,228,63
20020818,205,111
20020819,194,82
20020820,184,79
20020821,177,125
20020822,177,77
20020823,186,81
20020824,180,81
20020825,124,61
20020826,149,53
20020827,126,53
20020828,103,55
20020829,119,48
20020830,108,53
20020831,107,49
20020901,122,24
20020902,173,100
20020903,167,104
20020904,116,60
20020905,91,17
20020906,115,42
20020907,119,79
20020908,106,-4
20020909,110,-10
20020910,95,56
20020911,91,-41
20020912,190,75
20020913,202,136
20020914,164,10
20020915,43,-31
20020916,32,-24
20020917,50,-10
20020918,46,-36
20020919,25,-73
20020920,137,4
20020921,138,51
20020922,191,26
20020923,158,25
20020924,28,-28
20020925,-26,-49
20020926,21,-72
20020927,23,-7
20020928,14,-17
20020929,-5,-82
20020930,-8,-132
20021001,-14,-31
20021002,24,-17
20021003,5,-24
20021004,11,-41
20021005,66,-56
20021006,68,-46
20021007,54,-10
20021008,19,-29
20021009,11,-22
20021010,5,-22
20021011,-14,-36
20021012,-22,-54
20021013,-35,-55
20021014,-46,-75
20021015,-37,-67
20021016,-63,-107
20021017,-60,-133
20021018,-49,-102
20021019,-47,-109
20021020,-25,-65
20021021,-25,-132
20021022,-43,-88
20021023,-51,-132
20021024,-14,-89
20021025,-15,-59
20021026,-18,-44
20021027,-28,-80
20021028,-72,-128
20021029,-115,-192
20021030,-75,-138
20021031,-54,-93
20021101,-39,-79
20021102,-78,-150
20021103,-4,-92
20021104,-8,-57
20021105,-49,-153
20021106,-85,-135
20021107,-84,-184
20021108,-85,-104
20021109,-101,-187
20021110,-167,-205
20021111,-202,-270
20021112,-255,-327
20021113,-274,-347
20021114,-271,-343
20021115,-295,-354
20021116,-271,-351
20021117,-257,-330
20021118,-207,-276
20021119,-169,-239
20021120,-111,-172
20021121,-111,-181
20021122,-147,-197
20021123,-127,-223
20021124,-222,-331
20021125,-147,-257
20021126,-148,-197
20021127,-195,-330
20021128,-323,-349
20021129,-324,-406
20021130,-404,-462
20021201,-448,-492
20021202,-423,-480
20021203,-334,-424
20021204,-370,-409
20021205,-408,-462
20021206,-410,-468
20021207,-394,-439
20021208,-380,-405
20021209,-360,-390
20021210,-205,-360
20021211,-206,-342
20021212,-210,-331
20021213,-241,-375
20021214,-350,-386
20021215,-285,-352
20021216,-321,-405
20021217,-335,-422
20021218,-192,-342
20021219,-161,-303
20021220,-155,-272
20021221,-155,-260
20021222,-238,-285
20021223,-270,-355
20021224,-350,-383
20021225,-342,-385
20021226,-314,-343
20021227,-333,-362
20021228,-270,-349
20021229,-293,-353
20021230,-323,-377
20021231,-374,-433
20030101,-385,-418
20030102,-407,-451
20030103,-212,-417
20030104,-206,-277
20030105,-168,-285
20030106,-148,-173
20030107,-148,-249
20030108,-247,-359
20030109,-265,-368
20030110,-193,-296
20030111,-294,-392
20030112,-388,-426
20030113,-205,-404
20030114,-193,-258
20030115,-199,-264
20030116,-165,-230
20030117,-154,-229
20030118,-160,-319
20030119,-176,-263
20030120,-131,-191
20030121,-108,-198
20030122,-96,-197
20030123,-113,-294
20030124,-287,-395
20030125,-330,-413
20030126,-266,-360
20030127,-296,-379
20030128,-213,-310
20030129,-123,-246
20030130,-124,-158
20030131,-155,-238
20030201,-140,-214
20030202,-81,-167
20030203,-72,-161
20030204,-54,-87
20030205,-82,-205
20030206,-200,-330
20030207,-254,-370
20030208,-224,-290
20030209,-260,-392
20030210,-180,-290
20030211,-73,-195
20030212,-73,-127
20030213,-98,-195
20030214,-105,-161
20030215,-142,-310
20030216,-151,-257
20030217,-152,-249
20030218,-179,-301
20030219,-136,-187
20030220,-157,-285
20030221,-194,-341
20030222,-138,-197
20030223,-113,-206
20030224,-75,-199
20030225,-83,-174
20030226,-113,-238
20030227,-181,-325
20030228,-147,-303
20030301,-163,-329
20030302,-135,-209
20030303,-108,-197
20030304,-120,-234
20030305,-130,-189
20030306,-148,-251
20030307,-184,-310
20030308,-252,-391
20030309,-200,-374
20030310,-119,-245
20030311,-98,-269
20030312,-97,-269
20030313,-43,-253
20030314,-25,-183
20030315,-3,-134
20030316,-6,-77
20030317,13,-113
20030318,28,-200
20030319,27,-25
20030320,-6,-95
20030321,-10,-73
20030322,-13,-94
20030323,-30,-154
20030324,-33,-126
20030325,7,-70
20030326,48,-102
20030327,29,-75
20030328,-9,-143
20030329,-10,-151
20030330,16,-113
20030331,25,-35
20030401,7,-68
20030402,13,-35
20030403,6,-85
20030404,21,-156
20030405,65,-121
20030406,52,-113
20030407,90,-120
20030408,89,-123
20030409,69,-46
20030410,12,-82
20030411,-16,-84
20030412,-55,-102
20030413,-50,-193
20030414,-12,-130
20030415,22,-68
20030416,19,-107
20030417,35,-54
20030418,44,-27
20030419,32,-6
20030420,11,-61
20030421,10,-96
20030422,33,-55
20030423,-19,-96
20030424,-31,-157
20030425,-24,-136
20030426,-6,-176
20030427,56,-173
20030428,33,-30
20030429,29,-4
20030430,6,-47
20030501,-5,-87
20030502,7,-96
20030503,8,-140
20030504,53,-61
20030505,71,-96
20030506,105,-46
20030507,152,-22
20030508,156,-28
20030509,100,29
20030510,106,-21
20030511,144,-33
20030512,137,-25
20030513,136,-16
20030514,154,-26
20030515,153,11
20030516,115,55
20030517,161,56
20030518,162,47
20030519,156,8
20030520,76,-36
20030521,51,-19
20030522,56,-34
20030523,103,-59
20030524,164,-41
20030525,139,58
20030526,111,-10
20030527,86,-1
20030528,63,-13
20030529,139,-16
20030530,216,23
20030531,218,52
20030601,247,34
20030602,243,121
20030603,173,69
20030604,134,49
20030605,139,-5
20030606,201,-18
20030607,264,40
20030608,307,75
20030609,301,119
20030610,256,84
20030611,274,145
20030612,262,104
20030613,241,117
20030614,269,82
20030615,265,157
20030616,230,133
20030617,230,132
20030618,238,20
20030619,275,57
20030620,271,152
20030621,216,33
20030622,216,108
20030623,232,39
20030624,273,82
20030625,268,84
20030626,269,98
20030627,303,81
20030628,287,111
20030629,234,108
20030630,223,117
20030701,233,97
20030702,172,101
20030703,185,50
20030704,257,95
20030705,256,107
20030706,253,117
20030707,238,124
20030708,299,141
20030709,317,140
20030710,317,146
20030711,305,129
20030712,231,138
20030713,195,94
20030714,192,105
20030715,227,106
20030716,228,76
20030717,206,145
20030718,220,121
20030719,271,117
20030720,271,147
20030721,249,149
20030722,276,122
20030723,271,162
20030724,229,154
20030725,179,119
20030726,169,101
20030727,209,74
20030728,242,54
20030729,268,55
20030730,276,127
20030731,242,125
20030801,225,70
20030802,215,78
20030803,195,131
20030804,185,103
20030805,190,87
20030806,169,65
20030807,162,82
20030808,150,73
20030809,100,46
20030810,155,59
20030811,168,89
20030812,151,109
20030813,142,105
20030814,156,100
20030815,172,114
20030816,234,84
20030817,238,72
20030818,240,71
20030819,250,67
20030820,255,69
20030821,254,75
20030822,263,76
20030823,254,131
20030824,230,73
20030825,209,39
20030826,206,49
20030827,220,41
20030828,256,87
20030829,225,82
20030830,203,132
20030831,226,87
20030901,234,80
20030902,218,113
20030903,172,85
20030904,157,112
20030905,211,97
20030906,198,58
20030907,114,46
20030908,95,43
20030909,98,11
20030910,80,5
20030911,95,-22
20030912,98,-47
20030913,77,-29
20030914,82,8
20030915,75,-21
20030916,87,32
20030917,86,44
20030918,101,60
20030919,116,49
20030920,115,79
20030921,94,23
20030922,104,-18
20030923,97,-27
20030924,141,-22
20030925,155,5
20030926,162,58
20030927,128,-23
20030928,70,28
20030929,70,15
20030930,59,-5
20031001,55,-66
20031002,34,-43
20031003,75,7
20031004,73,17
20031005,35,-31
20031006,-17,-94
20031007,-63,-121
20031008,-42,-98
20031009,-2,-113
20031010,19,-127
20031011,18,-80
20031012,36,-6
20031013,100,20
20031014,76,37
20031015,58,31
20031016,40,-77
20031017,-10,-81
20031018,20,-12
20031019,11,-17
20031020,-3,-74
20031021,-26,-82
20031022,6,-27
20031023,12,-60
20031024,-8,-91
20031025,11,-59
20031026,-58,-122
20031027,-79,-131
20031028,-51,-103
20031029,-82,-173
20031030,-144,-225
20031031,-124,-216
20031101,-148,-200
20031102,-132,-184
20031103,-147,-214
20031104,-186,-288
20031105,-203,-309
20031106,-83,-205
20031107,-64,-86
20031108,-48,-79
20031109,-57,-95
20031110,-68,-180
20031111,-114,-201
20031112,-98,-164
20031113,-71,-156
20031114,-125,-207
20031115,-100,-152
20031116,-88,-216
20031117,-156,-215
20031118,-157,-307
20031119,-268,-329
20031120,-217,-279
20031121,-270,-355
20031122,-350,-421
20031123,-383,-442
20031124,-378,-435
20031125,-310,-399
20031126,-265,-325
20031127,-235,-276
20031128,-241,-313
20031129,-210,-244
20031130,-242,-370
20031201,-367,-400
20031202,-390,-428
20031203,-402,-434
20031204,-394,-427
20031205,-400,-438
20031206,-385,-436
20031207,-387,-429
20031208,-316,-403
20031209,-150,-316
20031210,-9,-160
20031211,6,-79
20031212,-76,-153
20031213,-131,-237
20031214,-104,-162
20031215,-138,-224
20031216,-163,-213
20031217,-135,-268
20031218,-105,-152
20031219,-95,-138
20031220,-115,-139
20031221,-124,-175
20031222,-154,-208
20031223,-123,-187
20031224,-144,-189
20031225,-38,-147
20031226,-43,-139
20031227,-138,-276
20031228,-258,-296
20031229,-225,-261
20031230,-225,-317
20031231,-270,-366
20040101,-239,-291
20040102,-231,-280
20040103,-260,-330
20040104,-232,-300
20040105,-237,-315
20040106,-199,-270
20040107,-211,-349
20040108,-340,-428
20040109,-281,-340
20040110,-249,-358
20040111,-158,-253
20040112,-148,-256
20040113,-201,-263
20040114,-241,-281
20040115,-172,-261
20040116,-151,-227
20040117,-150,-200
20040118,-187,-269
20040119,-254,-298
20040120,-241,-313
20040121,-240,-301
20040122,-255,-309
20040123,-234,-310
20040124,-157,-236
20040125,-160,-232
20040126,-170,-240
20040127,-181,-258
20040128,-180,-259
20040129,-249,-281
20040130,-241,-274
20040131,-242,-286
20040201,-163,-261
20040202,-137,-199
20040203,-163,-297
20040204,-178,-264
20040205,-95,-198
20040206,-88,-138
20040207,-127,-267
20040208,-186,-273
20040209,-204,-312
20040210,-159,-283
20040211,-49,-163
20040212,-26,-172
20040213,-91,-189
20040214,-158,-264
20040215,-186,-266
20040216,-188,-273
20040217,-185,-227
20040218,-187,-235
20040219,-217,-315
20040220,-252,-395
20040221,-234,-377
20040222,-227,-355
20040223,-188,-269
20040224,-189,-294
20040225,-202,-340
20040226,-113,-204
20040227,-153,-250
20040228,-192,-362
20040229,-185,-357
20040301,-165,-321
20040302,-71,-183
20040303,-100,-148
20040304,-83,-239
20040305,-20,-191
20040306,-49,-183
20040307,-42,-180
20040308,-3,-67
20040309,-64,-208
20040310,-206,-325
20040311,-185,-302
20040312,-116,-294
20040313,-125,-256
20040314,-172,-259
20040315,-200,-337
20040316,-88,-206
20040317,-82,-116
20040318,-26,-124
20040319,-34,-76
20040320,-45,-80
20040321,-42,-104
20040322,-57,-117
20040323,-85,-285
20040324,-72,-119
20040325,-98,-158
20040326,-103,-199
20040327,-117,-314
20040328,-77,-270
20040329,-75,-273
20040330,-63,-271
20040331,-40,-248
20040401,-5,-114
20040402,-15,-55
20040403,6,-56
20040404,-53,-139
20040405,17,-169
20040406,48,-14
20040407,46,3
20040408,17,-29
20040409,6,-66
20040410,-21,-94
20040411,-27,-152
20040412,-29,-189
20040413,-25,-217
20040414,-14,-146
20040415,-11,-187
20040416,-1,-64
20040417,31,-146
20040418,29,-126
20040419,51,-103
20040420,59,-108
20040421,53,-31
20040422,53,-43
20040423,15,-86
20040424,87,-108
20040425,85,-29
20040426,23,-20
20040427,-16,-103
20040428,-24,-142
20040429,6,-129
20040430,44,-149
20040501,25,-55
20040502,11,-124
20040503,47,-53
20040504,46,-63
20040505,42,-35
20040506,41,-7
20040507,43,-2
20040508,55,-3
20040509,66,-33
20040510,66,17
20040511,45,-17
20040512,62,-7
20040513,110,-37
20040514,96,21
20040515,201,28
20040516,211,24
20040517,190,42
20040518,85,-6
20040519,137,4
20040520,179,0
20040521,100,28
20040522,90,-1
20040523,88,-39
20040524,103,-22
20040525,112,-16
20040526,138,10
20040527,153,-5
20040528,135,58
20040529,157,10
20040530,183,10
20040531,171,51
20040601,66,24
20040602,129,-23
20040603,133,46
20040604,123,35
20040605,174,38
20040606,280,95
20040607,263,117
20040608,200,41
20040609,156,83
20040610,231,50
20040611,258,88
20040612,239,102
20040613,191,114
20040614,217,122
20040615,250,85
20040616,203,140
20040617,236,119
20040618,223,98
20040619,219,131
20040620,252,127
20040621,255,112
20040622,242,153
20040623,241,112
20040624,255,142
20040625,240,108
20040626,248,71
20040627,291,85
20040628,289,100
20040629,279,114
20040630,213,78
20040701,224,36
20040702,204,104
20040703,178,37
20040704,171,107
20040705,161,106
20040706,154,63
20040707,203,79
20040708,225,64
20040709,215,124
20040710,277,117
20040711,256,136
20040712,279,130
20040713,231,159
20040714,237,157
20040715,258,93
20040716,230,135
20040717,234,116
20040718,206,122
20040719,234,136
20040720,193,141
20040721,212,88
20040722,250,77
20040723,236,148
20040724,176,48
20040725,126,45
20040726,181,42
20040727,212,71
20040728,209,56
20040729,222,38
20040730,223,73
20040731,207,91
20040801,200,81
20040802,182,94
20040803,161,114
20040804,137,104
20040805,198,105
20040806,167,90
20040807,118,-5
20040808,88,47
20040809,131,50
20040810,199,84
20040811,197,100
20040812,137,28
20040813,124,17
20040814,120,96
20040815,174,56
20040816,172,108
20040817,240,75
20040818,235,87
20040819,219,87
20040820,171,56
20040821,166,37
20040822,209,73
20040823,155,36
20040824,131,51
20040825,116,48
20040826,166,-3
20040827,203,0
20040828,242,122
20040829,219,78
20040830,138,92
20040831,136,74
20040901,147,-1
20040902,133,1
20040903,124,64
20040904,134,61
20040905,124,52
20040906,148,66
20040907,144,94
20040908,124,68
20040909,118,64
20040910,86,41
20040911,71,21
20040912,77,38
20040913,124,46
20040914,111,72
20040915,95,-14
20040916,96,-11
20040917,80,41
20040918,79,42
20040919,153,56
20040920,119,74
20040921,76,8
20040922,49,11
20040923,62,-18
20040924,49,-26
20040925,25,-16
20040926,3,-23
20040927,26,-43
20040928,47,-33
20040929,87,-59
20040930,60,-55
20041001,36,-30
20041002,42,0
20041003,43,8
20041004,35,-10
20041005,21,-27
20041006,12,-17
20041007,-10,-33
20041008,8,-20
20041009,21,-15
20041010,30,-18
20041011,9,-58
20041012,44,2
20041013,84,-10
20041014,-7,-53
20041015,0,-85
20041016,18,-24
20041017,-4,-56
20041018,-50,-100
20041019,-58,-148
20041020,-25,-67
20041021,-54,-121
20041022,-114,-193
20041023,-128,-238
20041024,-43,-135
20041025,-30,-108
20041026,6,-35
20041027,19,-4
20041028,20,-64
20041029,-63,-121
20041030,-24,-153
20041031,22,-37
20041101,5,-134
20041102,-115,-172
20041103,-99,-159
20041104,-91,-198
20041105,-67,-107
20041106,-71,-90
20041107,-81,-128
20041108,-123,-217
20041109,-108,-198
20041110,-99,-131
20041111,-86,-108
20041112,-54,-115
20041113,-59,-136
20041114,-14,-120
20041115,-3,-27
20041116,10,-18
20041117,12,-19
20041118,2,-20
20041119,16,-36
20041120,-20,-130
20041121,-3,-110
20041122,-107,-238
20041123,-128,-281
20041124,-95,-168
20041125,-93,-190
20041126,-147,-299
20041127,-280,-326
20041128,-186,-283
20041129,-178,-259
20041130,-255,-286
20041201,-271,-325
20041202,-204,-277
20041203,-236,-283
20041204,9999,-378
20041205,-378,-426
20041206,-420,-451
20041207,-332,-435
20041208,-301,-338
20041209,-329,-372
20041210,-370,-405
20041211,-404,-444
20041212,-397,-456
20041213,-329,-397
20041214,-338,-407
20041215,-290,-370
20041216,-292,-329
20041217,-280,-340
20041218,-265,-336
20041219,-261,-314
20041220,-283,-328
20041221,-324,-359
20041222,-327,-357
20041223,-318,-358
20041224,-262,-332
20041225,-290,-324
20041226,-288,-342
20041227,-315,-362
20041228,-352,-377
20041229,-307,-358
20041230,-201,-317
20041231,-202,-254
20050101,-216,-262
20050102,-260,-379
20050103,-302,-353
20050104,-255,-310
20050105,-202,-261
20050106,-131,-246
20050107,-225,-301
20050108,-200,-262
20050109,-154,-204
20050110,-180,-208
20050111,-201,-247
20050112,-149,-246
20050113,-128,-168
20050114,-76,-133
20050115,-78,-211
20050116,-194,-238
20050117,-199,-246
20050118,-224,-276
20050119,-179,-234
20050120,-177,-258
20050121,-244,-297
20050122,-270,-315
20050123,-274,-324
20050124,-283,-360
20050125,-195,-287
20050126,-186,-250
20050127,-117,-193
20050128,-150,-232
20050129,-139,-266
20050130,-131,-233
20050131,-213,-254
20050201,-209,-357
20050202,-293,-360
20050203,-299,-396
20050204,-308,-391
20050205,-280,-376
20050206,-255,-352
20050207,-279,-374
20050208,-268,-379
20050209,-261,-364
20050210,-280,-365
20050211,-215,-312
20050212,-218,-311
20050213,-216,-302
20050214,-226,-352
20050215,-244,-371
20050216,-250,-362
20050217,-222,-365
20050218,-209,-315
20050219,-234,-343
20050220,-202,-343
20050221,-203,-359
20050222,-232,-365
20050223,-205,-356
20050224,-145,-280
20050225,-130,-246
20050226,-120,-283
20050227,-113,-211
20050228,-114,-287
20050301,-98,-225
20050302,-107,-253
20050303,17,-155
20050304,18,-113
20050305,-110,-263
20050306,-153,-194
20050307,-167,-333
20050308,-143,-333
20050309,-113,-328
20050310,-114,-321
20050311,-12,-222
20050312,19,-193
20050313,3,-78
20050314,-76,-194
20050315,-101,-280
20050316,-55,-240
20050317,2,-138
20050318,8,-97
20050319,-96,-242
20050320,-92,-149
20050321,-76,-214
20050322,-74,-255
20050323,6,-76
20050324,-14,-191
20050325,-2,-206
20050326,-7,-73
20050327,15,-185
20050328,7,-42
20050329,14,-89
20050330,45,-30
20050331,67,-108
20050401,64,-21
20050402,13,-110
20050403,-30,-115
20050404,-54,-217
20050405,35,-191
20050406,47,-145
20050407,41,-95
20050408,20,-83
20050409,-14,-161
20050410,-54,-177
20050411,-46,-182
20050412,-36,-159
20050413,89,-144
20050414,135,-53
20050415,138,-42
20050416,38,-59
20050417,-5,-109
20050418,44,-148
20050419,56,-78
20050420,56,1
20050421,54,5
20050422,62,-52
20050423,89,14
20050424,119,-25
20050425,35,-28
20050426,41,-7
20050427,39,-39
20050428,-2,-111
20050429,-10,-72
20050430,38,-155
20050501,27,-45
20050502,49,-74
20050503,49,-37
20050504,39,-54
20050505,51,-56
20050506,67,-64
20050507,104,-58
20050508,135,-24
20050509,125,64
20050510,156,31
20050511,170,15
20050512,188,32
20050513,159,16
20050514,175,1
20050515,178,2
20050516,165,-4
20050517,214,67
20050518,187,36
20050519,197,14
20050520,214,41
20050521,254,16
20050522,245,18
20050523,103,-6
20050524,88,14
20050525,91,-28
20050526,117,48
20050527,193,7
20050528,220,21
20050529,207,95
20050530,260,41
20050531,260,72
20050601,236,101
20050602,231,122
20050603,158,71
20050604,108,59
20050605,168,65
20050606,199,111
20050607,240,45
20050608,236,105
20050609,190,61
20050610,252,90
20050611,268,120
20050612,263,88
20050613,246,69
20050614,248,29
20050615,291,58
20050616,274,114
20050617,235,139
20050618,213,135
20050619,188,80
20050620,198,40
20050621,177,88
20050622,155,72
20050623,183,69
20050624,217,53
20050625,222,41
20050626,221,105
20050627,208,96
20050628,194,123
20050629,214,121
20050630,210,118
20050701,195,140
20050702,214,101
20050703,248,124
20050704,286,110
20050705,304,119
20050706,321,134
20050707,311,181
20050708,279,141
20050709,244,96
20050710,202,142
20050711,202,150
20050712,196,126
20050713,194,104
20050714,201,116
20050715,210,101
20050716,207,88
20050717,240,124
20050718,256,100
20050719,231,105
20050720,236,123
20050721,260,121
20050722,268,113
20050723,285,98
20050724,297,113
20050725,316,140
20050726,313,134
20050727,328,144
20050728,252,167
20050729,256,128
20050730,286,148
20050731,269,140
20050801,247,96
20050802,262,49
20050803,250,140
20050804,257,159
20050805,240,172
20050806,230,169
20050807,216,127
20050808,214,52
20050809,203,72
20050810,164,70
20050811,145,28
20050812,136,38
20050813,124,39
20050814,134,50
20050815,125,52
20050816,170,7
20050817,153,75
20050818,194,111
20050819,230,124
20050820,204,108
20050821,220,51
20050822,272,73
20050823,290,107
20050824,261,152
20050825,214,78
20050826,178,112
20050827,171,46
20050828,118,-25
20050829,164,78
20050830,185,106
20050831,202,22
20050901,209,78
20050902,197,47
20050903,207,48
20050904,205,86
20050905,201,24
20050906,216,15
20050907,182,81
20050908,152,90
20050909,136,76
20050910,142,66
20050911,113,85
20050912,121,67
20050913,97,19
20050914,64,17
20050915,103,-17
20050916,67,-27
20050917,83,30
20050918,115,57
20050919,160,70
20050920,164,15
20050921,138,-25
20050922,174,64
20050923,156,1
20050924,122,23
20050925,58,18
20050926,67,-14
20050927,48,1
20050928,19,-56
20050929,60,-17
20050930,80,21
20051001,80,34
20051002,97,50
20051003,56,-14
20051004,8,-22
20051005,60,1
20051006,59,1
20051007,98,24
20051008,81,-9
20051009,67,4
20051010,27,-44
20051011,-3,-27
20051012,5,-30
20051013,36,-8
20051014,27,-30
20051015,23,-57
20051016,-15,-56
20051017,-30,-115
20051018,-53,-103
20051019,-94,-213
20051020,3,-137
20051021,47,-22
20051022,-10,-86
20051023,-35,-132
20051024,-38,-107
20051025,-14,-65
20051026,40,-16
20051027,55,17
20051028,29,-26
20051029,3,-44
20051030,-33,-82
20051031,-81,-149
20051101,-95,-167
20051102,-58,-103
20051103,-48,-90
20051104,-88,-156
20051105,-154,-333
20051106,-191,-261
20051107,-211,-297
20051108,-122,-221
20051109,-86,-127
20051110,-81,-105
20051111,-90,-124
20051112,-92,-126
20051113,-93,-157
20051114,-92,-139
20051115,-77,-120
20051116,-31,-92
20051117,-27,-121
20051118,-40,-63
20051119,-18,-48
20051120,-23,-46
20051121,-30,-42
20051122,-35,-67
20051123,-53,-77
20051124,-74,-221
20051125,-211,-247
20051126,-245,-299
20051127,-236,-334
20051128,-236,-322
20051129,-290,-340
20051130,-326,-353
20051201,-349,-415
20051202,-382,-420
20051203,-332,-383
20051204,-354,-395
20051205,-276,-373
20051206,-276,-332
20051207,-265,-312
20051208,-238,-308
20051209,-295,-348
20051210,-318,-378
20051211,-354,-387
20051212,-330,-385
20051213,-222,-330
20051214,-255,-310
20051215,-292,-341
20051216,-161,-293
20051217,-180,-210
20051218,-161,-250
20051219,-239,-327
20051220,-95,-250
20051221,-71,-110
20051222,-78,-165
20051223,-124,-341
20051224,-340,-414
20051225,-404,-442
20051226,-352,-429
20051227,-348,-398
20051228,-398,-436
20051229,-299,-428
20051230,-291,-323
20051231,-309,-361
20060101,-360,-413
20060102,-380,-436
20060103,-223,-382
20060104,-203,-233
20060105,-182,-214
20060106,-158,-291
20060107,-289,-418
20060108,-358,-399
20060109,-297,-359
20060110,-230,-301
20060111,-256,-391
20060112,-389,-422
20060113,-410,-457
20060114,-448,-492
20060115,-446,-492
20060116,-415,-449
20060117,-313,-436
20060118,-306,-320
20060119,-313,-390
20060120,-386,-474
20060121,-370,-430
20060122,-378,-443
20060123,-286,-391
20060124,-305,-334
20060125,-268,-316
20060126,-302,-437
20060127,-360,-444
20060128,-364,-442
20060129,-440,-538
20060130,-449,-531
20060131,-454,-512
20060201,-433,-511
20060202,-440,-504
20060203,-399,-486
20060204,-380,-461
20060205,-367,-444
20060206,-338,-442
20060207,-307,-392
20060208,-150,-317
20060209,-170,-298
20060210,-238,-353
20060211,-135,-255
20060212,-178,-303
20060213,-235,-330
20060214,-297,-422
20060215,-200,-352
20060216,-90,-203
20060217,-103,-153
20060218,-150,-287
20060219,-202,-295
20060220,-239,-398
20060221,-240,-402
20060222,-243,-400
20060223,-225,-373
20060224,-116,-237
20060225,-86,-226
20060226,-75,-188
20060227,-77,-114
20060228,-96,-257
20060301,-105,-234
20060302,-77,-212
20060303,-70,-152
20060304,-77,-208
20060305,-85,-220
20060306,-115,-228
20060307,-141,-323
20060308,-126,-186
20060309,-139,-224
20060310,-127,-343
20060311,-54,-221
20060312,31,-158
20060313,41,-79
20060314,-62,-199
20060315,-89,-179
20060316,-143,-270
20060317,-80,-234
20060318,-78,-215
20060319,-89,-330
20060320,-76,-267
20060321,-71,-227
20060322,-42,-152
20060323,-69,-222
20060324,-80,-235
20060325,-39,-184
20060326,-25,-197
20060327,-39,-143
20060328,-16,-127
20060329,-19,-125
20060330,-27,-97
20060331,-53,-176
20060401,-46,-216
20060402,-48,-206
20060403,-53,-219
20060404,-47,-206
20060405,-42,-97
20060406,-55,-94
20060407,-56,-163
20060408,-47,-239
20060409,-55,-193
20060410,-66,-224
20060411,-50,-146
20060412,-33,-213
20060413,-17,-213
20060414,4,-211
20060415,-11,-91
20060416,3,-54
20060417,16,-147
20060418,28,-152
20060419,56,-24
20060420,52,-66
20060421,5,-86
20060422,29,-123
20060423,68,-14
20060424,90,2
20060425,77,-40
20060426,56,19
20060427,26,-19
20060428,3,-95
20060429,-9,-80
20060430,-3,-132
20060501,15,-86
20060502,14,-99
20060503,41,-107
20060504,42,-10
20060505,50,-9
20060506,59,-9
20060507,61,-53
20060508,67,-43
20060509,77,6
20060510,82,-22
20060511,80,7
20060512,33,-11
20060513,73,-22
20060514,43,4
20060515,30,-1
20060516,143,-35
20060517,179,-16
20060518,193,-5
20060519,187,-7
20060520,106,-17
20060521,54,-4
20060522,60,-31
20060523,118,-32
20060524,115,44
20060525,137,12
20060526,212,49
20060527,133,81
20060528,135,-25
20060529,169,3
20060530,153,66
20060531,141,28
20060601,126,32
20060602,231,53
20060603,226,88
20060604,210,67
20060605,253,23
20060606,253,52
20060607,215,48
20060608,160,48
20060609,161,44
20060610,193,21
20060611,228,48
20060612,233,52
20060613,213,99
20060614,180,106
20060615,177,103
20060616,180,106
20060617,212,65
20060618,249,69
20060619,275,76
20060620,300,93
20060621,317,114
20060622,321,121
20060623,315,146
20060624,314,153
20060625,292,151
20060626,255,151
20060627,251,160
20060628,287,157
20060629,280,124
20060630,281,145
20060701,272,145
20060702,297,86
20060703,316,110
20060704,285,145
20060705,268,183
20060706,282,172
20060707,278,178
20060708,286,166
20060709,282,165
20060710,314,96
20060711,298,176
20060712,228,142
20060713,228,120
20060714,263,75
20060715,276,92
20060716,289,113
20060717,284,116
20060718,265,135
20060719,235,80
20060720,253,58
20060721,263,58
20060722,289,75
20060723,281,98
20060724,295,129
20060725,274,149
20060726,232,86
20060727,230,73
20060728,263,57
20060729,243,110
20060730,257,115
20060731,260,110
20060801,231,136
20060802,223,71
20060803,168,89
20060804,180,61
20060805,191,56
20060806,175,119
20060807,193,85
20060808,187,98
20060809,188,83
20060810,190,119
20060811,218,69
20060812,210,80
20060813,222,42
20060814,242,50
20060815,236,70
20060816,221,81
20060817,152,102
20060818,128,74
20060819,76,43
20060820,115,71
20060821,135,53
20060822,134,27
20060823,168,54
20060824,175,45
20060825,144,76
20060826,93,23
20060827,63,8
20060828,93,9
20060829,121,27
20060830,157,4
20060831,184,4
20060901,163,26
20060902,159,51
20060903,146,103
20060904,133,11
20060905,60,-11
20060906,109,-2
20060907,90,-26
20060908,216,27
20060909,213,103
20060910,188,57
20060911,172,11
20060912,200,42
20060913,176,110
20060914,171,63
20060915,135,86
20060916,118,50
20060917,162,11
20060918,198,40
20060919,175,91
20060920,115,-25
20060921,101,-11
20060922,121,-31
20060923,123,-47
20060924,92,-5
20060925,120,11
20060926,100,29
20060927,41,1
20060928,59,5
20060929,54,-14
20060930,27,-20
20061001,41,-9
20061002,5,-29
20061003,4,-41
20061004,2,-53
20061005,13,-104
20061006,-14,-133
20061007,-3,-164
20061008,-16,-149
20061009,6,-129
20061010,8,-169
20061011,-32,-171
20061012,-22,-72
20061013,-46,-71
20061014,-45,-99
20061015,-30,-115
20061016,-29,-50
20061017,-38,-121
20061018,-97,-218
20061019,-82,-182
20061020,-26,-97
20061021,-11,-37
20061022,-6,-58
20061023,-55,-155
20061024,-66,-128
20061025,-40,-77
20061026,-46,-164
20061027,-152,-279
20061028,-80,-180
20061029,-47,-162
20061030,-155,-272
20061031,8,-155
20061101,-2,-67
20061102,-60,-159
20061103,-62,-163
20061104,-159,-296
20061105,-89,-207
20061106,-5,-117
20061107,-115,-285
20061108,-146,-259
20061109,-109,-161
20061110,-89,-118
20061111,-46,-100
20061112,-50,-135
20061113,-134,-216
20061114,-86,-140
20061115,-36,-94
20061116,-75,-177
20061117,-151,-236
20061118,-224,-282
20061119,-280,-368
20061120,-253,-338
20061121,-204,-264
20061122,-262,-338
20061123,-260,-323
20061124,-308,-376
20061125,-373,-431
20061126,-380,-442
20061127,-228,-385
20061128,-190,-243
20061129,-180,-253
20061130,-250,-344
20061201,-229,-294
20061202,-286,-352
20061203,-245,-289
20061204,-260,-287
20061205,-265,-310
20061206,-227,-279
20061207,-194,-231
20061208,-133,-198
20061209,-95,-150
20061210,-78,-264
20061211,-251,-274
20061212,-262,-393
20061213,-389,-439
20061214,-417,-466
20061215,-239,-421
20061216,-142,-242
20061217,-117,-155
20061218,-92,-130
20061219,-34,-112
20061220,-33,-99
20061221,-97,-260
20061222,-232,-319
20061223,-230,-345
20061224,-224,-314
20061225,-246,-345
20061226,-218,-250
20061227,-225,-255
20061228,-150,-269
20061229,-110,-172
20061230,-127,-183
20061231,-180,-280
20070101,-158,-250
20070102,-115,-254
20070103,-250,-351
20070104,-197,-361
20070105,-103,-202
20070106,-105,-121
20070107,-103,-191
20070108,-189,-243
20070109,-218,-243
20070110,-227,-313
20070111,-247,-317
20070112,-220,-251
20070113,-180,-229
20070114,-88,-202
20070115,-45,-112
20070116,-49,-181
20070117,-101,-155
20070118,-103,-204
20070119,-184,-252
20070120,-193,-234
20070121,-60,-208
20070122,-40,-62
20070123,-40,-119
20070124,-115,-170
20070125,-127,-226
20070126,-107,-207
20070127,-165,-258
20070128,-190,-336
20070129,-307,-372
20070130,-220,-343
20070131,-164,-225
20070201,-132,-194
20070202,-93,-179
20070203,-142,-183
20070204,-149,-187
20070205,-173,-324
20070206,-240,-343
20070207,-217,-297
20070208,-212,-315
20070209,-156,-257
20070210,-195,-297
20070211,-143,-203
20070212,-172,-325
20070213,-221,-384
20070214,-222,-325
20070215,-235,-297
20070216,-289,-426
20070217,-335,-453
20070218,-348,-464
20070219,-287,-425
20070220,-300,-451
20070221,-285,-413
20070222,-274,-363
20070223,-287,-441
20070224,-270,-417
20070225,-218,-355
20070226,-204,-310
20070227,-173,-238
20070228,-213,-345
20070301,-206,-325
20070302,-206,-303
20070303,-195,-375
20070304,-156,-333
20070305,-132,-306
20070306,-96,-219
20070307,-156,-264
20070308,-165,-249
20070309,-132,-261
20070310,-109,-332
20070311,-115,-305
20070312,-153,-336
20070313,-150,-293
20070314,-101,-298
20070315,-104,-252
20070316,-43,-122
20070317,-20,-155
20070318,-21,-222
20070319,-39,-230
20070320,-38,-104
20070321,-28,-147
20070322,-30,-150
20070323,-11,-77
20070324,-26,-67
20070325,-20,-106
20070326,-30,-225
20070327,-19,-245
20070328,8,-118
20070329,6,-35
20070330,-22,-138
20070331,-17,-154
20070401,23,-68
20070402,59,-95
20070403,56,-33
20070404,16,-140
20070405,46,-54
20070406,94,-34
20070407,116,-67
20070408,110,-60
20070409,101,-42
20070410,91,5
20070411,94,-23
20070412,82,-49
20070413,37,-28
20070414,23,-90
20070415,27,-40
20070416,33,-113
20070417,44,-104
20070418,63,-98
20070419,88,-74
20070420,88,18
20070421,138,-53
20070422,134,-30
20070423,120,-22
20070424,106,9
20070425,85,12
20070426,149,-25
20070427,140,-5
20070428,63,-48
20070429,53,-17
20070430,123,14
20070501,96,18
20070502,30,-21
20070503,26,-33
20070504,67,3
20070505,60,-31
20070506,23,-61
20070507,93,-73
20070508,82,21
20070509,107,31
20070510,104,-11
20070511,63,-61
20070512,68,1
20070513,90,-17
20070514,21,-71
20070515,78,-61
20070516,104,-41
20070517,102,29
20070518,96,19
20070519,94,-30
20070520,88,30
20070521,120,51
20070522,121,29
20070523,139,1
20070524,155,-4
20070525,146,66
20070526,159,66
20070527,158,27
20070528,160,21
20070529,137,15
20070530,54,6
20070531,33,-11
20070601,38,-11
20070602,97,13
20070603,95,35
20070604,82,5
20070605,98,27
20070606,126,40
20070607,133,40
20070608,136,9
20070609,157,57
20070610,186,15
20070611,235,33
20070612,232,58
20070613,223,76
20070614,167,69
20070615,168,38
20070616,166,33
20070617,215,19
20070618,209,46
20070619,158,113
20070620,155,81
20070621,167,47
20070622,203,31
20070623,219,48
20070624,207,21
20070625,192,75
20070626,223,83
20070627,193,122
20070628,213,120
20070629,237,125
20070630,266,95
20070701,295,137
20070702,298,181
20070703,278,193
20070704,297,148
20070705,303,135
20070706,289,130
20070707,259,99
20070708,300,107
20070709,317,116
20070710,241,136
20070711,235,85
20070712,232,119
20070713,225,35
20070714,264,56
20070715,217,116
20070716,185,56
20070717,164,33
20070718,215,116
20070719,213,46
20070720,289,58
20070721,305,132
20070722,302,173
20070723,253,164
20070724,209,117
20070725,242,98
20070726,230,129
20070727,224,138
20070728,213,114
20070729,258,57
20070730,250,113
20070731,207,138
20070801,209,138
20070802,262,105
20070803,285,110
20070804,267,134
20070805,218,156
20070806,196,82
20070807,183,75
20070808,194,62
20070809,225,62
20070810,237,96
20070811,235,125
20070812,168,94
20070813,167,55
20070814,146,95
20070815,120,79
20070816,147,82
20070817,177,86
20070818,171,64
20070819,189,40
20070820,200,114
20070821,194,103
20070822,167,83
20070823,169,13
20070824,151,87
20070825,139,33
20070826,92,34
20070827,145,69
20070828,197,44
20070829,188,134
20070830,170,104
20070831,154,-5
20070901,242,45
20070902,230,48
20070903,194,99
20070904,203,39
20070905,192,79
20070906,149,51
20070907,123,37
20070908,120,69
20070909,112,49
20070910,99,66
20070911,70,26
20070912,63,-11
20070913,69,-2
20070914,128,67
20070915,97,61
20070916,78,41
20070917,82,-2
20070918,76,42
20070919,56,15
20070920,39,-14
20070921,82,-1
20070922,84,-66
20070923,93,-73
20070924,76,-50
20070925,97,-39
20070926,75,-54
20070927,62,1
20070928,48,2
20070929,50,3
20070930,4,-29
20071001,5,-16
20071002,2,-18
20071003,10,-32
20071004,3,-82
20071005,2,-35
20071006,35,-5
20071007,61,-29
20071008,-25,-69
20071009,-3,-111
20071010,15,-31
20071011,24,-5
20071012,68,-61
20071013,54,-108
20071014,0,-97
20071015,19,-19
20071016,-2,-31
20071017,20,-38
20071018,-4,-76
20071019,25,-14
20071020,9,-9
20071021,2,-25
20071022,3,-79
20071023,-75,-142
20071024,-96,-144
20071025,-95,-175
20071026,-17,-98
20071027,-4,-33
20071028,-15,-39
20071029,-33,-102
20071030,-70,-131
20071031,16,-76
20071101,13,-7
20071102,33,-11
20071103,20,-7
20071104,6,-15
20071105,7,-27
20071106,-21,-107
20071107,8,-67
20071108,-5,-23
20071109,-2,-163
20071110,-161,-268
20071111,-177,-224
20071112,-219,-294
20071113,-244,-318
20071114,-170,-246
20071115,-161,-289
20071116,-274,-356
20071117,-316,-384
20071118,-303,-379
20071119,-339,-396
20071120,-259,-385
20071121,-155,-261
20071122,-133,-220
20071123,-135,-227
20071124,-224,-301
20071125,-162,-295
20071126,-38,-163
20071127,-47,-123
20071128,-122,-183
20071129,-74,-144
20071130,-66,-80
20071201,-63,-104
20071202,-64,-89
20071203,-86,-172
20071204,-67,-115
20071205,-74,-229
20071206,-223,-294
20071207,-281,-334
20071208,-215,-307
20071209,-135,-219
20071210,-130,-154
20071211,-72,-136
20071212,-77,-108
20071213,-81,-125
20071214,-123,-213
20071215,-207,-361
20071216,-326,-372
20071217,-370,-426
20071218,-400,-447
20071219,-320,-445
20071220,-265,-324
20071221,-174,-268
20071222,-252,-380
20071223,-209,-341
20071224,-201,-268
20071225,-143,-265
20071226,-134,-278
20071227,-243,-302
20071228,-270,-371
20071229,-233,-315
20071230,-99,-240
20071231,-104,-158
20080101,-153,-180
20080102,-163,-351
20080103,-350,-455
20080104,-393,-484
20080105,-238,-395
20080106,-250,-326
20080107,-325,-449
20080108,-248,-433
20080109,-234,-425
20080110,-425,-500
20080111,-437,-470
20080112,-418,-469
20080113,-422,-458
20080114,-412,-464
20080115,-415,-463
20080116,-411,-454
20080117,-405,-443
20080118,-386,-428
20080119,-362,-407
20080120,-395,-450
20080121,-335,-414
20080122,-194,-336
20080123,-173,-229
20080124,-121,-196
20080125,-173,-258
20080126,-162,-266
20080127,-264,-324
20080128,-261,-304
20080129,-280,-351
20080130,-244,-341
20080131,-242,-314
20080201,-248,-334
20080202,-252,-312
20080203,-158,-255
20080204,-194,-337
20080205,-110,-229
20080206,-135,-270
20080207,-166,-268
20080208,-203,-272
20080209,-226,-383
20080210,-251,-374
20080211,-151,-265
20080212,-170,-263
20080213,-258,-374
20080214,-122,-295
20080215,-101,-134
20080216,-106,-198
20080217,-150,-281
20080218,-182,-264
20080219,-173,-279
20080220,-185,-275
20080221,-224,-348
20080222,-182,-334
20080223,-100,-196
20080224,-103,-224
20080225,-44,-179
20080226,-31,-52
20080227,-43,-133
20080228,-29,-125
20080229,-22,-127
20080301,-127,-279
20080302,-46,-135
20080303,-9,-67
20080304,-23,-142
20080305,-1,-86
20080306,3,-137
20080307,15,-123
20080308,-4,-65
20080309,-47,-176
20080310,-58,-122
20080311,-93,-250
20080312,-128,-228
20080313,-98,-234
20080314,-63,-168
20080315,-36,-87
20080316,-48,-200
20080317,-138,-272
20080318,-88,-241
20080319,-44,-136
20080320,-15,-58
20080321,-38,-120
20080322,-33,-255
20080323,2,-57
20080324,123,-46
20080325,105,-48
20080326,-37,-199
20080327,-13,-90
20080328,-14,-163
20080329,66,-77
20080330,96,-103
20080331,72,-4
20080401,34,-27
20080402,33,-12
20080403,19,-103
20080404,-67,-178
20080405,-114,-272
20080406,-90,-168
20080407,-58,-216
20080408,-40,-110
20080409,-61,-161
20080410,-54,-158
20080411,-64,-130
20080412,-93,-221
20080413,-54,-167
20080414,-42,-229
20080415,-51,-109
20080416,-56,-125
20080417,-46,-242
20080418,-62,-129
20080419,-30,-160
20080420,-38,-206
20080421,33,-189
20080422,89,-39
20080423,48,-48
20080424,73,-78
20080425,84,-1
20080426,64,-15
20080427,10,-46
20080428,45,-61
20080429,43,-27
20080430,64,-86
20080501,75,-25
20080502,95,-59
20080503,92,-56
20080504,114,-64
20080505,108,-46
20080506,90,-35
20080507,111,-54
20080508,107,-23
20080509,119,-27
20080510,143,-38
20080511,135,29
20080512,140,14
20080513,75,-24
20080514,72,-16
20080515,153,-51
20080516,199,-6
20080517,216,-4
20080518,206,72
20080519,143,-2
20080520,139,58
20080521,99,1
20080522,78,-17
20080523,79,-14
20080524,88,14
20080525,82,9
20080526,53,-19
20080527,93,-19
20080528,158,-34
20080529,163,-3
20080530,192,17
20080531,219,30
20080601,254,44
20080602,249,106
20080603,209,71
20080604,204,92
20080605,131,34
20080606,123,62
20080607,202,57
20080608,199,33
20080609,232,120
20080610,215,72
20080611,154,31
20080612,102,26
20080613,129,16
20080614,168,40
20080615,200,48
20080616,190,56
20080617,249,87
20080618,274,89
20080619,273,103
20080620,239,137
20080621,200,109
20080622,181,62
20080623,203,87
20080624,203,118
20080625,256,96
20080626,219,119
20080627,208,59
20080628,233,107
20080629,293,136
20080630,294,139
20080701,270,161
20080702,188,134
20080703,140,89
20080704,142,74
20080705,144,107
20080706,171,129
20080707,217,87
20080708,207,133
20080709,204,67
20080710,213,92
20080711,219,117
20080712,165,124
20080713,189,115
20080714,207,119
20080715,180,86
20080716,210,103
20080717,202,119
20080718,251,92
20080719,281,94
20080720,289,105
20080721,262,147
20080722,246,104
20080723,191,103
20080724,147,85
20080725,193,93
20080726,187,92
20080727,183,82
20080728,225,118
20080729,234,78
20080730,224,57
20080731,209,99
20080801,231,153
20080802,175,128
20080803,166,118
20080804,189,122
20080805,233,109
20080806,215,97
20080807,198,103
20080808,162,81
20080809,207,47
20080810,238,49
20080811,254,80
20080812,234,131
20080813,174,120
20080814,193,122
20080815,187,62
20080816,213,54
20080817,234,87
20080818,219,123
20080819,162,114
20080820,137,66
20080821,124,88
20080822,125,84
20080823,128,72
20080824,133,46
20080825,145,76
20080826,123,47
20080827,153,25
20080828,144,41
20080829,156,19
20080830,152,106
20080831,155,115
20080901,202,110
20080902,204,82
20080903,195,51
20080904,212,38
20080905,182,94
20080906,154,-22
20080907,129,-24
20080908,158,55
20080909,156,-13
20080910,138,25
20080911,109,-8
20080912,87,68
20080913,103,27
20080914,120,32
20080915,89,34
20080916,78,45
20080917,66,6
20080918,64,-16
20080919,104,-5
20080920,99,-2
20080921,69,9
20080922,54,0
20080923,39,11
20080924,85,32
20080925,98,51
20080926,92,29
20080927,91,33
20080928,88,20
20080929,67,-34
20080930,56,7
20081001,35,-19
20081002,48,1
20081003,70,16
20081004,71,17
20081005,52,6
20081006,71,30
20081007,59,12
20081008,40,-37
20081009,-15,-47
20081010,18,-23
20081011,24,-17
20081012,78,-17
20081013,54,6
20081014,20,-17
20081015,18,0
20081016,19,1
20081017,43,4
20081018,18,-1
20081019,13,-55
20081020,-52,-137
20081021,-79,-191
20081022,-95,-194
20081023,-54,-97
20081024,-34,-72
20081025,16,-40
20081026,0,-35
20081027,-27,-76
20081028,4,-37
20081029,2,-35
20081030,13,-11
20081031,1,-101
20081101,-99,-193
20081102,-125,-208
20081103,-125,-165
20081104,-163,-258
20081105,-188,-291
20081106,-135,-255
20081107,-79,-137
20081108,7,-80
20081109,-17,-147
20081110,-143,-244
20081111,-157,-198
20081112,-179,-260
20081113,-244,-309
20081114,-271,-346
20081115,-278,-340
20081116,-273,-336
20081117,-187,-307
20081118,-112,-187
20081119,-14,-117
20081120,-12,-100
20081121,-94,-176
20081122,-118,-167
20081123,-81,-158
20081124,-56,-103
20081125,-103,-181
20081126,2,-125
20081127,-32,-111
20081128,-89,-157
20081129,-7,-94
20081130,-93,-269
20081201,-268,-383
20081202,-325,-414
20081203,-414,-495
20081204,-344,-486
20081205,-214,-344
20081206,-214,-256
20081207,-220,-370
20081208,-370,-428
20081209,-335,-401
20081210,-365,-442
20081211,-370,-445
20081212,-213,-370
20081213,-190,-216
20081214,-177,-220
20081215,-195,-370
20081216,-304,-370
20081217,-278,-315
20081218,-313,-459
20081219,-458,-511
20081220,-315,-516
20081221,-189,-316
20081222,-138,-191
20081223,-160,-281
20081224,-248,-295
20081225,-192,-269
20081226,-155,-197
20081227,-150,-262
20081228,-161,-243
20081229,-148,-169
20081230,-151,-255
20081231,-123,-205
20090101,-110,-153
20090102,-128,-227
20090103,-132,-251
20090104,-248,-315
20090105,-315,-358
20090106,-254,-341
20090107,-241,-379
20090108,-218,-396
20090109,-203,-257
20090110,-221,-255
20090111,-254,-346
20090112,-290,-360
20090113,-226,-292
20090114,-242,-292
20090115,-199,-275
20090116,-148,-204
20090117,-151,-206
20090118,-198,-302
20090119,-247,-336
20090120,-334,-401
20090121,-308,-410
20090122,-169,-309
20090123,-176,-292
20090124,-212,-322
20090125,-262,-333
20090126,-219,-268
20090127,-228,-285
20090128,-269,-364
20090129,-345,-397
20090130,-355,-408
20090131,-363,-428
20090201,-389,-454
20090202,-420,-514
20090203,-429,-505
20090204,-328,-435
20090205,-263,-329
20090206,-246,-308
20090207,-238,-329
20090208,-248,-358
20090209,-322,-437
20090210,-366,-458
20090211,-370,-465
20090212,-357,-464
20090213,-310,-414
20090214,-340,-478
20090215,-345,-461
20090216,-309,-433
20090217,-310,-425
20090218,-304,-419
20090219,-238,-331
20090220,-258,-378
20090221,-215,-270
20090222,-220,-343
20090223,-198,-343
20090224,-111,-200
20090225,-112,-148
20090226,-143,-190
20090227,-117,-251
20090228,-85,-194
20090301,-103,-155
20090302,-110,-258
20090303,-92,-178
20090304,-113,-260
20090305,-113,-184
20090306,-115,-210
20090307,-148,-273
20090308,-151,-322
20090309,-101,-181
20090310,-135,-320
20090311,-161,-347
20090312,-103,-183
20090313,-113,-193
20090314,-189,-290
20090315,-211,-392
20090316,-200,-393
20090317,-158,-385
20090318,-152,-334
20090319,-134,-277
20090320,-145,-320
20090321,-128,-310
20090322,-63,-238
20090323,-10,-235
20090324,11,-214
20090325,-4,-163
20090326,-30,-172
20090327,-20,-112
20090328,-12,-148
20090329,0,-56
20090330,53,-127
20090331,32,-161
20090401,30,-139
20090402,4,-27
20090403,36,-6
20090404,87,-43
20090405,80,-2
20090406,60,-26
20090407,56,-62
20090408,-28,-108
20090409,8,-50
20090410,4,-144
20090411,-79,-166
20090412,-75,-196
20090413,-55,-238
20090414,59,-205
20090415,80,-128
20090416,84,-73
20090417,70,-24
20090418,91,-36
20090419,78,-35
20090420,13,-55
20090421,55,-10
20090422,123,-88
20090423,126,-41
20090424,163,-29
20090425,144,-34
20090426,133,-21
20090427,102,-2
20090428,86,-5
20090429,66,-73
20090430,63,-61
20090501,37,-14
20090502,28,-99
20090503,54,-32
20090504,54,-40
20090505,14,-38
20090506,4,-65
20090507,20,-88
20090508,47,-13
20090509,42,-8
20090510,89,-30
20090511,84,-65
20090512,108,9
20090513,62,4
20090514,76,1
20090515,76,-9
20090516,61,-2
20090517,93,-7
20090518,90,-2
20090519,47,8
20090520,38,-32
20090521,75,-45
20090522,71,16
20090523,61,5
20090524,107,19
20090525,108,-28
20090526,105,35
20090527,137,53
20090528,178,-20
20090529,196,37
20090530,123,29
20090531,172,28
20090601,142,57
20090602,117,6
20090603,150,45
20090604,141,79
20090605,147,88
20090606,199,53
20090607,237,52
20090608,237,103
20090609,292,54
20090610,306,109
20090611,268,119
20090612,224,129
20090613,153,92
20090614,143,104
20090615,174,97
20090616,162,76
20090617,147,64
20090618,65,4
20090619,196,61
20090620,182,73
20090621,206,82
20090622,178,105
20090623,178,111
20090624,178,121
20090625,219,108
20090626,200,96
20090627,197,101
20090628,206,124
20090629,198,57
20090630,173,95
20090701,174,38
20090702,179,125
20090703,167,29
20090704,192,35
20090705,223,64
20090706,238,79
20090707,252,75
20090708,243,81
20090709,238,110
20090710,256,141
20090711,291,85
20090712,280,121
20090713,286,96
20090714,319,83
20090715,290,128
20090716,254,146
20090717,237,116
20090718,239,125
20090719,276,98
20090720,259,110
20090721,238,168
20090722,264,145
20090723,294,141
20090724,283,148
20090725,184,167
20090726,173,146
20090727,204,114
20090728,191,98
20090729,184,62
20090730,169,61
20090731,186,108
20090801,220,113
20090802,220,87
20090803,244,83
20090804,238,72
20090805,224,53
20090806,212,136
20090807,200,125
20090808,212,30
20090809,234,41
20090810,221,144
20090811,185,101
20090812,178,126
20090813,159,39
20090814,188,23
20090815,193,45
20090816,213,42
20090817,225,86
20090818,221,69
20090819,215,79
20090820,240,38
20090821,239,66
20090822,228,60
20090823,205,74
20090824,209,110
20090825,155,119
20090826,183,25
20090827,220,20
20090828,212,34
20090829,222,25
20090830,224,100
20090831,181,119
20090901,141,50
20090902,66,-6
20090903,80,-32
20090904,78,-8
20090905,144,14
20090906,149,-24
20090907,107,-20
20090908,130,79
20090909,173,78
20090910,204,70
20090911,182,38
20090912,144,84
20090913,102,42
20090914,87,13
20090915,92,-30
20090916,108,-20
20090917,106,-15
20090918,97,32
20090919,76,12
20090920,69,-29
20090921,96,-32
20090922,112,-70
20090923,99,-40
20090924,81,19
20090925,103,-16
20090926,99,26
20090927,98,66
20090928,105,55
20090929,115,55
20090930,119,48
20091001,120,62
20091002,102,69
20091003,156,49
20091004,117,37
20091005,128,16
20091006,90,38
20091007,83,14
20091008,83,-12
20091009,104,-43
20091010,54,-31
20091011,88,-44
20091012,87,-31
20091013,52,-11
20091014,19,-27
20091015,-14,-49
20091016,-6,-28
20091017,-23,-56
20091018,-10,-55
20091019,-16,-49
20091020,-48,-100
20091021,-41,-94
20091022,-55,-77
20091023,-62,-120
20091024,-112,-169
20091025,-138,-226
20091026,-107,-157
20091027,-115,-168
20091028,-145,-214
20091029,-187,-311
20091030,-207,-317
20091031,-243,-340
20091101,-91,-246
20091102,-22,-93
20091103,-28,-71
20091104,-67,-103
20091105,-100,-208
20091106,-195,-284
20091107,-184,-271
20091108,-211,-306
20091109,-188,-300
20091110,-196,-290
20091111,-237,-315
20091112,-246,-324
20091113,-266,-349
20091114,-267,-325
20091115,-205,-327
20091116,-183,-228
20091117,-182,-269
20091118,-124,-185
20091119,-158,-251
20091120,-250,-338
20091121,-288,-324
20091122,-312,-412
20091123,-382,-448
20091124,-369,-437
20091125,-347,-414
20091126,-243,-366
20091127,-230,-320
20091128,-320,-426
20091129,-420,-474
20091130,-315,-449
20091201,-236,-315
20091202,-214,-341
20091203,-341,-435
20091204,-259,-385
20091205,-212,-262
20091206,-221,-242
20091207,-238,-410
20091208,-410,-477
20091209,-459,-478
20091210,-455,-502
20091211,-455,-500
20091212,-456,-499
20091213,-391,-460
20091214,-374,-440
20091215,-370,-408
20091216,-361,-389
20091217,-363,-392
20091218,-293,-399
20091219,-285,-383
20091220,-382,-457
20091221,-355,-467
20091222,-357,-439
20091223,-437,-466
20091224,-368,-453
20091225,-390,-463
20091226,-462,-520
20091227,-388,-496
20091228,-388,-459
20091229,-430,-470
20091230,-431,-482
20091231,-417,-476
20100101,-420,-470
20100102,-440,-471
20100103,-440,-467
20100104,-461,-491
20100105,-455,-494
20100106,-398,-477
20100107,-375,-414
20100108,-361,-395
20100109,-358,-409
20100110,-360,-400
20100111,-385,-414
20100112,-337,-437
20100113,-308,-345
20100114,-302,-358
20100115,-223,-356
20100116,-218,-317
20100117,-317,-358
20100118,-358,-442
20100119,-249,-374
20100120,-167,-251
20100121,-165,-189
20100122,-189,-225
20100123,-215,-292
20100124,-176,-283
20100125,-176,-320
20100126,-303,-442
20100127,-218,-306
20100128,-101,-222
20100129,-131,-350
20100130,-350,-452
20100131,-393,-492
20100201,-391,-476
20100202,-372,-476
20100203,-323,-436
20100204,-320,-427
20100205,-308,-413
20100206,-247,-430
20100207,-248,-361
20100208,-269,-373
20100209,-265,-362
20100210,-287,-366
20100211,-263,-405
20100212,-219,-336
20100213,-205,-235
20100214,-204,-243
20100215,-215,-325
20100216,-184,-316
20100217,-210,-354
20100218,-173,-315
20100219,-154,-180
20100220,-164,-288
20100221,-273,-436
20100222,-245,-295
20100223,-260,-398
20100224,-285,-428
20100225,-245,-425
20100226,-260,-416
20100227,-232,-401
20100228,-216,-401
20100301,-189,-314
20100302,-190,-328
20100303,-218,-362
20100304,-213,-402
20100305,-191,-407
20100306,-144,-365
20100307,-95,-232
20100308,-92,-209
20100309,-115,-245
20100310,-113,-334
20100311,-78,-338
20100312,-87,-324
20100313,-110,-275
20100314,-88,-315
20100315,-72,-304
20100316,-68,-278
20100317,-58,-134
20100318,-48,-126
20100319,-46,-186
20100320,-43,-175
20100321,-73,-175
20100322,-90,-214
20100323,-99,-231
20100324,-46,-218
20100325,-18,-83
20100326,-15,-105
20100327,24,-152
20100328,22,-67
20100329,-66,-137
20100330,-65,-246
20100331,-48,-218
20100401,-27,-213
20100402,-22,-200
20100403,0,-212
20100404,24,-206
20100405,9,-112
20100406,-18,-82
20100407,-80,-179
20100408,-48,-194
20100409,-43,-213
20100410,-43,-196
20100411,-43,-213
20100412,-38,-161
20100413,-12,-176
20100414,-2,-176
20100415,44,-139
20100416,64,-107
20100417,70,-32
20100418,62,-51
20100419,77,-109
20100420,79,-92
20100421,75,-1
20100422,71,27
20100423,45,-55
20100424,-1,-127
20100425,13,-138
20100426,96,-28
20100427,133,-34
20100428,187,-28
20100429,175,41
20100430,66,-40
20100501,69,-10
20100502,46,-15
20100503,28,-45
20100504,62,-49
20100505,100,-63
20100506,119,-40
20100507,133,-35
20100508,141,-29
20100509,121,17
20100510,20,-52
20100511,78,-67
20100512,70,11
20100513,159,10
20100514,176,14
20100515,172,47
20100516,54,0
20100517,66,1
20100518,67,-5
20100519,56,-10
20100520,41,-34
20100521,63,-63
20100522,80,-49
20100523,122,-27
20100524,178,-13
20100525,149,19
20100526,87,17
20100527,103,-4
20100528,92,1
20100529,165,-26
20100530,180,31
20100531,197,84
20100601,188,78
20100602,100,40
20100603,164,10
20100604,150,72
20100605,128,3
20100606,211,65
20100607,205,66
20100608,218,89
20100609,201,42
20100610,190,56
20100611,236,112
20100612,255,98
20100613,251,99
20100614,168,67
20100615,161,34
20100616,160,68
20100617,122,41
20100618,174,29
20100619,190,68
20100620,230,136
20100621,215,50
20100622,176,101
20100623,159,97
20100624,190,102
20100625,168,114
20100626,183,73
20100627,182,45
20100628,208,60
20100629,244,66
20100630,282,81
20100701,294,102
20100702,247,144
20100703,208,98
20100704,182,91
20100705,198,50
20100706,194,68
20100707,257,129
20100708,260,165
20100709,198,150
20100710,246,134
20100711,260,145
20100712,254,151
20100713,237,150
20100714,256,108
20100715,255,121
20100716,231,118
20100717,271,118
20100718,257,150
20100719,223,128
20100720,203,130
20100721,213,88
20100722,199,119
20100723,209,64
20100724,188,99
20100725,266,92
20100726,253,127
20100727,169,114
20100728,165,47
20100729,174,34
20100730,172,79
20100731,154,80
20100801,163,27
20100802,173,53
20100803,181,32
20100804,206,123
20100805,150,57
20100806,132,22
20100807,124,56
20100808,114,56
20100809,170,110
20100810,130,91
20100811,160,83
20100812,171,86
20100813,187,66
20100814,162,80
20100815,168,114
20100816,149,87
20100817,107,56
20100818,190,62
20100819,189,50
20100820,171,88
20100821,209,86
20100822,276,74
20100823,288,104
20100824,200,118
20100825,164,66
20100826,189,58
20100827,149,92
20100828,160,14
20100829,232,64
20100830,211,57
20100831,135,54
20100901,213,102
20100902,161,13
20100903,115,49
20100904,99,-14
20100905,75,12
20100906,165,67
20100907,119,54
20100908,89,46
20100909,99,37
20100910,94,15
20100911,108,23
20100912,96,16
20100913,43,3
20100914,54,8
20100915,65,5
20100916,46,-20
20100917,31,0
20100918,48,6
20100919,56,13
20100920,45,-17
20100921,40,-6
20100922,74,11
20100923,56,10
20100924,20,-2
20100925,24,-9
20100926,18,-9
20100927,12,-7
20100928,80,-23
20100929,68,-4
20100930,59,19
20101001,54,13
20101002,100,30
20101003,37,-11
20101004,19,-8
20101005,3,-35
20101006,23,-26
20101007,2,-50
20101008,2,-46
20101009,8,-14
20101010,30,-2
20101011,22,-30
20101012,-18,-67
20101013,-51,-131
20101014,-17,-54
20101015,-23,-38
20101016,-13,-38
20101017,13,-38
20101018,20,-17
20101019,8,-9
20101020,1,-38
20101021,-31,-81
20101022,-37,-52
20101023,-51,-107
20101024,-86,-121
20101025,-11,-93
20101026,-4,-37
20101027,-25,-68
20101028,-6,-34
20101029,-18,-53
20101030,-33,-97
20101031,-52,-138
20101101,5,-57
20101102,-12,-62
20101103,-4,-45
20101104,0,-30
20101105,-9,-29
20101106,5,-25
20101107,18,2
20101108,13,-64
20101109,-10,-39
20101110,-12,-130
20101111,-129,-257
20101112,-224,-297
20101113,-133,-300
20101114,-70,-136
20101115,10,-75
20101116,13,4
20101117,11,-141
20101118,-140,-287
20101119,-232,-312
20101120,-189,-303
20101121,-135,-193
20101122,-144,-279
20101123,-276,-338
20101124,-295,-340
20101125,-262,-370
20101126,-262,-362
20101127,-360,-425
20101128,-419,-455
20101129,-431,-473
20101130,-343,-454
20101201,-329,-385
20101202,-301,-427
20101203,-284,-312
20101204,-305,-387
20101205,-250,-352
20101206,-217,-376
20101207,-356,-392
20101208,-390,-456
20101209,-445,-471
20101210,-466,-515
20101211,-479,-506
20101212,-475,-503
20101213,-475,-503
20101214,-322,-476
20101215,-248,-330
20101216,-250,-330
20101217,-256,-329
20101218,-326,-362
20101219,-345,-392
20101220,-370,-451
20101221,-450,-482
20101222,-389,-467
20101223,-385,-426
20101224,-288,-410
20101225,-268,-319
20101226,-273,-391
20101227,-390,-428
20101228,-417,-436
20101229,-432,-467
20101230,-458,-486
20101231,-419,-465
20110101,-415,-446
20110102,-404,-433
20110103,-400,-427
20110104,-379,-417
20110105,-378,-416
20110106,-295,-396
20110107,-295,-351
20110108,-287,-336
20110109,-268,-340
20110110,-340,-425
20110111,-372,-436
20110112,-369,-412
20110113,-324,-416
20110114,-264,-325
20110115,-263,-321
20110116,-201,-281
20110117,-248,-308
20110118,-232,-285
20110119,-285,-371
20110120,-341,-395
20110121,-356,-408
20110122,-357,-415
20110123,-360,-415
20110124,-338,-403
20110125,-320,-401
20110126,-323,-377
20110127,-295,-371
20110128,-259,-356
20110129,-209,-299
20110130,-149,-221
20110131,-71,-158
20110201,-115,-189
20110202,-165,-323
20110203,-234,-340
20110204,-168,-239
20110205,-168,-307
20110206,-296,-396
20110207,-318,-431
20110208,-316,-416
20110209,-310,-433
20110210,-302,-414
20110211,-229,-327
20110212,-133,-270
20110213,-133,-233
20110214,-138,-219
20110215,-151,-259
20110216,-243,-401
20110217,-247,-376
20110218,-207,-350
20110219,-152,-227
20110220,-167,-314
20110221,-250,-366
20110222,-256,-390
20110223,-268,-411
20110224,-185,-291
20110225,-155,-323
20110226,-144,-187
20110227,-185,-309
20110228,-183,-330
20110301,-48,-185
20110302,-55,-105
20110303,-76,-144
20110304,-101,-244
20110305,-67,-114
20110306,-56,-248
20110307,-54,-228
20110308,-34,-121
20110309,-39,-130
20110310,-82,-217
20110311,-81,-161
20110312,-82,-273
20110313,-16,-159
20110314,13,-131
20110315,12,-70
20110316,6,-57
20110317,-56,-155
20110318,-94,-293
20110319,-83,-233
20110320,-34,-196
20110321,10,-168
20110322,42,-179
20110323,21,-110
20110324,63,-130
20110325,78,-105
20110326,76,-51
20110327,63,-72
20110328,11,-63
20110329,-12,-84
20110330,-10,-154
20110331,20,-158
20110401,6,-53
20110402,-15,-141
20110403,-5,-74
20110404,-23,-182
20110405,-30,-166
20110406,-35,-111
20110407,-58,-95
20110408,0,-151
20110409,63,-99
20110410,78,-64
20110411,96,30
20110412,64,-19
20110413,92,-47
20110414,63,19
20110415,87,-37
20110416,130,-49
20110417,117,7
20110418,76,6
20110419,101,-48
20110420,159,-37
20110421,156,-28
20110422,89,22
20110423,175,20
20110424,175,35
20110425,80,-3
20110426,102,-40
20110427,100,-40
20110428,91,-39
20110429,88,-13
20110430,49,7
20110501,60,-35
20110502,79,-4
20110503,67,-41
20110504,91,-17
20110505,117,-34
20110506,134,-14
20110507,134,-10
20110508,99,-13
20110509,34,-74
20110510,23,-35
20110511,84,-24
20110512,125,-37
20110513,234,1
20110514,229,56
20110515,137,-27
20110516,133,13
20110517,37,-21
20110518,54,-7
20110519,125,-25
20110520,193,48
20110521,235,56
20110522,228,37
20110523,221,40
20110524,223,14
20110525,182,42
20110526,207,27
20110527,239,48
20110528,263,89
20110529,244,89
20110530,249,83
20110531,254,71
20110601,273,64
20110602,284,62
20110603,268,79
20110604,227,93
20110605,266,64
20110606,260,145
20110607,282,89
20110608,274,100
20110609,268,91
20110610,271,99
20110611,256,135
20110612,239,103
20110613,240,152
20110614,267,134
20110615,244,128
20110616,214,95
20110617,180,78
20110618,160,42
20110619,225,54
20110620,260,54
20110621,284,86
20110622,277,116
20110623,247,98
20110624,235,107
20110625,118,96
20110626,226,112
20110627,269,70
20110628,257,107
20110629,202,58
20110630,206,110
20110701,221,64
20110702,278,121
20110703,240,112
20110704,200,98
20110705,224,77
20110706,247,68
20110707,238,94
20110708,178,75
20110709,140,69
20110710,170,65
20110711,201,76
20110712,214,81
20110713,241,140
20110714,271,155
20110715,240,126
20110716,252,125
20110717,236,101
20110718,230,126
20110719,262,101
20110720,256,136
20110721,194,100
20110722,159,128
20110723,149,102
20110724,148,92
20110725,173,104
20110726,155,80
20110727,114,75
20110728,134,75
20110729,130,30
20110730,148,22
20110731,162,40
20110801,218,24
20110802,210,123
20110803,240,132
20110804,215,139
20110805,202,162
20110806,190,102
20110807,158,82
20110808,155,76
20110809,206,66
20110810,219,52
20110811,220,110
20110812,241,132
20110813,241,121
20110814,252,121
20110815,217,92
20110816,197,48
20110817,184,115
20110818,160,46
20110819,183,71
20110820,182,55
20110821,156,102
20110822,167,43
20110823,183,83
20110824,142,93
20110825,134,68
20110826,175,101
20110827,152,80
20110828,130,38
20110829,106,18
20110830,120,41
20110831,130,71
20110901,119,18
20110902,98,60
20110903,90,35
20110904,94,19
20110905,131,38
20110906,145,0
20110907,120,-6
20110908,111,63
20110909,111,59
20110910,100,41
20110911,106,-19
20110912,88,4
20110913,131,-44
20110914,174,-12
20110915,171,-21
20110916,178,-28
20110917,176,-23
20110918,191,-24
20110919,187,-15
20110920,217,-7
20110921,201,-11
20110922,176,-19
20110923,130,-24
20110924,105,2
20110925,130,23
20110926,92,-52
20110927,82,-89
20110928,121,-21
20110929,137,-32
20110930,146,-19
20111001,135,-44
20111002,96,-8
20111003,66,1
20111004,73,-57
20111005,101,30
20111006,94,35
20111007,82,6
20111008,83,25
20111009,87,29
20111010,89,50
20111011,106,48
20111012,90,-9
20111013,72,-18
20111014,85,39
20111015,44,-8
20111016,44,6
20111017,94,42
20111018,82,-14
20111019,11,-24
20111020,-6,-31
20111021,-15,-60
20111022,-9,-75
20111023,8,-16
20111024,31,-7
20111025,15,-17
20111026,-8,-70
20111027,-70,-162
20111028,-126,-181
20111029,-140,-250
20111030,-102,-156
20111031,-90,-152
20111101,-89,-127
20111102,-102,-199
20111103,-98,-179
20111104,-89,-163
20111105,3,-92
20111106,7,-7
20111107,2,-27
20111108,-10,-121
20111109,-120,-257
20111110,-226,-310
20111111,-274,-342
20111112,-254,-329
20111113,-155,-286
20111114,-124,-169
20111115,-133,-265
20111116,-264,-344
20111117,-281,-337
20111118,-263,-318
20111119,-214,-294
20111120,-201,-270
20111121,-223,-274
20111122,-135,-255
20111123,-103,-145
20111124,-126,-198
20111125,-195,-274
20111126,-258,-316
20111127,-299,-376
20111128,-229,-301
20111129,-176,-230
20111130,-166,-245
20111201,-245,-307
20111202,-231,-297
20111203,-255,-317
20111204,-224,-295
20111205,-224,-267
20111206,-228,-265
20111207,-183,-248
20111208,-114,-209
20111209,-51,-114
20111210,-42,-62
20111211,-55,-106
20111212,-104,-244
20111213,-204,-260
20111214,-214,-268
20111215,-224,-299
20111216,-231,-290
20111217,-174,-262
20111218,-197,-271
20111219,-176,-224
20111220,-214,-367
20111221,-302,-383
20111222,-286,-338
20111223,-257,-304
20111224,-241,-302
20111225,-270,-322
20111226,-322,-370
20111227,-295,-348
20111228,-193,-305
20111229,-205,-285
20111230,-185,-255
20111231,-117,-185
20120101,-101,-171
20120102,-106,-124
20120103,-108,-249
20120104,-247,-346
20120105,-346,-396
20120106,-340,-390
20120107,-253,-345
20120108,-229,-275
20120109,-275,-354
20120110,-238,-318
20120111,-125,-240
20120112,-143,-281
20120113,-195,-276
20120114,-195,-276
20120115,-272,-392
20120116,-347,-409
20120117,-369,-427
20120118,-391,-439
20120119,-391,-446
20120120,-358,-428
20120121,-258,-361
20120122,-233,-324
20120123,-233,-281
20120124,-275,-370
20120125,-328,-366
20120126,-333,-386
20120127,-267,-354
20120128,-277,-393
20120129,-300,-356
20120130,-272,-343
20120131,-290,-366
20120201,-223,-335
20120202,-180,-246
20120203,-142,-276
20120204,-140,-222
20120205,-182,-283
20120206,-106,-246
20120207,-72,-107
20120208,-96,-184
20120209,-183,-273
20120210,-172,-211
20120211,-200,-339
20120212,-204,-333
20120213,-157,-232
20120214,-142,-274
20120215,-81,-172
20120216,-133,-259
20120217,-148,-290
20120218,-173,-309
20120219,-163,-270
20120220,-138,-261
20120221,-187,-292
20120222,-130,-259
20120223,-100,-182
20120224,-104,-240
20120225,-104,-202
20120226,-93,-142
20120227,-95,-227
20120228,-128,-290
20120229,-155,-311
20120301,-135,-295
20120302,-120,-283
20120303,-80,-244
20120304,-109,-222
20120305,-132,-280
20120306,-134,-334
20120307,-92,-314
20120308,-12,-204
20120309,-12,-208
20120310,-24,-225
20120311,-26,-228
20120312,-11,-131
20120313,-15,-201
20120314,-36,-225
20120315,-52,-227
20120316,-43,-232
20120317,-32,-221
20120318,-3,-220
20120319,-20,-125
20120320,-37,-146
20120321,-27,-179
20120322,-46,-113
20120323,-27,-226
20120324,24,-57
20120325,-7,-61
20120326,-25,-195
20120327,-7,-65
20120328,-13,-77
20120329,-15,-206
20120330,-23,-70
20120331,21,-158
20120401,5,-160
20120402,50,-35
20120403,62,-131
20120404,101,-21
20120405,93,12
20120406,56,-68
20120407,19,-50
20120408,6,-115
20120409,33,-89
20120410,68,-31
20120411,110,-23
20120412,72,-45
20120413,16,-71
20120414,36,-102
20120415,45,2
20120416,13,-16
20120417,-7,-52
20120418,-34,-109
20120419,19,-116
20120420,39,-111
20120421,39,-58
20120422,49,-36
20120423,33,-74
20120424,47,-91
20120425,24,-43
20120426,-35,-59
20120427,-23,-83
20120428,6,-62
20120429,29,-98
20120430,47,-94
20120501,63,0
20120502,78,1
20120503,100,20
20120504,188,16
20120505,182,31
20120506,103,-33
20120507,90,19
20120508,73,7
20120509,91,-1
20120510,115,-41
20120511,101,-8
20120512,85,-41
20120513,134,11
20120514,215,12
20120515,160,23
20120516,24,-15
20120517,24,-25
20120518,27,-3
20120519,62,-35
20120520,82,-32
20120521,96,-43
20120522,127,15
20120523,139,14
20120524,138,58
20120525,122,-2
20120526,51,-26
20120527,82,7
20120528,176,22
20120529,184,49
20120530,229,21
20120531,229,60
20120601,252,60
20120602,241,110
20120603,270,62
20120604,258,68
20120605,187,73
20120606,188,11
20120607,223,39
20120608,260,85
20120609,288,101
20120610,278,101
20120611,235,57
20120612,233,143
20120613,271,73
20120614,270,88
20120615,170,50
20120616,150,82
20120617,207,89
20120618,240,95
20120619,228,131
20120620,161,66
20120621,176,13
20120622,172,93
20120623,222,93
20120624,228,71
20120625,265,96
20120626,267,101
20120627,224,121
20120628,144,92
20120629,154,111
20120630,184,113
20120701,219,120
20120702,282,81
20120703,303,105
20120704,313,130
20120705,311,149
20120706,310,113
20120707,303,132
20120708,259,157
20120709,228,88
20120710,195,111
20120711,205,69
20120712,205,94
20120713,233,118
20120714,236,106
20120715,221,74
20120716,168,116
20120717,209,121
20120718,230,88
20120719,231,134
20120720,267,110
20120721,280,101
20120722,288,93
20120723,282,109
20120724,291,84
20120725,321,87
20120726,308,106
20120727,319,119
20120728,328,126
20120729,333,126
20120730,326,131
20120731,328,128
20120801,302,138
20120802,214,112
20120803,205,115
20120804,197,42
20120805,189,36
20120806,208,71
20120807,179,114
20120808,213,112
20120809,248,79
20120810,272,85
20120811,224,93
20120812,165,122
20120813,175,25
20120814,190,24
20120815,209,45
20120816,161,83
20120817,151,32
20120818,125,45
20120819,135,1
20120820,172,-8
20120821,144,59
20120822,134,80
20120823,114,26
20120824,101,34
20120825,164,12
20120826,194,6
20120827,195,11
20120828,184,72
20120829,166,1
20120830,180,-12
20120831,177,-17
20120901,160,28
20120902,190,115
20120903,190,53
20120904,203,65
20120905,186,89
20120906,102,67
20120907,87,64
20120908,135,73
20120909,182,45
20120910,224,82
20120911,244,71
20120912,234,41
20120913,242,31
20120914,205,29
20120915,185,97
20120916,193,10
20120917,128,61
20120918,113,27
20120919,94,8
20120920,124,-4
20120921,79,-18
20120922,83,51
20120923,78,48
20120924,89,42
20120925,81,32
20120926,53,-16
20120927,83,27
20120928,88,22
20120929,103,41
20120930,87,36
20121001,70,35
20121002,59,-6
20121003,40,14
20121004,27,-17
20121005,20,-25
20121006,-7,-26
20121007,19,-31
20121008,46,1
20121009,26,-3
20121010,4,-5
20121011,17,-11
20121012,15,3
20121013,6,-14
20121014,-7,-19
20121015,-10,-37
20121016,-17,-37
20121017,-34,-72
20121018,-69,-146
20121019,-83,-190
20121020,-119,-212
20121021,-87,-167
20121022,-85,-106
20121023,-60,-87
20121024,-68,-116
20121025,-85,-115
20121026,-94,-136
20121027,-106,-210
20121028,-119,-244
20121029,-57,-120
20121030,-32,-67
20121031,-7,-63
20121101,-62,-172
20121102,-158,-252
20121103,-113,-189
20121104,-109,-142
20121105,-138,-182
20121106,-154,-220
20121107,-151,-261
20121108,-168,-279
20121109,-151,-214
20121110,-207,-289
20121111,-225,-305
20121112,-249,-330
20121113,-184,-259
20121114,-172,-203
20121115,-165,-214
20121116,-141,-221
20121117,-102,-141
20121118,-120,-213
20121119,-212,-320
20121120,-268,-310
20121121,-184,-300
20121122,-106,-184
20121123,-134,-163
20121124,-160,-235
20121125,-234,-343
20121126,-284,-348
20121127,-284,-326
20121128,-293,-357
20121129,-249,-368
20121130,-254,-299
20121201,-298,-364
20121202,-329,-370
20121203,-333,-369
20121204,-369,-432
20121205,-428,-458
20121206,-431,-458
20121207,-442,-468
20121208,-400,-450
20121209,-353,-408
20121210,-300,-391
20121211,-302,-354
20121212,-326,-357
20121213,-348,-401
20121214,-375,-415
20121215,-298,-381
20121216,-312,-377
20121217,-247,-315
20121218,-197,-281
20121219,-202,-232
20121220,-228,-371
20121221,-295,-390
20121222,-233,-306
20121223,-229,-408
20121224,-220,-347
20121225,-296,-363
20121226,-300,-383
20121227,-382,-432
20121228,-387,-419
20121229,-377,-413
20121230,-347,-395
20121231,-393,-423
20130101,-402,-427
20130102,-334,-416
20130103,-276,-334
20130104,-318,-391
20130105,-278,-351
20130106,-286,-318
20130107,-297,-343
20130108,-321,-359
20130109,-329,-371
20130110,-316,-358
20130111,-306,-352
20130112,-350,-403
20130113,-285,-404
20130114,-243,-287
20130115,-202,-258
20130116,-90,-203
20130117,-136,-240
20130118,-217,-307
20130119,-307,-369
20130120,-322,-356
20130121,-345,-436
20130122,-405,-465
20130123,-225,-406
20130124,-183,-232
20130125,-183,-248
20130126,-224,-282
20130127,-123,-245
20130128,-137,-227
20130129,-227,-256
20130130,-256,-363
20130131,-316,-380
20130201,-329,-408
20130202,-331,-429
20130203,-238,-331
20130204,-269,-412
20130205,-325,-431
20130206,-261,-336
20130207,-220,-314
20130208,-208,-326
20130209,-171,-284
20130210,-150,-239
20130211,-189,-263
20130212,-225,-330
20130213,-207,-324
20130214,-130,-215
20130215,-171,-283
20130216,-212,-316
20130217,-286,-423
20130218,-250,-388
20130219,-174,-319
20130220,-166,-272
20130221,-126,-263
20130222,-122,-264
20130223,-94,-251
20130224,-87,-169
20130225,-98,-192
20130226,-177,-326
20130227,-146,-272
20130228,-106,-180
20130301,-15,-158
20130302,-23,-253
20130303,-147,-276
20130304,-114,-217
20130305,-111,-217
20130306,-184,-270
20130307,-175,-387
20130308,-174,-346
20130309,-141,-233
20130310,-77,-166
20130311,-78,-168
20130312,-155,-314
20130313,-113,-185
20130314,-120,-291
20130315,-130,-300
20130316,-119,-167
20130317,-114,-311
20130318,-123,-320
20130319,-100,-340
20130320,-95,-141
20130321,-86,-290
20130322,-74,-263
20130323,-66,-263
20130324,-59,-113
20130325,-74,-120
20130326,-49,-192
20130327,-7,-240
20130328,-12,-222
20130329,-5,-195
20130330,31,-185
20130331,17,-156
20130401,-2,-40
20130402,-30,-100
20130403,-25,-125
20130404,-39,-223
20130405,-27,-138
20130406,0,-84
20130407,18,-103
20130408,-10,-170
20130409,29,-16
20130410,132,-7
20130411,121,-58
20130412,-4,-115
20130413,-5,-56
20130414,20,-181
20130415,26,-127
20130416,32,-146
20130417,66,-82
20130418,78,-90
20130419,71,-75
20130420,108,-36
20130421,98,-5
20130422,113,-46
20130423,90,0
20130424,64,-8
20130425,38,23
20130426,43,14
20130427,49,-6
20130428,72,2
20130429,84,-42
20130430,80,21
20130501,79,26
20130502,59,15
20130503,87,-16
20130504,77,35
20130505,86,-33
20130506,88,-7
20130507,108,-30
20130508,90,32
20130509,88,-14
20130510,158,-37
20130511,160,37
20130512,113,6
20130513,129,-40
20130514,127,8
20130515,95,-16
20130516,108,-12
20130517,65,-6
20130518,50,-12
20130519,152,11
20130520,159,46
20130521,146,57
20130522,164,14
20130523,170,-5
20130524,164,47
20130525,111,-1
20130526,69,-56
20130527,91,-15
20130528,96,-18
20130529,94,28
20130530,69,-3
20130531,100,19
20130601,144,-7
20130602,155,1
20130603,150,56
20130604,175,14
20130605,158,81
20130606,111,55
20130607,192,74
20130608,227,66
20130609,225,50
20130610,223,119
20130611,234,125
20130612,228,104
20130613,255,124
20130614,259,124
20130615,274,109
20130616,282,121
20130617,278,131
20130618,300,89
20130619,318,133
20130620,324,152
20130621,325,145
20130622,270,159
20130623,168,50
20130624,121,45
20130625,143,40
20130626,194,17
20130627,217,44
20130628,215,92
20130629,193,106
20130630,139,46
20130701,161,41
20130702,161,59
20130703,202,61
20130704,226,100
20130705,243,64
20130706,216,85
20130707,211,64
20130708,255,117
20130709,185,115
20130710,184,57
20130711,212,74
20130712,168,121
20130713,237,105
20130714,262,88
20130715,280,89
20130716,296,95
20130717,306,126
20130718,285,152
20130719,266,173
20130720,276,111
20130721,285,127
20130722,282,117
20130723,264,136
20130724,258,78
20130725,269,63
20130726,243,103
20130727,262,93
20130728,242,84
20130729,244,111
20130730,274,117
20130731,300,170
20130801,293,113
20130802,287,141
20130803,280,112
20130804,286,101
20130805,270,104
20130806,285,60
20130807,268,78
20130808,258,88
20130809,251,69
20130810,244,105
20130811,254,82
20130812,268,92
20130813,271,93
20130814,270,126
20130815,267,94
20130816,226,94
20130817,226,102
20130818,241,86
20130819,255,75
20130820,202,128
20130821,180,122
20130822,140,63
20130823,132,79
20130824,158,62
20130825,182,25
20130826,225,43
20130827,207,45
20130828,176,46
20130829,157,81
20130830,116,91
20130831,123,79
20130901,145,91
20130902,135,55
20130903,148,9
20130904,169,73
20130905,156,121
20130906,122,-6
20130907,87,30
20130908,110,50
20130909,106,46
20130910,129,-9
20130911,107,12
20130912,71,20
20130913,49,-12
20130914,68,9
20130915,98,-50
20130916,114,-35
20130917,102,23
20130918,100,-26
20130919,110,-15
20130920,75,22
20130921,52,10
20130922,59,0
20130923,55,32
20130924,48,13
20130925,57,14
20130926,15,-28
20130927,38,-74
20130928,39,-96
20130929,2,-101
20130930,35,-69
20131001,18,-114
20131002,5,-27
20131003,41,-20
20131004,27,-14
20131005,12,-48
20131006,23,-15
20131007,26,-5
20131008,16,-20
20131009,16,-9
20131010,25,-2
20131011,-1,-85
20131012,-45,-119
20131013,-20,-118
20131014,8,-35
20131015,40,-21
20131016,22,-25
20131017,-9,-93
20131018,8,-30
20131019,-24,-74
20131020,-72,-124
20131021,-75,-200
20131022,-35,-89
20131023,-22,-66
20131024,-32,-84
20131025,-59,-172
20131026,-83,-204
20131027,-41,-87
20131028,9,-57
20131029,3,-133
20131030,-16,-133
20131031,38,-16
20131101,34,-11
20131102,-8,-49
20131103,-1,-142
20131104,-141,-263
20131105,-194,-317
20131106,-191,-274
20131107,-214,-323
20131108,-205,-308
20131109,-45,-206
20131110,-11,-45
20131111,-22,-150
20131112,-47,-91
20131113,-43,-64
20131114,-56,-104
20131115,-104,-159
20131116,-158,-182
20131117,-46,-160
20131118,-10,-48
20131119,-34,-67
20131120,-25,-41
20131121,-30,-127
20131122,-40,-115
20131123,-43,-110
20131124,-79,-208
20131125,-204,-340
20131126,-180,-340
20131127,-62,-180
20131128,-33,-96
20131129,-96,-221
20131130,6,-123
20131201,-4,-57
20131202,-44,-98
20131203,-49,-207
20131204,-158,-230
20131205,-113,-159
20131206,-49,-114
20131207,-51,-140
20131208,-109,-272
20131209,-267,-325
20131210,-283,-346
20131211,-314,-377
20131212,-207,-315
20131213,-129,-207
20131214,-115,-180
20131215,-72,-190
20131216,-56,-131
20131217,-95,-134
20131218,-89,-189
20131219,-171,-206
20131220,-160,-253
20131221,-143,-190
20131222,-176,-206
20131223,-175,-229
20131224,-155,-184
20131225,-156,-197
20131226,-175,-215
20131227,-169,-239
20131228,-174,-245
20131229,-199,-314
20131230,-301,-400
20131231,-333,-413
20140101,-288,-333
20140102,-294,-315
20140103,-268,-315
20140104,-302,-376
20140105,-371,-418
20140106,-368,-423
20140107,-341,-412
20140108,-330,-389
20140109,-379,-417
20140110,-354,-413
20140111,-260,-354
20140112,-232,-283
20140113,-220,-318
20140114,-237,-345
20140115,-202,-237
20140116,-202,-268
20140117,-183,-257
20140118,-198,-235
20140119,-231,-298
20140120,-191,-287
20140121,-89,-225
20140122,-100,-195
20140123,-195,-305
20140124,-294,-377
20140125,-322,-411
20140126,-322,-406
20140127,-347,-446
20140128,-418,-492
20140129,-418,-496
20140130,-425,-491
20140131,-431,-510
20140201,-392,-507
20140202,-275,-392
20140203,-180,-275
20140204,-189,-241
20140205,-213,-272
20140206,-217,-300
20140207,-139,-275
20140208,-164,-247
20140209,-227,-353
20140210,-247,-364
20140211,-273,-379
20140212,-278,-394
20140213,-219,-283
20140214,-249,-378
20140215,-268,-353
20140216,-244,-310
20140217,-283,-401
20140218,-195,-300
20140219,-194,-336
20140220,-292,-440
20140221,-207,-319
20140222,-137,-237
20140223,-39,-151
20140224,-35,-265
20140225,-248,-399
20140226,-251,-415
20140227,-219,-374
20140228,-187,-376
20140301,-196,-387
20140302,-195,-388
20140303,-177,-374
20140304,-167,-360
20140305,-144,-313
20140306,-127,-333
20140307,-128,-274
20140308,-100,-144
20140309,-89,-247
20140310,-74,-272
20140311,-52,-108
20140312,-28,-91
20140313,-7,-52
20140314,8,-110
20140315,15,-48
20140316,0,-47
20140317,34,-19
20140318,77,-86
20140319,53,-126
20140320,70,-20
20140321,59,-5
20140322,39,-20
20140323,69,-45
20140324,42,-60
20140325,-34,-118
20140326,-27,-69
20140327,-10,-237
20140328,-25,-44
20140329,-16,-85
20140330,7,-204
20140331,30,-125
20140401,49,-52
20140402,76,8
20140403,53,-101
20140404,116,-63
20140405,83,-19
20140406,60,-10
20140407,68,-108
20140408,58,-60
20140409,55,-17
20140410,105,-11
20140411,100,11
20140412,20,-103
20140413,-13,-147
20140414,38,-70
20140415,60,-50
20140416,71,-14
20140417,51,10
20140418,48,-1
20140419,99,3
20140420,69,0
20140421,52,5
20140422,6,-18
20140423,2,-76
20140424,13,-63
20140425,37,-15
20140426,138,-11
20140427,115,5
20140428,75,-17
20140429,12,-39
20140430,14,-80
20140501,50,-50
20140502,86,-71
20140503,173,12
20140504,211,4
20140505,205,-6
20140506,170,2
20140507,118,-19
20140508,110,-1
20140509,128,-13
20140510,66,5
20140511,49,-45
20140512,78,-54
20140513,122,-27
20140514,135,-17
20140515,143,40
20140516,134,-10
20140517,78,26
20140518,52,-23
20140519,17,0
20140520,55,-11
20140521,98,-43
20140522,98,46
20140523,118,22
20140524,107,3
20140525,115,19
20140526,90,-20
20140527,62,-19
20140528,94,-16
20140529,116,-7
20140530,138,-27
20140531,121,25
20140601,100,28
20140602,83,-10
20140603,124,-23
20140604,110,3
20140605,90,22
20140606,98,4
20140607,183,42
20140608,169,62
20140609,172,50
20140610,152,11
20140611,224,6
20140612,236,49
20140613,215,63
20140614,233,27
20140615,265,48
20140616,286,79
20140617,315,99
20140618,315,109
20140619,302,162
20140620,292,141
20140621,272,149
20140622,309,115
20140623,284,154
20140624,273,112
20140625,334,112
20140626,351,123
20140627,313,152
20140628,243,108
20140629,197,73
20140630,225,107
20140701,208,28
20140702,226,80
20140703,256,78
20140704,260,69
20140705,292,91
20140706,288,134
20140707,315,91
20140708,308,116
20140709,302,109
20140710,203,139
20140711,228,101
20140712,308,146
20140713,312,141
20140714,336,164
20140715,300,178
20140716,219,142
20140717,245,85
20140718,234,148
20140719,185,151
20140720,229,147
20140721,253,118
20140722,263,124
20140723,280,124
20140724,266,151
20140725,213,136
20140726,245,132
20140727,240,99
20140728,249,108
20140729,245,133
20140730,257,151
20140731,242,152
20140801,239,90
20140802,229,134
20140803,243,61
20140804,263,65
20140805,278,99
20140806,243,95
20140807,219,43
20140808,198,83
20140809,130,71
20140810,115,11
20140811,135,68
20140812,140,41
20140813,211,14
20140814,193,126
20140815,203,28
20140816,230,56
20140817,219,136
20140818,237,143
20140819,219,154
20140820,219,82
20140821,209,129
20140822,171,75
20140823,193,59
20140824,168,102
20140825,200,106
20140826,173,52
20140827,146,116
20140828,142,55
20140829,103,32
20140830,107,11
20140831,106,21
20140901,202,84
20140902,170,56
20140903,96,25
20140904,65,34
20140905,82,19
20140906,101,-23
20140907,141,-31
20140908,156,-33
20140909,111,56
20140910,85,49
20140911,105,48
20140912,94,41
20140913,65,11
20140914,86,34
20140915,70,33
20140916,49,-12
20140917,48,-12
20140918,128,9
20140919,143,48
20140920,72,-6
20140921,33,-9
20140922,43,-10
20140923,62,-2
20140924,40,8
20140925,14,-32
20140926,40,-48
20140927,56,-85
20140928,34,-88
20140929,55,-93
20140930,72,-92
20141001,92,-87
20141002,82,-9
20141003,83,-7
20141004,70,-5
20141005,87,-38
20141006,65,-9
20141007,15,-11
20141008,22,-2
20141009,25,1
20141010,1,-54
20141011,-17,-46
20141012,12,-44
20141013,6,-35
20141014,-32,-101
20141015,-70,-176
20141016,-59,-113
20141017,-68,-137
20141018,-88,-130
20141019,-82,-138
20141020,-110,-240
20141021,-67,-110
20141022,-42,-109
20141023,-109,-216
20141024,-105,-256
20141025,-147,-249
20141026,-80,-200
20141027,-82,-151
20141028,-120,-178
20141029,-134,-217
20141030,-62,-134
20141031,-52,-76
20141101,-74,-169
20141102,-33,-115
20141103,-36,-123
20141104,-63,-215
20141105,-69,-215
20141106,0,-70
20141107,11,-28
20141108,-11,-194
20141109,-155,-274
20141110,-120,-166
20141111,-85,-194
20141112,-82,-141
20141113,-73,-171
20141114,-37,-141
20141115,-138,-230
20141116,-117,-196
20141117,-138,-196
20141118,-187,-293
20141119,-205,-244
20141120,-230,-277
20141121,-207,-302
20141122,-109,-211
20141123,-196,-340
20141124,-324,-400
20141125,-305,-386
20141126,-385,-467
20141127,-290,-416
20141128,-275,-356
20141129,-343,-386
20141130,-278,-347
20141201,-225,-294
20141202,-208,-247
20141203,-240,-289
20141204,-242,-290
20141205,-178,-281
20141206,-219,-348
20141207,-247,-346
20141208,-249,-312
20141209,-292,-342
20141210,-297,-376
20141211,-253,-371
20141212,-213,-253
20141213,-208,-243
20141214,-170,-238
20141215,-153,-227
20141216,-122,-163
20141217,-129,-193
20141218,-190,-261
20141219,-175,-255
20141220,-81,-177
20141221,-73,-157
20141222,-156,-257
20141223,-75,-189
20141224,-47,-126
20141225,-37,-102
20141226,-91,-106
20141227,-47,-104
20141228,-44,-109
20141229,-106,-221
20141230,-220,-335
20141231,-294,-362
20150101,-293,-380
20150102,-256,-307
20150103,-262,-324
20150104,-285,-400
20150105,-285,-408
20150106,-258,-298
20150107,-242,-263
20150108,-220,-276
20150109,-234,-276
20150110,-86,-242
20150111,-101,-224
20150112,-185,-365
20150113,-364,-412
20150114,-360,-404
20150115,-257,-381
20150116,-280,-323
20150117,-241,-293
20150118,-280,-348
20150119,-275,-333
20150120,-190,-283
20150121,-186,-265
20150122,-263,-353
20150123,-305,-358
20150124,-310,-410
20150125,-259,-365
20150126,-181,-268
20150127,-179,-208
20150128,-193,-296
20150129,-138,-231
20150130,-126,-191
20150131,-104,-235
20150201,-234,-371
20150202,-188,-319
20150203,-91,-190
20150204,-60,-111
20150205,-104,-327
20150206,-296,-389
20150207,-243,-345
20150208,-175,-283
20150209,-174,-267
20150210,-58,-178
20150211,-59,-120
20150212,-65,-133
20150213,-54,-115
20150214,-115,-245
20150215,-85,-153
20150216,-153,-280
20150217,-114,-221
20150218,-144,-229
20150219,-138,-228
20150220,-216,-355
20150221,-134,-271
20150222,-149,-293
20150223,-138,-306
20150224,-153,-320
20150225,-117,-234
20150226,-83,-169
20150227,-67,-150
20150228,-73,-194
20150301,-167,-348
20150302,-70,-226
20150303,-34,-112
20150304,-39,-143
20150305,-134,-272
20150306,-138,-268
20150307,-70,-316
20150308,-47,-245
20150309,-42,-193
20150310,-40,-279
20150311,-12,-83
20150312,-5,-65
20150313,-10,-113
20150314,-6,-116
20150315,-27,-121
20150316,-20,-129
20150317,-35,-121
20150318,-51,-102
20150319,-69,-162
20150320,-123,-215
20150321,-50,-246
20150322,28,-55
20150323,27,-81
20150324,32,-6
20150325,21,-103
20150326,-46,-260
20150327,-44,-180
20150328,-22,-127
20150329,-66,-217
20150330,-15,-101
20150331,13,-59
20150401,10,-115
20150402,4,-95
20150403,15,-172
20150404,6,-209
20150405,69,-119
20150406,63,-35
20150407,47,-49
20150408,39,-98
20150409,36,-150
20150410,85,-105
20150411,32,-60
20150412,42,-5
20150413,79,-43
20150414,62,6
20150415,46,-62
20150416,30,-18
20150417,35,-16
20150418,57,-11
20150419,111,-6
20150420,75,19
20150421,43,-19
20150422,79,-11
20150423,74,7
20150424,125,-16
20150425,80,-3
20150426,79,3
20150427,111,5
20150428,78,0
20150429,28,-23
20150430,43,-18
20150501,78,-34
20150502,60,0
20150503,4,-51
20150504,29,-48
20150505,57,-25
20150506,92,-47
20150507,140,17
20150508,189,-28
20150509,204,-16
20150510,197,26
20150511,185,48
20150512,70,-39
20150513,104,-39
20150514,119,36
20150515,98,-24
20150516,97,20
20150517,167,-18
20150518,215,-17
20150519,231,15
20150520,210,16
20150521,122,48
20150522,122,44
20150523,82,41
20150524,131,52
20150525,118,37
20150526,150,-21
20150527,191,-15
20150528,218,13
20150529,236,41
20150530,231,42
20150531,205,38
20150601,183,53
20150602,141,56
20150603,162,1
20150604,219,28
20150605,249,26
20150606,257,56
20150607,268,53
20150608,293,38
20150609,300,73
20150610,307,101
20150611,237,110
20150612,179,85
20150613,200,99
20150614,210,45
20150615,256,59
20150616,238,85
20150617,226,134
20150618,261,70
20150619,284,107
20150620,273,142
20150621,204,118
20150622,204,52
20150623,179,71
20150624,168,79
20150625,158,90
20150626,176,88
20150627,191,46
20150628,183,64
20150629,283,121
20150630,312,148
20150701,279,121
20150702,216,130
20150703,226,148
20150704,301,149
20150705,273,182
20150706,258,167
20150707,196,114
20150708,235,80
20150709,226,146
20150710,215,140
20150711,227,72
20150712,206,105
20150713,246,84
20150714,269,95
20150715,241,139
20150716,222,127
20150717,254,131
20150718,237,117
20150719,297,125
20150720,289,137
20150721,277,117
20150722,247,76
20150723,269,81
20150724,260,147
20150725,292,117
20150726,299,144
20150727,318,136
20150728,279,174
20150729,240,141
20150730,244,92
20150731,219,108
20150801,176,138
20150802,214,132
20150803,240,105
20150804,269,125
20150805,235,109
20150806,208,86
20150807,214,95
20150808,196,92
20150809,167,116
20150810,154,112
20150811,158,104
20150812,166,85
20150813,202,89
20150814,160,58
20150815,200,87
20150816,152,96
20150817,142,66
20150818,163,83
20150819,162,8
20150820,195,68
20150821,214,97
20150822,179,130
20150823,164,102
20150824,144,19
20150825,186,79
20150826,202,33
20150827,167,89
20150828,154,59
20150829,156,7
20150830,191,27
20150831,175,83
20150901,257,99
20150902,267,91
20150903,259,76
20150904,257,79
20150905,226,71
20150906,182,45
20150907,70,40
20150908,120,39
20150909,95,-10
20150910,92,-9
20150911,147,60
20150912,122,57
20150913,66,-32
20150914,66,-6
20150915,80,-1
20150916,30,-6
20150917,47,-8
20150918,25,-3
20150919,50,0
20150920,52,-21
20150921,75,-17
20150922,85,22
20150923,62,3
20150924,40,0
20150925,35,6
20150926,61,17
20150927,96,-53
20150928,94,-69
20150929,68,7
20150930,9,-56
20151001,-3,-78
20151002,-22,-52
20151003,-2,-40
20151004,13,-40
20151005,56,4
20151006,44,-10
20151007,0,-41
20151008,21,-2
20151009,33,11
20151010,35,12
20151011,42,10
20151012,59,23
20151013,23,-15
20151014,38,-21
20151015,1,-35
20151016,-35,-87
20151017,-66,-117
20151018,-66,-176
20151019,-67,-164
20151020,-69,-103
20151021,-76,-103
20151022,-91,-198
20151023,-55,-155
20151024,-45,-140
20151025,-24,-90
20151026,-42,-81
20151027,-27,-54
20151028,-29,-52
20151029,-20,-44
20151030,-2,-56
20151031,11,-24
20151101,-6,-72
20151102,-70,-148
20151103,-116,-186
20151104,-116,-188
20151105,-169,-265
20151106,-86,-187
20151107,-96,-184
20151108,-81,-137
20151109,-69,-98
20151110,-66,-93
20151111,-75,-117
20151112,-116,-152
20151113,-151,-241
20151114,-152,-244
20151115,-176,-254
20151116,-173,-248
20151117,-203,-270
20151118,-200,-248
20151119,-241,-298
20151120,-257,-310
20151121,-250,-299
20151122,-293,-358
20151123,-312,-371
20151124,-308,-355
20151125,-195,-318
20151126,-215,-269
20151127,-198,-255
20151128,-198,-272
20151129,-115,-198
20151130,-97,-119
20151201,-103,-141
20151202,-81,-139
20151203,-37,-139
20151204,-139,-213
20151205,-104,-164
20151206,-62,-104
20151207,-63,-83
20151208,-75,-153
20151209,-82,-218
20151210,-43,-86
20151211,-49,-106
20151212,-96,-134
20151213,-80,-98
20151214,-93,-222
20151215,-67,-210
20151216,-65,-138
20151217,-115,-254
20151218,-173,-230
20151219,-160,-244
20151220,-149,-234
20151221,-195,-246
20151222,-217,-332
20151223,-331,-392
20151224,-392,-420
20151225,-376,-423
20151226,-270,-376
20151227,-215,-315
20151228,-147,-215
20151229,-139,-213
20151230,-125,-227
20151231,-127,-160
20160101,-158,-241
20160102,-240,-348
20160103,-173,-305
20160104,-128,-185
20160105,-127,-266
20160106,-264,-326
20160107,-299,-351
20160108,-319,-372
20160109,-323,-368
20160110,-331,-373
20160111,-261,-353
20160112,-245,-297
20160113,-281,-316
20160114,-269,-322
20160115,-306,-369
20160116,-349,-404
20160117,-331,-397
20160118,-330,-380
20160119,-305,-366
20160120,-302,-354
20160121,-252,-339
20160122,-217,-269
20160123,-229,-270
20160124,-170,-239
20160125,-146,-277
20160126,-115,-151
20160127,-146,-327
20160128,-237,-320
20160129,-227,-276
20160130,-236,-316
20160131,-261,-353
20160201,-274,-364
20160202,-268,-342
20160203,-104,-269
20160204,-83,-117
20160205,-82,-206
20160206,-81,-160
20160207,-125,-209
20160208,-188,-276
20160209,-134,-242
20160210,-153,-227
20160211,-225,-359
20160212,-265,-379
20160213,-134,-285
20160214,-87,-135
20160215,-101,-223
20160216,-94,-153
20160217,-113,-211
20160218,-159,-286
20160219,-190,-309
20160220,-116,-197
20160221,-154,-321
20160222,-204,-353
20160223,-168,-326
20160224,-170,-333
20160225,-120,-252
20160226,-148,-300
20160227,-122,-299
20160228,-62,-177
20160229,-21,-67
20160301,-29,-93
20160302,-33,-123
20160303,-54,-132
20160304,-79,-218
20160305,-107,-283
20160306,-129,-206
20160307,-67,-272
20160308,-40,-140
20160309,-30,-161
20160310,-45,-171
20160311,-73,-186
20160312,-96,-232
20160313,-57,-108
20160314,-89,-153
20160315,-111,-176
20160316,-74,-184
20160317,-23,-193
20160318,27,-60
20160319,23,-45
20160320,44,-121
20160321,69,-110
20160322,50,-76
20160323,16,-39
20160324,0,-162
20160325,1,-188
20160326,-16,-69
20160327,4,-58
20160328,9,-162
20160329,14,-78
20160330,7,-187
20160331,15,-161
20160401,20,-55
20160402,96,-51
20160403,96,-32
20160404,111,-85
20160405,79,-73
20160406,-2,-177
20160407,13,-176
20160408,1,-127
20160409,56,-157
20160410,60,-126
20160411,60,-91
20160412,79,-89
20160413,100,-62
20160414,102,-27
20160415,74,-36
20160416,53,-33
20160417,75,-106
20160418,53,-19
20160419,60,-30
20160420,19,-54
20160421,68,-103
20160422,95,-73
20160423,87,-52
20160424,95,-54
20160425,72,-30
20160426,80,-6
20160427,116,-10
20160428,136,-21
20160429,106,-25
20160430,23,-44
20160501,46,-24
20160502,3,-62
20160503,3,-80
20160504,45,-24
20160505,60,-76
20160506,125,-63
20160507,74,-25
20160508,12,-91
20160509,13,-118
20160510,19,-64
20160511,75,-75
20160512,102,-62
20160513,100,-35
20160514,90,-9
20160515,40,-1
20160516,76,-54
20160517,88,-45
20160518,112,1
20160519,142,-32
20160520,184,19
20160521,199,36
20160522,235,53
20160523,192,38
20160524,81,2
20160525,81,-9
20160526,90,-10
20160527,105,-40
20160528,97,13
20160529,96,24
20160530,92,25
20160531,181,30
20160601,181,60
20160602,132,0
20160603,135,15
20160604,191,2
20160605,239,29
20160606,268,62
20160607,241,104
20160608,243,95
20160609,285,84
20160610,311,74
20160611,323,87
20160612,316,96
20160613,282,123
20160614,263,114
20160615,261,64
20160616,238,72
20160617,198,138
20160618,196,126
20160619,225,41
20160620,255,38
20160621,284,81
20160622,302,91
20160623,305,150
20160624,272,121
20160625,253,72
20160626,288,66
20160627,295,83
20160628,311,94
20160629,319,112
20160630,321,119
20160701,291,134
20160702,290,175
20160703,267,157
20160704,198,139
20160705,250,146
20160706,263,83
20160707,245,110
20160708,266,116
20160709,257,148
20160710,283,102
20160711,284,125
20160712,236,118
20160713,249,50
20160714,257,63
20160715,268,94
20160716,232,111
20160717,255,67
20160718,224,75
20160719,266,59
20160720,261,110
20160721,251,110
20160722,298,97
20160723,281,101
20160724,260,103
20160725,246,103
20160726,271,158
20160727,252,157
20160728,230,153
20160729,203,118
20160730,257,88
20160731,232,145
20160801,186,50
20160802,215,60
20160803,240,35
20160804,220,129
20160805,204,134
20160806,299,130
20160807,278,162
20160808,256,155
20160809,176,149
20160810,154,121
20160811,231,100
20160812,237,60
20160813,192,137
20160814,238,86
20160815,260,81
20160816,273,76
20160817,222,139
20160818,173,52
20160819,160,85
20160820,128,84
20160821,159,63
20160822,150,75
20160823,153,92
20160824,155,70
20160825,190,56
20160826,163,85
20160827,87,34
20160828,174,80
20160829,183,75
20160830,242,74
20160831,217,121
20160901,165,83
20160902,133,68
20160903,139,65
20160904,150,29
20160905,174,10
20160906,173,-11
20160907,183,-5
20160908,206,1
20160909,224,22
20160910,209,12
20160911,202,10
20160912,201,-3
20160913,196,22
20160914,204,-13
20160915,202,-2
20160916,195,-1
20160917,203,4
20160918,168,8
20160919,134,3
20160920,145,-7
20160921,129,-45
20160922,141,-34
20160923,103,20
20160924,105,-41
20160925,120,-61
20160926,111,-46
20160927,101,-26
20160928,75,3
20160929,34,-36
20160930,2,-42
20161001,5,-45
20161002,20,-124
20161003,21,-79
20161004,44,-12
20161005,27,-13
20161006,50,-22
20161007,45,-34
20161008,-7,-108
20161009,-18,-130
20161010,15,-127
20161011,8,-126
20161012,8,-73
20161013,-5,-60
20161014,-50,-94
20161015,-20,-115
20161016,-56,-184
20161017,-50,-139
20161018,-55,-120
20161019,-41,-89
20161020,-50,-80
20161021,-52,-88
20161022,-48,-109
20161023,-66,-170
20161024,-68,-81
20161025,-79,-155
20161026,-110,-210
20161027,-117,-234
20161028,-159,-273
20161029,-197,-297
20161030,-180,-285
20161031,-99,-211
20161101,-157,-259
20161102,-190,-287
20161103,-130,-190
20161104,-152,-250
20161105,-185,-243
20161106,-202,-265
20161107,-228,-305
20161108,-150,-251
20161109,-146,-173
20161110,-171,-258
20161111,-220,-280
20161112,-201,-256
20161113,-206,-286
20161114,-284,-350
20161115,-281,-380
20161116,-252,-304
20161117,-259,-329
20161118,-230,-288
20161119,-123,-234
20161120,-130,-215
20161121,-200,-271
20161122,-195,-267
20161123,-146,-200
20161124,-147,-170
20161125,-164,-217
20161126,-213,-283
20161127,-94,-213
20161128,-151,-218
20161129,-120,-169
20161130,-112,-250
20161201,-125,-231
20161202,-230,-363
20161203,-249,-359
20161204,-242,-295
20161205,-218,-310
20161206,-210,-242
20161207,-241,-300
20161208,-252,-303
20161209,-265,-306
20161210,-177,-265
20161211,-126,-299
20161212,-254,-331
20161213,-145,-259
20161214,-137,-210
20161215,-120,-218
20161216,-164,-292
20161217,-291,-331
20161218,-259,-342
20161219,-326,-371
20161220,-295,-369
20161221,-251,-295
20161222,-195,-265
20161223,-265,-382
20161224,-319,-377
20161225,-218,-330
20161226,-197,-265
20161227,-208,-305
20161228,-152,-212
20161229,-107,-152
20161230,-106,-150
20161231,-149,-227
20170101,-156,-218
20170102,-170,-223
20170103,-113,-254
20170104,-250,-370
20170105,-228,-255
20170106,-201,-267
20170107,-197,-331
20170108,-325,-412
20170109,-398,-441
20170110,-390,-431
20170111,-365,-406
20170112,-271,-390
20170113,-228,-271
20170114,-253,-360
20170115,-293,-355
20170116,-343,-389
20170117,-351,-406
20170118,-239,-352
20170119,-253,-360
20170120,-333,-385
20170121,-255,-346
20170122,-200,-261
20170123,-123,-240
20170124,-70,-131
20170125,-116,-206
20170126,-190,-264
20170127,-264,-367
20170128,-215,-360
20170129,-163,-280
20170130,-163,-211
20170131,-195,-294
20170201,-106,-205
20170202,-100,-146
20170203,-141,-203
20170204,-197,-300
20170205,-183,-275
20170206,-205,-318
20170207,-275,-364
20170208,-153,-275
20170209,-161,-266
20170210,-134,-244
20170211,-134,-232
20170212,-203,-329
20170213,-228,-356
20170214,-186,-262
20170215,-150,-211
20170216,-154,-263
20170217,-140,-225
20170218,-129,-246
20170219,-95,-150
20170220,-107,-204
20170221,-133,-249
20170222,-91,-218
20170223,-12,-105
20170224,0,-32
20170225,-21,-135
20170226,-133,-335
20170227,-163,-320
20170228,-182,-303
20170301,-72,-210
20170302,-78,-219
20170303,-72,-188
20170304,-70,-200
20170305,-11,-72
20170306,-2,-23
20170307,21,-127
20170308,-11,-132
20170309,-58,-194
20170310,-40,-222
20170311,-49,-92
20170312,-21,-110
20170313,-28,-58
20170314,-14,-124
20170315,-26,-104
20170316,-66,-208
20170317,-15,-92
20170318,3,-159
20170319,25,-83
20170320,39,-111
20170321,45,-141
20170322,50,-151
20170323,57,-158
20170324,74,-97
20170325,75,-124
20170326,31,-72
20170327,78,-79
20170328,8,-113
20170329,63,-13
20170330,69,30
20170331,61,-26
20170401,23,-8
20170402,21,-64
20170403,-26,-142
20170404,-16,-123
20170405,1,-76
20170406,-25,-136
20170407,0,-130
20170408,0,-133
20170409,-40,-139
20170410,3,-180
20170411,13,-55
20170412,12,-8
20170413,28,-16
20170414,8,-131
20170415,-5,-131
20170416,23,-40
20170417,72,-90
20170418,44,-3
20170419,27,-55
20170420,12,-63
20170421,-6,-93
20170422,29,-128
20170423,78,-107
20170424,132,-56
20170425,140,-24
20170426,134,-30
20170427,134,27
20170428,74,22
20170429,65,-43
20170430,53,-7
20170501,-5,-77
20170502,26,-129
20170503,51,-74
20170504,46,-24
20170505,34,-43
20170506,79,-10
20170507,45,1
20170508,96,10
20170509,63,3
20170510,80,-22
20170511,93,-48
20170512,165,42
20170513,144,43
20170514,143,44
20170515,143,-17
20170516,112,-13
20170517,47,-38
20170518,26,-48
20170519,90,-62
20170520,77,-3
20170521,75,-42
20170522,114,-50
20170523,198,28
20170524,158,28
20170525,112,40
20170526,75,4
20170527,96,-16
20170528,131,-13
20170529,185,-8
20170530,221,65
20170531,281,58
20170601,238,76
20170602,160,45
20170603,130,35
20170604,202,45
20170605,235,144
20170606,212,98
20170607,213,21
20170608,202,95
20170609,216,109
20170610,251,51
20170611,227,110
20170612,183,102
20170613,211,59
20170614,241,56
20170615,270,72
20170616,299,89
20170617,267,149
20170618,231,61
20170619,305,68
20170620,324,104
20170621,323,131
20170622,310,161
20170623,245,121
20170624,258,128
20170625,215,134
20170626,287,115
20170627,262,136
20170628,277,120
20170629,273,171
20170630,260,119
20170701,280,144
20170702,301,170
20170703,260,146
20170704,221,64
20170705,248,67
20170706,243,140
20170707,186,132
20170708,196,68
20170709,179,109
20170710,183,102
20170711,196,70
20170712,211,98
20170713,250,95
20170714,278,120
20170715,196,144
20170716,199,130
20170717,191,126
20170718,209,72
20170719,247,118
20170720,270,84
20170721,243,155
20170722,255,61
20170723,294,59
20170724,298,91
20170725,317,122
20170726,304,109
20170727,294,121
20170728,263,163
20170729,209,162
20170730,222,164
20170731,247,148
20170801,252,94
20170802,298,92
20170803,293,100
20170804,305,111
20170805,326,138
20170806,297,137
20170807,279,150
20170808,256,160
20170809,192,124
20170810,186,137
20170811,204,125
20170812,261,85
20170813,245,142
20170814,157,121
20170815,167,87
20170816,170,74
20170817,211,24
20170818,233,110
20170819,228,94
20170820,190,111
20170821,162,32
20170822,138,16
20170823,121,68
20170824,100,9
20170825,111,19
20170826,96,28
20170827,111,1
20170828,106,56
20170829,199,90
20170830,180,51
20170831,158,90
20170901,112,82
20170902,140,73
20170903,147,65
20170904,134,78
20170905,90,63
20170906,99,47
20170907,80,26
20170908,84,33
20170909,82,12
20170910,58,-2
20170911,97,3
20170912,92,54
20170913,127,63
20170914,117,16
20170915,50,17
20170916,56,3
20170917,56,-21
20170918,30,-16
20170919,41,12
20170920,120,12
20170921,74,-21
20170922,62,11
20170923,69,21
20170924,81,13
20170925,40,-61
20170926,37,-16
20170927,60,-38
20170928,35,-17
20170929,24,-7
20170930,20,-18
20171001,20,-11
20171002,24,-16
20171003,30,-18
20171004,31,9
20171005,32,-10
20171006,44,-17
20171007,20,-47
20171008,11,-27
20171009,34,-8
20171010,10,-26
20171011,15,-7
20171012,30,-7
20171013,-7,-39
20171014,-18,-51
20171015,-12,-49
20171016,-7,-34
20171017,-8,-57
20171018,-57,-159
20171019,-34,-150
20171020,-37,-170
20171021,-23,-101
20171022,8,-35
20171023,6,-28
20171024,-14,-42
20171025,-42,-149
20171026,-46,-91
20171027,6,-62
20171028,-12,-34
20171029,-18,-56
20171030,-21,-77
20171031,-76,-143
20171101,-109,-230
20171102,-128,-246
20171103,-59,-130
20171104,-22,-68
20171105,-24,-59
20171106,-32,-74
20171107,-40,-78
20171108,-65,-96
20171109,-40,-91
20171110,-10,-40
20171111,-10,-165
20171112,-165,-265
20171113,-198,-238
20171114,-216,-295
20171115,-286,-359
20171116,-300,-382
20171117,-228,-300
20171118,-208,-260
20171119,-142,-208
20171120,-104,-203
20171121,-203,-292
20171122,-286,-346
20171123,-315,-381
20171124,-256,-330
20171125,-208,-310
20171126,-210,-325
20171127,-254,-386
20171128,-346,-420
20171129,-246,-346
20171130,-158,-248
20171201,-189,-284
20171202,-220,-306
20171203,-186,-250
20171204,-118,-199
20171205,-82,-118
20171206,-53,-99
20171207,-31,-71
20171208,-30,-113
20171209,-113,-276
20171210,-260,-302
20171211,-298,-322
20171212,-250,-306
20171213,-257,-337
20171214,-312,-389
20171215,-180,-312
20171216,-179,-243
20171217,-169,-267
20171218,-155,-249
20171219,-84,-155
20171220,-95,-143
20171221,-143,-237
20171222,-225,-275
20171223,-228,-272
20171224,-220,-325
20171225,-266,-341
20171226,-203,-266
20171227,-169,-211
20171228,-211,-273
20171229,-211,-292
20171230,-221,-275
20171231,-225,-299
20180101,-298,-352
20180102,-180,-322
20180103,-174,-216
20180104,-100,-194
20180105,-98,-162
20180106,-134,-160
20180107,-153,-190
20180108,-184,-313
20180109,-273,-309
20180110,-259,-313
20180111,-243,-313
20180112,-162,-243
20180113,-182,-258
20180114,-185,-234
20180115,-234,-328
20180116,-309,-425
20180117,-332,-434
20180118,-313,-369
20180119,-362,-456
20180120,-447,-505
20180121,-386,-485
20180122,-328,-401
20180123,-330,-396
20180124,-352,-423
20180125,-245,-370
20180126,-275,-341
20180127,-267,-329
20180128,-173,-276
20180129,-179,-241
20180130,-189,-231
20180131,-210,-272
20180201,-235,-318
20180202,-235,-314
20180203,-259,-340
20180204,-230,-290
20180205,-249,-338
20180206,-140,-268
20180207,-140,-191
20180208,-119,-204
20180209,-154,-234
20180210,-178,-258
20180211,-154,-227
20180212,-152,-266
20180213,-130,-265
20180214,-141,-249
20180215,-185,-316
20180216,-210,-305
20180217,-204,-313
20180218,-160,-270
20180219,-182,-279
20180220,-151,-253
20180221,-165,-266
20180222,-200,-340
20180223,-166,-319
20180224,-171,-296
20180225,-173,-254
20180226,-186,-310
20180227,-199,-344
20180228,-219,-341
20180301,-206,-358
20180302,-174,-335
20180303,-177,-348
20180304,-167,-302
20180305,-146,-290
20180306,-127,-290
20180307,-59,-205
20180308,-25,-105
20180309,-67,-245
20180310,-106,-307
20180311,-119,-274
20180312,-101,-307
20180313,-126,-320
20180314,-94,-251
20180315,-61,-182
20180316,-64,-142
20180317,-58,-148
20180318,3,-135
20180319,69,-79
20180320,63,-97
20180321,2,-144
20180322,-40,-168
20180323,-46,-155
20180324,-14,-60
20180325,-14,-63
20180326,-36,-183
20180327,-10,-215
20180328,-41,-72
20180329,-64,-183
20180330,48,-105
20180331,28,-120
20180401,-58,-148
20180402,-47,-235
20180403,-24,-193
20180404,-41,-146
20180405,-10,-151
20180406,33,-36
20180407,35,-95
20180408,-1,-101
20180409,25,-190
20180410,27,-138
20180411,54,-63
20180412,53,-26
20180413,47,-4
20180414,56,-4
20180415,20,-105
20180416,16,-35
20180417,42,-34
20180418,-2,-74
20180419,-24,-154
20180420,25,-155
20180421,38,-38
20180422,119,25
20180423,122,-40
20180424,52,-92
20180425,52,-90
20180426,72,0
20180427,67,19
20180428,63,-13
20180429,117,-24
20180430,133,-46
20180501,129,18
20180502,55,1
20180503,49,-66
20180504,9,-82
20180505,40,-123
20180506,28,-12
20180507,0,-110
20180508,5,-110
20180509,33,-105
20180510,52,-78
20180511,96,-79
20180512,100,-50
20180513,94,10
20180514,79,-20
20180515,100,-29
20180516,90,18
20180517,75,-5
20180518,66,-22
20180519,54,-43
20180520,113,7
20180521,143,-25
20180522,129,40
20180523,98,36
20180524,82,43
20180525,148,-35
20180526,157,-13
20180527,89,-18
20180528,91,-26
20180529,92,-2
20180530,178,41
20180531,244,12
20180601,130,42
20180602,172,14
20180603,280,53
20180604,250,111
20180605,184,70
20180606,186,78
20180607,255,62
20180608,237,94
20180609,232,95
20180610,245,80
20180611,290,105
20180612,262,133
20180613,267,110
20180614,298,125
20180615,268,99
20180616,280,90
20180617,285,89
20180618,291,102
20180619,310,101
20180620,326,116
20180621,245,128
20180622,230,111
20180623,237,121
20180624,315,114
20180625,338,140
20180626,328,150
20180627,315,142
20180628,305,126
20180629,282,169
20180630,320,131
20180701,313,124
20180702,315,131
20180703,310,145
20180704,262,112
20180705,140,81
20180706,158,42
20180707,178,62
20180708,236,59
20180709,259,50
20180710,296,70
20180711,272,140
20180712,282,112
20180713,280,93
20180714,236,111
20180715,228,41
20180716,244,50
20180717,248,56
20180718,278,78
20180719,248,88
20180720,215,136
20180721,184,64
20180722,175,-21
20180723,221,40
20180724,216,123
20180725,163,93
20180726,190,102
20180727,200,93
20180728,235,75
20180729,243,90
20180730,213,65
20180731,161,52
20180801,169,91
20180802,143,77
20180803,129,24
20180804,189,3
20180805,223,55
20180806,166,48
20180807,158,82
20180808,188,29
20180809,223,63
20180810,260,89
20180811,293,140
20180812,248,142
20180813,200,128
20180814,197,90
20180815,220,44
20180816,263,70
20180817,270,100
20180818,261,115
20180819,245,110
20180820,191,111
20180821,161,74
20180822,196,60
20180823,163,108
20180824,132,105
20180825,182,117
20180826,182,102
20180827,220,91
20180828,220,116
20180829,188,92
20180830,162,87
20180831,163,109
20180901,131,94
20180902,114,75
20180903,140,58
20180904,176,59
20180905,145,15
20180906,135,56
20180907,149,-10
20180908,122,60
20180909,125,21
20180910,149,-4
20180911,158,73
20180912,84,6
20180913,60,-20
20180914,53,12
20180915,41,-3
20180916,70,22
20180917,68,19
20180918,77,20
20180919,130,2
20180920,92,35
20180921,126,24
20180922,148,-17
20180923,148,-16
20180924,140,-12
20180925,102,61
20180926,85,55
20180927,89,45
20180928,84,45
20180929,113,-22
20180930,82,37
20181001,73,51
20181002,70,32
20181003,65,20
20181004,48,-60
20181005,39,1
20181006,94,33
20181007,55,14
20181008,106,-20
20181009,76,27
20181010,70,19
20181011,68,17
20181012,43,-4
20181013,76,-46
20181014,105,-26
20181015,49,-9
20181016,46,-25
20181017,-12,-86
20181018,5,-40
20181019,8,-54
20181020,9,-38
20181021,9,-19
20181022,2,-14
20181023,6,-16
20181024,-7,-54
20181025,-8,-49
20181026,16,-13
20181027,38,-8
20181028,62,-68
20181029,54,-69
20181030,23,-25
20181031,0,-20
20181101,-16,-114
20181102,-84,-141
20181103,-74,-136
20181104,-73,-125
20181105,-118,-195
20181106,-194,-297
20181107,-178,-268
20181108,-114,-226
20181109,-17,-137
20181110,-57,-280
20181111,-266,-370
20181112,-246,-401
20181113,-196,-247
20181114,-203,-319
20181115,-86,-203
20181116,-86,-218
20181117,-214,-305
20181118,-212,-271
20181119,-170,-214
20181120,-206,-283
20181121,-142,-240
20181122,-110,-180
20181123,-105,-148
20181124,-96,-189
20181125,-153,-282
20181126,-168,-290
20181127,-290,-382
20181128,-375,-435
20181129,-337,-391
20181130,-259,-381
20181201,-253,-313
20181202,-313,-413
20181203,-353,-412
20181204,-382,-440
20181205,-400,-445
20181206,-402,-428
20181207,-301,-415
20181208,-281,-334
20181209,-272,-367
20181210,-182,-272
20181211,-173,-273
20181212,-199,-280
20181213,-160,-205
20181214,-128,-203
20181215,-99,-201
20181216,-99,-279
20181217,-197,-314
20181218,-52,-203
20181219,-52,-127
20181220,-127,-365
20181221,-336,-385
20181222,-350,-433
20181223,-433,-500
20181224,-352,-465
20181225,-308,-362
20181226,-304,-376
20181227,-188,-326
20181228,-237,-378
20181229,-373,-415
20181230,-378,-411
20181231,-363,-403
